---
Wind at BL Top Direction [deg] Valid 1300 NZST ~Z75~(0100Z)~Z~ MON 5 Jan 2026 ~Z75~[49hrFcst@2110z]~Z~
Model= RASP Region= NZ Grid= d2 Reskm= 2.0 Indexs= 1 69 1 69 Proj= lambert 2000 2000 -35.0000 -42.0000 176.0000 -37.7968 175.7263
Day= 2026 1 5 MON ValidLST= 1300 NZST ValidZ= 100 Fcst= 49.0 Init= 46 Param= bltopwind Direction Unit= m/sec Mult= 1 Min= 0 Max= 360
248 249 241 228 229 248 251 269 267 264 273 280 273 274 271 268 266 271 267 260 252 254 253 254 247 263 272 270 271 274 280 282 281 270 261 256 249 249 248 248 257 248 279 284 277 268 262 263 262 254 254 280 286 294 300 307 324 299 331 338 292 280 276 272 270 273 285 297 304
285 281 238 221 209 205 121 229 256 258 275 281 280 281 279 274 272 276 273 266 253 255 250 243 214 224 229 268 274 277 282 283 278 265 261 256 252 251 248 240 228 219 264 274 268 260 258 263 272 284 322 341 328 320 317 335 6 348 335 331 275 291 285 259 257 255 263 270 280
288 285 281 260 244 166 112 197 247 246 245 247 266 282 282 277 274 274 276 275 265 256 247 233 216 238 252 263 275 277 278 274 263 260 260 258 261 248 240 229 222 229 264 271 270 255 248 256 279 312 336 346 336 324 320 336 3 7 336 282 333 353 351 335 267 240 242 243 244
294 292 290 290 279 234 132 188 227 247 267 278 267 286 284 277 271 273 279 273 263 257 246 233 220 239 259 254 235 240 243 244 249 253 272 273 254 243 234 220 215 230 261 273 270 254 238 247 282 320 342 338 314 294 298 319 355 10 335 330 9 9 7 356 333 229 233 236 240
308 304 301 313 308 300 87 162 261 324 255 271 272 300 288 277 274 293 284 264 258 254 246 234 218 237 260 262 229 231 234 236 235 260 278 270 254 236 226 217 208 241 233 271 279 256 227 239 287 329 349 319 311 286 292 308 348 13 286 17 18 11 10 3 211 218 232 235 242
315 312 312 321 317 320 7 44 229 253 267 245 246 324 284 270 298 250 310 254 247 244 235 237 229 259 248 237 232 230 226 227 241 259 250 243 234 228 223 211 218 242 222 229 224 216 217 235 284 328 299 310 300 299 323 317 346 334 17 23 14 20 20 9 330 243 229 236 245
310 308 310 319 324 358 344 30 282 255 245 308 273 324 269 275 291 302 270 247 240 237 239 240 237 246 245 238 242 233 220 227 273 260 252 241 225 217 214 211 232 230 228 233 213 201 210 233 290 320 319 3 9 2 354 348 297 269 39 28 353 16 11 350 316 320 240 247 254
309 309 320 317 325 7 354 347 268 263 287 303 288 247 278 270 270 258 250 242 240 239 237 240 250 251 251 255 252 247 227 236 256 257 246 230 215 209 209 215 222 227 234 230 214 196 204 225 267 308 335 19 26 12 333 331 296 255 28 40 15 309 332 357 355 344 248 243 259
316 329 322 318 340 343 325 297 307 293 284 262 249 250 251 254 255 252 250 242 242 242 240 245 252 252 254 262 258 256 236 247 255 250 237 222 211 205 202 209 218 230 234 213 202 197 197 207 228 280 337 16 23 307 272 253 260 255 347 356 10 323 335 2 354 327 241 245 267
338 333 324 345 311 300 296 290 283 278 277 276 286 281 271 263 257 254 254 246 243 243 240 247 249 252 256 265 265 265 256 245 254 245 248 239 223 211 206 209 224 231 227 209 204 205 211 214 204 254 274 12 32 342 274 358 10 4 285 64 37 13 341 339 328 301 261 245 272
309 300 312 348 313 306 296 104 132 287 325 302 298 279 276 272 265 257 254 251 247 244 241 242 243 252 259 267 274 282 274 281 285 268 264 257 239 232 231 231 233 235 229 218 222 229 232 254 263 144 119 296 272 274 295 1 284 273 261 307 328 317 339 357 11 320 244 240 276
251 249 252 66 109 117 100 21 327 326 296 267 249 247 266 274 269 261 255 252 251 248 244 241 243 252 262 272 280 285 288 295 282 281 274 256 236 251 251 249 249 244 234 228 231 239 244 247 261 238 146 186 282 279 32 19 265 262 253 270 281 280 317 21 3 331 284 237 273
234 239 246 210 133 103 102 97 80 283 271 246 282 330 320 282 271 262 255 253 252 251 247 243 246 255 266 260 278 288 284 287 291 295 284 239 250 280 262 262 259 241 232 230 239 246 248 251 246 240 225 204 170 270 33 32 5 276 258 253 257 261 271 349 328 316 266 240 258
262 270 271 220 157 104 108 112 265 280 249 245 306 306 288 318 271 260 254 251 251 250 248 245 249 261 272 279 288 297 290 305 310 307 265 267 279 273 255 259 262 240 233 234 245 246 245 248 239 247 223 199 193 266 17 29 360 303 311 291 270 311 306 320 271 253 235 231 248
276 281 279 267 231 172 155 189 282 277 252 255 292 254 263 330 263 258 253 250 248 249 248 247 253 264 276 280 296 297 308 315 319 305 287 287 288 263 255 264 244 240 242 254 253 248 246 246 237 244 206 280 189 229 303 9 309 317 331 292 264 256 255 276 292 264 245 235 244
277 287 288 278 253 267 269 272 268 261 275 249 316 256 317 273 260 259 256 251 248 249 251 253 257 264 274 283 300 308 321 328 317 298 292 290 282 273 269 263 260 250 245 248 251 252 248 244 237 222 215 212 202 225 23 27 3 354 352 343 290 276 268 332 349 275 256 242 243
283 293 298 294 303 312 326 308 280 264 281 324 340 335 323 258 260 259 257 253 252 253 255 257 262 269 276 287 307 324 331 316 295 289 289 287 284 284 280 270 262 255 250 248 249 249 247 243 237 237 216 215 232 255 22 29 32 27 23 13 295 295 287 274 332 286 261 247 245
291 300 304 308 322 326 339 331 287 259 292 313 330 313 285 260 260 259 258 257 257 256 256 259 266 273 282 290 316 335 329 299 278 277 284 290 292 301 289 273 263 256 251 250 249 247 246 244 240 227 217 219 265 254 314 21 21 23 22 17 359 300 287 294 290 286 268 255 250
295 302 305 314 322 323 338 313 284 49 9 276 314 307 274 267 267 266 263 261 259 256 256 261 267 276 285 292 320 338 300 264 284 304 305 296 308 306 287 272 263 257 253 252 250 247 246 244 242 238 223 221 269 232 280 19 14 13 13 13 5 327 291 292 312 287 273 267 263
298 302 309 318 319 326 325 331 269 102 213 231 339 305 282 285 284 277 270 264 259 256 257 262 269 277 284 286 298 298 282 307 288 294 321 295 298 284 279 271 265 259 256 252 250 249 247 244 242 236 230 224 241 234 279 23 14 5 0 0 358 337 304 299 312 292 280 274 271
304 308 317 316 315 327 329 330 277 180 202 344 321 308 320 323 307 284 270 264 258 256 257 262 269 276 279 282 266 278 271 287 305 296 283 269 265 272 278 277 271 264 257 253 254 252 249 247 244 239 239 230 228 215 262 13 22 6 345 347 352 348 301 303 338 324 307 293 275
319 319 319 316 321 330 296 298 297 261 271 299 298 302 326 339 334 283 267 262 261 256 255 261 270 277 281 283 260 256 241 250 256 255 258 263 265 284 287 283 273 264 258 257 257 254 251 250 245 243 239 236 236 219 235 343 3 19 302 319 328 340 327 326 324 308 303 281 279
325 327 335 324 314 304 305 291 291 319 328 295 298 306 338 350 296 263 257 261 263 259 256 259 271 281 286 286 281 275 265 259 261 262 264 267 265 277 279 281 273 264 259 259 256 253 251 250 244 261 235 250 281 252 233 291 57 44 335 341 345 330 292 284 297 291 286 285 284
340 339 327 315 306 359 301 299 290 320 319 299 301 311 325 306 331 262 253 258 264 262 260 264 275 283 284 284 283 286 285 290 289 287 281 277 270 269 274 258 265 260 259 258 254 251 250 248 245 247 251 273 290 252 239 227 13 65 51 27 4 348 296 282 291 286 290 297 294
340 327 342 314 302 323 293 292 279 308 265 297 286 315 328 327 274 261 259 260 265 266 266 270 280 285 286 287 291 296 301 305 303 301 292 278 280 273 261 258 258 261 261 258 252 252 251 252 244 267 257 257 261 235 229 226 258 65 83 54 22 359 334 273 288 289 294 298 296
335 334 283 268 284 287 246 257 269 210 234 284 300 335 310 289 272 265 262 264 268 270 270 274 281 287 291 295 300 305 309 307 308 301 271 275 281 279 274 273 274 273 265 258 253 253 256 255 270 266 249 236 231 226 223 216 208 269 47 21 14 2 341 279 291 291 297 300 300
98 134 180 189 201 186 188 187 170 175 233 338 355 342 306 291 285 281 277 275 273 274 275 280 289 295 299 303 307 309 309 308 307 285 279 268 275 281 283 284 286 282 274 264 254 257 251 276 264 254 245 236 236 233 226 225 227 228 283 326 342 338 316 293 296 294 298 301 304
153 162 160 177 178 175 161 152 151 346 335 351 20 356 321 306 299 295 296 294 288 284 282 288 295 298 301 305 309 309 310 311 303 293 287 281 284 292 290 292 297 290 279 266 260 259 254 281 275 254 247 243 244 235 232 230 234 231 260 323 324 307 303 296 298 297 298 300 305
194 204 196 148 130 126 106 79 65 22 11 13 15 14 276 306 303 302 308 308 303 296 292 291 293 297 301 306 310 310 311 305 281 273 295 298 290 281 277 288 286 281 276 266 271 270 273 259 259 256 253 248 243 238 239 239 240 245 233 304 325 307 303 298 297 302 303 304 308
255 251 248 237 126 40 30 23 23 23 10 10 16 301 285 305 304 309 316 317 312 305 299 295 296 300 304 309 310 317 312 294 280 285 273 281 245 285 301 282 265 265 269 265 270 281 281 268 264 262 257 252 249 246 249 247 247 248 244 285 301 302 305 300 303 307 307 308 312
265 263 269 279 289 336 347 358 4 14 10 3 8 349 339 324 314 315 318 318 314 308 302 298 301 304 308 309 309 309 271 267 277 286 281 271 302 309 291 278 262 265 264 262 272 276 270 271 266 265 262 257 252 253 260 252 252 255 252 269 293 301 303 301 306 309 310 313 318
285 287 289 297 297 310 335 345 358 5 4 360 334 309 321 339 324 315 311 305 298 305 298 296 299 301 308 310 306 275 335 311 262 270 299 302 275 267 265 283 269 261 258 256 254 263 29 359 301 265 258 257 260 263 262 261 252 251 254 278 292 299 300 302 305 314 315 319 321
290 292 294 296 300 308 321 337 353 358 0 6 340 313 297 301 332 315 305 300 306 311 290 289 289 287 303 307 285 310 312 308 258 264 288 259 270 263 260 258 265 264 257 250 241 265 290 27 354 307 289 266 259 263 264 268 266 250 261 276 292 296 297 304 311 316 318 325 329
286 291 292 294 299 305 315 328 344 353 354 359 351 313 292 300 282 307 297 295 307 295 286 286 283 278 271 265 262 266 297 293 269 264 267 286 272 272 262 268 273 268 261 252 242 250 261 291 298 308 311 286 268 267 269 275 270 262 273 277 290 294 298 309 313 316 317 326 327
283 292 293 295 302 305 316 324 339 347 353 5 356 356 322 304 306 237 276 282 280 282 287 289 287 285 270 280 280 274 275 272 267 275 272 265 264 265 264 284 283 268 259 253 238 257 323 311 312 308 321 303 279 272 270 276 275 271 273 284 288 297 303 311 317 321 320 323 333
286 293 294 298 303 309 314 329 338 344 355 360 352 341 298 292 303 321 262 269 263 291 275 292 291 290 283 292 294 304 265 258 273 261 268 267 272 265 269 274 275 269 259 252 241 299 326 316 311 304 328 314 281 276 272 278 283 280 283 286 293 304 306 319 321 323 327 341 341
296 300 303 312 313 317 327 339 344 356 356 357 5 329 296 306 312 297 278 271 290 340 316 296 291 286 282 288 301 289 274 271 269 285 265 267 267 274 279 282 276 275 262 256 269 288 305 311 317 316 326 318 281 286 283 289 291 287 290 293 297 311 314 322 325 331 337 347 347
308 313 312 313 323 329 345 349 1 1 6 347 321 284 267 294 301 293 286 286 313 340 297 296 298 282 282 288 285 286 286 283 269 288 301 284 275 294 292 285 276 276 263 289 312 302 311 319 325 316 324 318 292 313 302 300 303 297 297 298 304 314 317 341 344 346 347 348 348
317 320 320 329 332 340 355 359 8 14 6 344 308 302 316 297 289 281 288 293 101 258 253 286 304 284 288 284 298 295 307 289 278 277 305 314 281 275 278 281 282 274 295 278 298 308 313 321 326 316 322 321 290 327 317 312 317 302 303 306 314 337 340 342 345 346 347 348 349
314 316 320 334 338 353 356 7 13 20 341 318 298 293 308 295 282 276 276 295 298 299 321 324 274 290 288 278 281 285 273 279 281 275 290 298 283 273 271 280 279 342 330 285 296 316 320 323 326 319 322 323 314 343 339 335 333 312 315 317 336 338 341 345 347 347 347 348 348
309 314 321 337 345 359 1 10 13 12 310 293 289 295 302 287 311 288 302 320 291 304 315 322 331 293 278 271 270 300 291 287 276 269 273 274 273 272 274 275 304 1 355 337 303 324 332 336 337 324 330 330 318 340 313 328 320 320 335 337 338 342 345 346 347 348 347 347 347
302 310 320 337 350 359 7 11 30 346 349 266 304 299 295 278 281 304 315 312 265 293 316 338 309 266 264 264 268 283 298 315 265 267 276 280 285 270 270 279 289 8 356 316 320 338 341 344 340 331 344 336 329 330 326 325 337 337 337 338 340 343 345 347 348 349 348 346 346
304 311 320 336 352 359 10 7 8 16 323 331 303 290 280 277 282 301 313 300 271 280 302 321 300 269 270 271 273 282 298 295 275 273 278 285 297 291 270 270 313 345 352 328 337 346 346 353 348 347 344 345 344 343 329 339 339 338 339 340 341 343 346 347 348 349 350 347 344
309 313 326 336 356 359 8 356 345 336 322 303 294 300 284 271 270 286 288 286 278 284 307 312 294 284 279 277 275 285 307 311 293 279 281 282 283 274 270 269 295 309 329 342 346 358 357 353 349 347 346 345 344 342 341 340 341 341 340 340 341 343 345 347 349 349 350 346 345
309 316 331 341 353 2 360 351 348 337 322 296 302 318 293 273 274 280 283 286 289 304 318 310 295 283 290 316 285 294 306 316 294 290 295 295 266 268 273 262 317 347 347 344 349 359 359 354 348 348 346 346 344 342 341 341 342 342 341 341 341 342 345 347 349 349 349 346 346
316 331 337 356 358 3 354 356 341 333 321 298 299 304 300 291 288 289 289 289 303 314 328 313 285 299 160 271 320 248 259 328 285 270 283 291 280 276 280 261 347 1 354 346 358 360 0 355 343 344 343 347 345 342 341 341 342 342 342 341 341 342 343 346 348 348 348 347 346
330 336 353 358 4 358 355 349 339 333 324 309 304 301 301 294 288 295 295 296 311 316 322 286 342 121 188 342 306 295 311 306 272 273 277 277 291 285 248 323 5 2 357 351 359 0 0 354 346 346 350 348 345 342 340 340 342 342 342 341 342 343 344 346 347 348 348 347 346
334 345 355 3 3 357 357 333 342 333 321 309 297 289 279 281 286 291 296 304 312 308 302 268 265 281 298 293 274 277 276 275 277 282 286 268 279 255 18 25 16 8 0 0 360 360 359 351 352 351 350 348 345 342 340 340 341 341 341 341 341 343 345 346 347 348 348 347 346
334 348 356 9 360 4 328 346 333 320 306 296 291 287 280 284 290 290 287 301 309 288 279 275 268 276 297 307 290 281 280 278 287 281 277 257 297 68 86 76 62 36 12 5 0 359 357 345 350 349 349 348 345 341 339 339 340 341 340 340 340 342 344 346 347 348 348 347 345
338 350 358 5 359 4 352 335 316 304 304 301 299 296 289 304 298 288 288 306 307 282 280 289 280 277 293 312 305 288 278 276 289 289 274 266 273 332 62 109 132 90 27 16 5 0 356 349 349 348 348 347 344 340 339 338 340 341 340 338 337 340 343 345 347 347 348 347 345
341 350 358 358 357 358 342 325 322 323 319 306 300 298 308 310 300 301 307 331 311 283 297 287 284 275 291 288 290 311 270 274 299 291 274 263 270 263 323 347 5 5 17 15 7 1 352 352 349 347 347 346 343 340 339 338 339 341 340 338 337 338 342 344 346 347 347 346 345
345 350 354 313 347 348 335 281 333 337 323 297 297 299 307 307 302 301 306 312 340 282 266 312 303 267 305 322 314 270 262 266 302 288 270 295 307 280 276 294 300 314 344 17 7 1 357 351 348 346 346 345 342 340 339 338 339 341 340 337 336 337 340 343 345 346 346 345 343
350 350 349 314 293 333 334 341 336 332 314 351 295 304 307 302 292 290 299 333 315 269 300 312 297 267 271 309 265 259 266 261 309 320 293 337 91 347 274 287 291 302 324 2 6 359 354 350 347 345 344 344 341 340 339 338 339 341 338 335 335 336 338 342 344 345 345 343 342
348 354 346 323 288 283 331 340 333 325 317 281 287 312 308 285 290 295 277 349 278 359 11 343 317 267 270 280 273 267 267 260 318 54 133 169 62 330 289 279 288 297 320 337 360 358 354 350 347 345 344 342 341 339 338 337 338 340 338 333 334 336 339 341 343 344 343 343 342
349 2 348 348 331 339 338 343 317 256 17 284 317 313 289 313 27 309 272 267 321 345 355 339 316 270 270 305 313 284 276 263 279 290 294 323 331 328 296 293 294 293 317 341 350 357 353 350 346 344 343 341 340 338 337 336 337 340 338 332 334 337 340 342 343 344 344 343 343
356 359 350 2 354 325 336 331 313 135 255 293 318 302 283 288 326 298 292 288 127 131 193 301 310 289 327 298 293 294 284 260 291 288 285 297 321 331 300 311 314 317 315 340 358 355 353 350 346 342 340 339 338 337 336 335 336 339 337 332 334 337 340 342 343 344 344 344 342
9 355 354 0 349 337 313 305 320 272 247 287 311 298 299 298 292 303 303 296 325 345 229 228 293 292 220 252 300 348 286 273 271 319 300 288 301 295 299 326 339 340 333 346 353 353 353 350 345 340 338 338 337 337 337 336 336 339 336 332 334 338 340 342 343 344 344 343 342
1 350 5 357 347 342 325 322 331 289 295 302 291 306 301 295 288 285 279 271 290 334 326 315 287 283 312 306 322 322 293 290 277 278 321 281 287 306 325 339 346 349 343 353 353 352 352 348 342 339 337 337 338 337 337 336 336 340 335 332 335 337 340 342 343 344 344 343 341
355 350 6 354 340 336 320 329 320 292 294 286 296 299 301 295 280 266 259 260 280 326 321 336 294 248 253 279 329 301 290 329 302 294 282 282 297 316 335 344 348 352 348 352 351 351 350 345 341 338 338 338 338 337 337 335 336 340 334 334 336 338 339 341 343 343 343 342 340
352 348 11 8 352 340 334 336 313 277 274 271 273 286 273 269 264 255 252 251 292 318 320 340 230 236 240 269 321 293 263 272 283 293 304 305 311 324 343 349 352 353 349 350 349 350 349 345 341 339 339 338 338 336 336 333 337 339 334 336 339 340 341 342 342 342 342 341 340
354 348 17 359 345 348 339 321 286 273 276 266 304 321 357 263 262 259 260 260 259 274 294 312 214 227 233 226 307 304 265 273 284 296 300 308 310 337 355 357 358 357 353 351 352 351 347 344 342 341 340 339 337 336 336 333 338 338 334 338 340 341 342 343 343 343 342 341 340
352 346 10 5 356 1 338 302 311 268 266 254 306 301 303 320 265 264 256 254 263 279 291 303 215 215 228 214 309 305 278 283 285 287 305 307 330 3 6 3 0 1 356 354 354 352 348 345 344 343 342 340 338 336 336 334 339 335 335 338 339 341 342 343 343 343 342 341 339
346 343 355 7 357 356 311 279 284 269 262 260 335 298 276 266 271 274 263 261 269 281 289 289 260 215 217 207 238 285 281 284 304 329 2 4 359 8 10 9 7 5 357 357 355 354 350 347 346 344 342 340 338 337 336 336 337 324 337 337 337 340 342 343 343 343 342 341 338
336 334 349 9 356 305 269 273 306 266 269 269 278 282 284 292 296 296 292 284 283 294 299 301 302 243 209 197 217 263 283 288 308 6 48 60 44 13 357 14 13 8 2 360 358 356 352 350 348 345 343 340 339 337 337 337 337 338 338 338 339 340 341 342 342 342 341 339 336
332 333 341 13 294 283 279 279 305 31 47 301 294 293 294 299 305 307 305 303 303 308 307 306 303 285 225 179 175 227 276 280 304 338 21 41 36 3 0 6 9 11 6 2 359 358 354 351 349 347 344 341 339 339 338 337 338 338 338 340 341 342 343 342 342 341 339 338 336
327 331 330 12 338 285 286 281 278 282 287 293 291 293 295 305 329 341 338 335 332 330 324 317 301 281 261 217 219 235 256 277 299 324 7 14 17 12 5 0 1 11 7 5 1 358 355 352 350 348 345 342 341 340 339 339 339 339 340 341 343 344 345 345 344 343 341 339 337
318 321 316 317 352 282 279 277 278 279 281 285 291 291 303 337 348 354 350 347 344 342 336 329 305 279 267 263 249 253 259 279 298 306 339 18 20 15 10 3 354 11 9 6 1 359 355 352 351 349 347 344 343 342 341 340 340 340 341 342 344 345 346 346 346 344 343 341 338
310 311 308 294 283 269 273 271 269 267 269 272 280 289 334 348 358 353 349 345 342 342 339 334 315 277 273 272 266 257 260 259 292 297 322 4 12 12 9 2 359 7 7 5 0 359 355 352 352 350 348 346 345 343 342 341 341 341 342 343 345 346 347 347 347 346 344 342 340
301 299 297 279 269 262 267 265 262 257 256 259 272 308 339 345 354 350 346 343 340 340 339 336 330 294 280 277 268 260 263 257 278 288 305 336 355 4 6 3 356 0 4 3 359 358 355 352 352 350 349 346 346 344 343 343 342 342 343 345 346 347 348 348 348 347 345 343 341
