---
Wind at BL Top Direction [deg] Valid 1500 NZST ~Z75~(0300Z)~Z~ MON 5 Jan 2026 ~Z75~[51hrFcst@2110z]~Z~
Model= RASP Region= NZ Grid= d2 Reskm= 2.0 Indexs= 1 69 1 69 Proj= lambert 2000 2000 -35.0000 -42.0000 176.0000 -37.7968 175.7263
Day= 2026 1 5 MON ValidLST= 1500 NZST ValidZ= 300 Fcst= 51.0 Init= 46 Param= bltopwind Direction Unit= m/sec Mult= 1 Min= 0 Max= 360
212 201 206 216 232 235 242 249 254 257 259 264 267 273 269 262 261 266 276 284 282 286 293 301 313 315 309 308 290 285 283 282 285 288 289 290 284 280 274 259 256 261 273 279 277 270 268 268 266 265 266 274 275 273 265 262 264 261 265 261 269 267 261 253 236 227 222 224 256
205 207 208 207 226 226 219 226 231 233 236 243 252 257 259 255 254 257 267 275 272 280 301 315 320 308 303 291 280 277 281 282 284 283 282 287 285 281 278 265 259 236 237 274 279 278 280 284 278 274 271 276 278 275 268 265 263 258 264 268 273 268 263 259 243 231 223 228 261
228 224 215 215 220 216 218 211 217 219 223 228 233 236 239 244 246 247 252 259 267 280 294 306 289 278 273 270 268 269 271 274 275 277 280 283 286 284 279 269 267 257 251 271 278 287 291 292 286 278 273 275 281 275 268 265 264 262 259 263 271 270 264 260 249 239 231 227 256
233 229 227 221 208 203 192 201 209 214 219 224 248 250 243 238 233 228 230 247 255 258 260 273 263 254 257 245 254 260 264 266 268 275 279 288 287 281 259 273 279 274 240 265 276 285 275 274 277 257 258 276 290 272 268 266 264 260 258 259 265 265 264 267 253 244 238 236 240
242 237 231 227 218 185 178 189 200 214 222 241 245 317 275 236 239 234 251 259 274 260 248 258 255 231 235 225 228 265 272 255 259 268 274 277 271 276 280 291 292 289 272 276 289 271 243 238 261 276 268 267 298 285 269 265 262 258 257 258 260 256 287 311 293 252 248 243 239
252 250 245 230 221 189 176 175 201 229 237 240 232 223 228 236 249 259 233 234 268 278 249 254 266 237 246 246 236 227 234 241 252 259 267 255 246 265 298 302 294 288 289 292 287 263 249 255 254 271 289 297 281 267 261 257 256 255 254 251 255 258 278 312 287 264 261 258 250
256 255 252 245 231 223 203 179 176 214 230 207 231 230 234 240 282 269 238 261 252 251 258 260 259 256 252 243 252 249 228 238 256 261 262 255 276 276 245 272 289 284 287 255 255 281 260 260 250 281 289 287 242 87 226 232 240 253 250 249 279 272 278 281 279 276 273 281 261
261 260 258 255 247 240 236 220 182 221 235 97 197 229 242 257 253 262 263 313 275 252 281 284 278 284 286 282 284 281 199 239 259 259 257 272 289 277 258 252 238 227 239 245 259 252 235 224 261 17 294 166 57 43 38 4 336 285 260 258 263 284 280 267 347 276 276 272 264
266 267 266 268 263 261 257 250 226 226 267 7 356 326 326 305 304 253 268 268 271 255 283 301 299 313 309 309 309 299 246 261 261 264 276 283 277 265 227 206 206 211 234 247 267 211 189 165 226 77 286 269 67 63 66 61 297 304 280 270 274 288 288 334 333 324 279 274 271
269 274 282 275 274 274 271 268 260 242 248 15 2 340 306 286 312 279 277 268 270 262 259 285 293 296 309 295 310 299 256 259 262 273 280 277 280 277 256 218 246 254 270 329 260 171 185 206 251 103 285 281 101 91 72 120 191 279 280 274 267 240 219 345 345 303 299 277 276
273 284 284 275 275 273 280 266 260 101 65 36 345 301 275 275 298 300 288 287 308 264 248 287 276 274 290 317 314 257 252 257 268 278 279 282 285 285 279 275 267 270 301 60 84 237 275 277 277 178 144 208 246 83 346 331 311 279 270 274 269 309 336 334 19 342 281 275 284
292 290 281 269 263 269 267 263 263 14 108 116 152 260 257 267 288 298 278 270 294 322 328 286 286 282 282 294 260 244 249 260 273 283 285 289 290 287 286 292 296 301 320 352 309 288 281 276 269 268 245 274 274 278 318 335 347 314 276 270 265 260 334 353 348 343 313 276 295
282 277 270 259 255 256 251 255 261 266 286 150 174 217 232 244 279 293 290 301 307 309 295 294 291 306 353 212 237 243 254 260 277 293 295 295 291 288 292 300 305 311 313 303 284 283 271 255 240 228 206 172 316 310 8 352 6 1 333 287 275 283 323 351 324 329 308 296 303
245 246 247 248 253 253 243 246 244 246 255 288 258 228 236 260 277 301 342 268 260 278 312 316 310 293 297 199 240 250 261 266 288 300 304 298 291 292 297 304 310 311 296 296 303 278 259 250 244 261 249 241 32 64 31 34 32 28 17 360 272 316 333 350 292 275 257 274 300
225 229 229 234 239 208 202 214 223 203 259 287 304 282 267 268 305 335 326 256 259 290 314 312 305 290 287 284 264 268 263 275 307 312 309 300 297 299 301 306 311 309 309 323 327 271 253 252 255 251 255 205 4 68 56 44 32 39 30 24 275 271 275 315 320 285 262 259 296
226 228 222 222 218 215 210 229 191 270 283 287 339 0 313 316 320 353 329 260 285 305 310 308 300 283 265 317 288 277 276 306 316 315 307 300 299 303 305 305 308 308 307 303 283 272 264 259 257 253 251 239 279 80 64 52 39 36 32 27 351 321 313 1 1 300 285 272 287
224 230 234 239 241 226 225 246 275 312 301 317 9 359 353 345 331 341 325 301 302 310 302 318 318 299 274 268 288 298 312 314 314 302 289 282 290 301 303 300 302 304 296 273 275 276 277 272 262 261 252 239 263 277 69 52 37 44 33 29 16 4 351 324 356 322 298 287 285
230 232 240 246 251 254 258 268 309 304 311 307 314 354 322 308 281 285 302 309 309 313 312 265 265 290 284 296 330 328 327 311 299 258 267 274 292 302 304 303 298 296 291 293 278 276 283 281 269 262 263 225 218 209 298 13 21 21 28 23 15 8 355 346 332 333 319 299 295
232 238 247 254 261 265 273 283 294 316 325 318 308 310 293 295 296 303 314 313 313 331 316 298 299 293 295 332 341 325 308 264 245 321 276 302 308 310 310 305 289 287 301 306 280 275 282 282 271 265 268 232 227 214 273 28 22 19 17 18 14 6 356 351 347 343 330 314 303
240 249 257 265 271 279 288 291 305 323 328 319 309 309 310 306 309 322 325 321 298 330 319 268 264 251 289 340 335 308 198 91 80 257 314 324 323 313 307 298 284 288 292 285 284 270 275 280 262 253 240 232 227 211 221 345 18 18 13 11 7 359 353 351 353 347 337 323 310
247 256 263 271 277 286 291 296 312 341 336 320 312 310 310 315 319 327 337 307 271 303 337 317 256 259 315 318 339 292 92 124 316 318 321 326 324 293 281 307 269 278 288 293 251 252 263 279 249 240 251 263 252 228 229 277 3 17 9 3 358 359 349 351 358 354 348 337 314
255 259 265 272 280 288 296 305 334 355 344 322 312 308 309 313 316 322 340 332 327 309 326 15 24 28 16 342 353 270 315 316 288 293 305 317 285 268 295 310 295 288 277 302 298 289 296 244 238 254 288 300 265 248 230 271 341 14 341 345 343 352 352 352 349 350 347 332 323
256 259 264 269 278 285 298 324 12 7 315 294 307 302 299 302 325 330 326 333 318 302 311 323 350 18 359 323 291 266 261 267 284 294 299 303 268 277 288 277 211 289 306 275 262 251 240 274 301 328 330 272 244 237 224 313 354 354 1 356 349 340 339 341 342 341 337 332 326
257 262 262 265 271 286 287 334 33 37 357 344 308 300 301 305 308 307 310 309 321 317 307 310 304 284 274 261 270 263 269 290 307 302 305 289 271 267 275 222 295 292 271 259 253 255 255 265 267 319 321 280 247 241 234 301 10 11 16 28 6 343 341 340 337 334 335 333 329
257 264 262 266 277 287 292 336 0 359 3 7 352 321 301 301 306 306 297 305 301 350 335 311 288 281 277 261 250 253 270 316 327 307 288 270 267 264 274 300 284 277 265 263 259 260 275 278 283 279 312 292 262 245 250 245 312 354 18 38 1 349 340 334 331 331 333 331 330
253 258 264 275 277 283 302 330 340 2 1 8 1 341 315 299 301 309 310 305 303 7 355 303 292 290 278 259 269 270 266 317 270 270 313 253 255 257 272 279 270 270 266 267 269 264 293 289 296 291 286 296 284 268 247 262 247 331 48 47 23 355 340 327 328 329 332 331 329
260 270 276 270 276 291 327 326 358 4 359 339 338 4 357 345 297 282 276 281 282 280 306 283 320 305 290 286 284 289 293 264 7 2 343 335 315 250 257 284 272 267 258 266 270 296 303 301 303 299 295 290 301 289 265 255 266 270 309 46 3 358 338 329 327 329 328 326 326
280 277 273 279 277 296 316 314 354 356 353 344 323 301 284 235 208 209 232 261 286 271 263 282 311 301 304 304 296 291 297 273 11 348 324 325 319 298 246 270 276 271 262 271 282 309 320 319 330 328 305 297 296 284 272 270 261 276 272 314 344 335 331 323 323 323 324 324 325
269 266 270 265 267 286 287 290 338 338 335 340 332 315 299 279 263 243 257 271 286 279 284 265 263 265 265 286 292 296 307 283 60 43 334 317 306 296 271 269 275 273 286 282 294 345 342 338 360 2 325 302 297 296 283 278 278 275 276 296 319 313 316 317 319 320 320 320 321
258 258 254 255 259 267 269 272 274 329 316 323 334 323 303 289 280 277 288 19 338 332 349 276 270 271 276 269 276 300 315 303 91 119 176 249 264 273 279 278 273 269 279 282 282 0 5 3 15 11 337 307 295 292 287 282 282 281 285 293 310 313 317 314 317 318 318 318 318
263 262 256 254 254 253 252 249 262 279 295 293 297 299 293 283 279 305 348 32 39 22 346 325 311 304 306 288 268 301 316 321 269 148 181 207 226 266 285 281 274 265 270 274 51 16 4 5 8 13 354 309 297 293 294 285 282 282 287 297 304 308 313 313 317 317 317 318 318
259 260 256 254 250 246 242 243 254 273 281 283 283 293 301 295 285 290 322 340 2 348 347 345 326 319 320 315 314 332 331 292 160 164 312 237 222 297 282 280 306 277 276 259 71 31 10 358 3 14 352 305 297 300 299 302 288 284 286 306 310 312 316 317 317 317 318 320 320
244 248 250 250 251 250 248 238 244 262 277 280 282 289 300 301 297 298 309 314 334 326 313 310 325 328 339 345 339 331 325 308 314 328 324 301 249 276 280 273 66 326 276 240 250 29 16 353 347 319 281 297 307 311 308 310 308 300 307 314 317 318 318 318 318 319 320 321 321
247 246 249 251 251 251 246 247 248 262 275 282 286 291 296 300 300 301 304 310 323 328 289 267 281 308 342 352 350 353 330 294 295 286 292 297 293 285 307 310 322 201 251 244 252 339 8 357 341 326 317 316 319 319 313 313 311 304 310 314 317 318 319 319 319 321 321 321 324
259 254 255 257 257 257 255 256 262 275 282 289 293 307 325 330 333 323 315 329 322 325 299 270 273 287 327 348 357 354 331 307 292 285 286 287 307 313 297 293 338 180 226 250 295 314 310 328 334 334 329 322 323 317 314 306 307 305 308 314 312 314 318 320 323 324 323 323 324
263 262 264 266 267 267 269 270 276 287 289 293 299 311 324 327 319 325 324 336 325 334 287 276 278 285 299 335 351 343 327 311 299 296 306 305 277 277 293 289 1 271 287 298 331 322 319 319 330 333 330 331 325 317 316 310 304 305 309 313 313 318 319 321 324 324 323 327 327
263 265 267 270 272 277 281 282 291 294 294 300 300 317 324 317 316 326 333 332 334 292 311 306 294 289 284 261 300 303 282 284 289 292 298 309 282 309 284 276 276 273 296 336 334 324 321 327 334 333 332 335 332 324 321 317 312 310 311 315 317 319 320 323 324 324 325 329 329
264 266 269 272 276 282 287 291 298 300 307 302 301 303 311 315 314 327 295 311 325 346 342 329 319 310 296 296 289 338 337 264 267 289 299 305 310 290 274 276 270 298 318 336 335 322 322 327 333 334 330 337 331 328 326 322 318 315 315 317 319 322 323 330 331 331 331 330 330
264 267 270 273 277 282 287 298 301 308 308 304 312 317 313 317 317 324 277 293 299 312 335 330 328 320 310 276 264 7 355 289 276 302 298 304 301 286 274 267 269 309 338 342 320 319 322 328 333 328 329 335 326 335 333 327 324 321 320 322 323 330 331 332 332 332 331 331 330
264 266 270 273 277 282 288 302 302 306 309 309 319 314 315 334 334 337 330 270 303 309 325 330 317 314 278 7 4 268 342 271 290 315 299 287 294 290 286 270 288 343 357 342 315 320 322 328 328 328 330 334 331 343 341 336 332 324 325 327 332 333 333 334 335 333 332 332 332
262 264 268 272 276 282 290 302 302 302 305 304 312 306 307 324 319 319 316 315 320 323 323 353 311 346 48 36 40 28 270 266 284 302 308 258 278 299 330 293 11 359 351 325 313 319 321 330 331 328 331 336 333 342 334 335 330 329 335 335 335 335 336 336 335 334 333 333 333
260 262 265 271 276 282 298 303 321 335 332 326 316 310 336 323 301 307 307 308 314 321 322 346 312 304 352 46 308 293 263 267 288 309 314 299 253 331 332 40 20 4 350 336 324 323 323 334 333 331 343 340 339 338 336 334 338 337 337 336 336 336 337 337 335 334 334 333 333
259 261 264 269 275 282 298 303 304 303 316 307 329 332 318 1 340 326 325 332 335 332 326 320 302 276 329 265 275 323 339 314 289 299 323 315 278 313 301 39 18 2 356 345 334 338 338 348 346 344 344 347 347 347 336 340 339 339 338 337 337 338 338 337 335 334 335 336 336
261 263 266 271 277 285 298 302 303 306 311 304 328 321 322 342 340 308 321 323 343 340 289 302 334 8 278 289 279 326 344 329 324 326 323 323 274 288 341 25 9 4 3 351 344 354 354 351 346 345 345 346 347 346 345 341 340 339 339 338 339 340 339 337 335 335 336 336 337
264 266 269 273 279 290 297 301 308 315 312 307 334 330 340 349 335 345 323 311 312 323 290 307 295 18 327 288 274 289 321 331 320 329 319 314 267 249 319 9 353 358 355 348 348 355 356 353 347 346 344 347 347 347 345 343 341 339 339 339 341 341 339 337 336 336 337 337 338
264 267 271 275 285 292 296 305 311 307 303 302 320 329 330 350 346 306 297 288 284 293 290 305 279 353 347 326 277 292 331 19 359 327 311 305 267 248 261 346 353 350 344 342 357 356 357 355 345 342 342 347 348 347 346 343 341 340 339 340 342 341 339 337 337 338 338 338 339
263 267 271 279 286 291 296 308 307 307 302 302 326 331 332 357 360 351 23 360 314 286 281 267 306 340 333 327 308 288 337 38 333 269 305 294 257 250 311 13 357 343 348 342 357 358 358 354 348 346 350 349 349 348 346 344 342 340 340 341 343 341 339 338 338 339 339 339 340
263 267 275 281 286 290 306 277 299 305 309 303 311 324 328 338 345 337 307 336 333 300 260 253 265 291 300 320 323 281 321 136 210 293 292 266 247 240 343 24 360 335 357 2 359 360 359 353 352 351 350 350 349 348 346 344 342 341 341 343 343 341 339 338 339 339 339 340 340
263 270 278 281 286 301 272 296 300 307 317 308 314 316 322 330 324 319 305 292 283 269 261 275 285 293 299 303 319 296 326 213 228 298 272 252 238 234 291 21 14 343 344 2 0 0 359 351 352 351 351 350 350 349 347 344 342 341 342 344 343 340 338 338 339 339 340 340 340
264 273 278 281 288 296 297 299 304 325 281 310 308 308 281 304 317 305 303 295 283 55 22 7 282 285 300 316 319 322 320 318 308 282 269 270 268 239 292 104 133 5 8 1 0 1 359 352 351 351 351 351 351 349 347 345 343 342 343 344 342 339 338 338 338 339 340 340 341
265 275 278 280 286 294 295 301 318 325 323 326 331 331 329 330 299 288 296 301 293 278 351 5 349 306 317 321 325 325 308 321 298 274 264 292 312 288 337 359 17 6 356 355 360 0 356 354 351 351 352 352 352 350 348 345 343 342 344 344 341 338 337 338 338 339 340 341 341
268 276 278 265 280 291 296 269 293 312 315 325 337 338 341 324 283 289 294 302 289 279 333 349 328 307 316 316 321 324 306 291 284 271 251 300 359 352 350 356 351 3 355 4 359 360 358 354 352 352 353 353 352 350 348 346 343 343 345 344 340 338 337 337 338 338 340 341 341
272 279 280 267 260 278 290 295 304 308 318 279 319 318 344 310 280 264 264 271 304 294 329 344 321 316 322 321 321 320 316 307 289 268 252 280 334 331 329 349 353 355 351 358 359 358 356 354 353 353 354 353 352 350 349 346 344 344 345 343 340 338 338 338 338 338 339 341 341
280 283 284 272 264 255 272 284 290 307 276 264 265 282 301 315 281 272 278 283 307 328 18 14 336 333 353 350 328 319 315 307 287 272 274 280 270 312 336 355 357 351 349 351 357 357 356 355 354 354 354 353 352 350 349 346 344 344 345 342 339 338 339 339 339 340 340 341 341
284 287 292 297 299 296 294 303 271 259 260 257 260 266 275 273 268 277 278 303 302 13 41 44 22 14 356 350 335 319 318 320 311 289 281 296 295 299 322 357 3 359 346 352 356 357 356 355 355 355 355 353 351 349 349 346 345 345 345 342 339 338 339 340 340 341 341 341 341
288 293 301 301 311 291 308 304 302 256 251 246 265 270 263 269 253 253 260 258 336 343 346 12 58 79 25 359 327 317 316 321 312 295 313 308 293 304 324 354 352 359 347 353 357 357 356 355 355 356 355 353 351 349 349 346 346 347 345 341 338 338 339 340 341 341 342 342 342
295 301 302 304 316 315 314 322 315 311 307 287 272 254 256 264 262 260 270 290 342 328 337 325 3 92 83 42 280 281 314 319 310 307 344 325 313 314 306 326 348 351 351 354 355 356 356 355 356 357 356 354 351 349 349 347 347 347 344 340 338 339 339 340 341 342 343 343 343
302 303 305 318 318 319 318 326 313 309 297 230 179 299 269 266 271 279 287 281 297 304 321 320 310 344 117 165 216 298 314 311 300 298 22 333 310 293 280 345 352 348 354 354 354 355 355 356 357 357 356 354 352 350 350 348 348 347 342 340 339 339 339 340 341 343 343 344 344
299 302 310 319 321 326 334 333 318 307 292 164 185 264 245 268 276 285 287 274 281 311 307 309 309 300 335 299 224 300 308 291 292 336 15 319 275 266 340 347 345 351 352 352 352 355 356 357 357 356 355 354 352 351 351 349 349 346 341 339 339 339 340 341 342 343 344 345 344
295 298 311 297 322 321 324 337 331 304 294 229 170 192 280 282 288 297 289 275 291 289 289 297 295 285 284 278 281 281 292 292 10 49 14 273 254 346 347 342 348 348 348 351 353 356 358 358 357 356 355 354 353 351 351 349 349 345 341 339 339 340 340 341 343 344 344 345 345
293 295 302 317 319 322 334 331 330 308 291 277 279 275 285 292 286 287 274 275 280 288 293 294 292 295 283 262 251 273 296 301 294 294 111 226 324 357 347 344 344 347 347 352 355 357 359 358 357 356 355 354 353 351 350 349 349 344 341 339 340 340 341 342 343 344 344 345 345
296 298 302 317 320 337 345 331 329 307 289 277 277 284 281 285 275 322 290 278 283 287 295 298 299 296 288 275 267 271 298 315 317 292 183 234 349 344 337 336 341 345 353 354 357 358 359 358 357 355 354 353 352 351 350 349 349 341 342 340 341 341 342 343 344 344 345 345 345
299 300 304 318 320 327 348 339 336 294 301 298 303 304 295 286 300 356 310 284 286 301 306 307 304 301 293 283 272 269 294 316 313 204 285 338 332 338 339 337 341 345 353 356 358 359 358 357 356 354 353 351 349 349 350 350 349 335 343 341 342 342 343 344 344 345 345 345 345
301 303 308 318 320 328 341 334 316 305 298 293 295 297 291 280 333 346 335 300 303 319 321 319 312 302 293 283 272 267 292 312 317 307 314 327 337 338 333 337 341 356 355 357 359 359 358 356 355 354 352 350 349 348 351 351 350 349 345 342 343 343 344 345 345 345 345 345 345
302 304 309 319 325 332 334 325 322 302 292 293 292 292 290 291 345 336 320 324 330 333 331 327 320 307 297 288 279 271 292 303 310 305 314 338 326 320 329 338 341 353 355 357 358 359 357 356 354 353 351 350 349 349 351 352 351 348 346 344 344 344 344 345 345 345 345 345 345
305 309 317 321 325 336 329 319 307 297 291 287 285 284 282 312 335 335 339 340 340 340 337 334 325 312 299 291 282 274 293 298 295 299 303 308 314 321 333 339 344 352 355 356 358 357 357 355 354 353 351 350 349 350 352 352 351 350 348 345 345 345 345 345 345 345 345 345 344
312 318 322 325 331 333 323 311 301 293 287 283 282 279 287 321 327 354 352 350 349 346 338 336 329 313 301 290 282 278 292 297 296 296 302 312 314 328 336 343 345 354 355 356 356 356 355 355 354 353 352 351 350 350 352 352 351 350 349 346 346 345 345 345 344 344 344 345 344
316 319 326 330 333 326 317 305 296 289 286 284 284 281 295 316 359 355 352 349 348 346 342 337 330 317 302 291 282 280 288 295 294 299 299 309 320 332 338 342 350 353 354 355 355 355 355 354 354 353 352 352 351 350 352 352 352 351 349 347 347 346 346 344 345 345 345 346 345
322 327 333 336 324 316 309 300 293 287 285 284 284 281 294 311 345 355 350 348 346 344 341 337 335 321 316 290 281 273 285 291 288 299 301 313 325 334 340 345 349 351 353 354 354 354 354 354 354 353 353 352 352 351 352 352 352 351 350 348 348 347 346 344 345 346 346 346 346
