---
BL Top Uncertainty/Variability (for +1degC) [m] Valid 1600 NZST ~Z75~(0400Z)~Z~ MON 5 Jan 2026 ~Z75~[52hrFcst@2110z]~Z~
Model= RASP Region= NZ Grid= d1 Reskm= 6.0 Indexs= 1 79 1 99 Proj= lambert 6000 6000 -35.0000 -42.0000 176.0000 -38.5000 176.0000
Day= 2026 1 5 MON ValidLST= 1600 NZST ValidZ= 400 Fcst= 52.0 Init= 46 Param= bltopvariab Unit= m Mult= 1 Min= 35 Max= 1507
143 134 144 157 393 155 191 179 156 135 129 118 117 98 213 166 153 221 206 157 120 115 122 148 168 137 177 223 342 398 542 374 207 158 872 222 160 185 142 130 134 126 137 145 134 131 127 114 110 119 125 129 131 134 137 139 142 126 124 95 69 81 106 126 130 119 129 106 80 74 75 62 66 73 81 90 101 114 129
117 106 107 112 116 124 137 122 125 107 103 106 89 99 104 211 229 219 224 182 153 145 166 193 132 117 134 187 254 291 517 290 169 309 806 448 220 157 121 115 134 130 132 141 143 136 136 118 112 121 126 130 132 133 134 134 135 124 124 100 69 79 96 118 127 105 129 117 98 87 82 66 64 70 76 84 93 104 118
109 113 116 114 117 116 123 130 108 128 123 132 119 83 141 182 202 206 222 187 171 169 166 215 134 112 118 143 204 255 401 713 482 529 830 639 325 198 144 122 126 93 148 153 160 155 145 120 117 125 129 130 130 130 128 125 124 120 123 109 70 76 88 110 123 109 115 126 116 106 100 89 85 82 72 78 86 95 108
106 108 107 120 124 119 132 114 158 174 162 188 239 201 179 174 191 188 186 170 162 159 160 149 184 140 99 93 102 84 177 608 1192 1071 775 591 343 251 273 193 108 68 66 197 186 168 146 114 124 129 125 110 99 90 94 96 100 108 114 112 96 73 80 96 118 120 91 112 128 128 125 121 121 123 119 89 79 87 99
102 103 113 118 131 140 141 106 145 196 288 299 194 172 177 253 241 212 187 158 148 142 140 146 132 110 101 89 88 76 52 74 219 678 467 348 211 178 264 681 126 51 161 308 63 148 144 110 120 125 109 71 72 75 78 81 86 94 101 106 108 101 73 83 105 121 107 78 91 107 126 134 137 140 137 114 73 81 90
100 106 115 135 145 142 149 167 113 70 173 197 153 127 157 432 363 297 259 187 162 148 137 123 135 158 130 134 130 71 82 135 506 740 436 244 144 126 150 228 542 116 79 92 70 73 172 108 114 118 120 118 109 89 78 82 87 95 101 106 108 106 98 75 89 115 122 105 82 94 107 120 131 134 135 118 86 75 83
100 108 124 140 155 161 161 170 126 73 107 123 136 317 477 470 438 381 332 253 185 146 127 122 119 133 95 132 94 70 59 61 81 229 295 147 127 119 133 175 453 181 80 90 182 81 191 158 112 114 116 115 114 106 74 76 81 87 95 100 105 107 108 104 77 93 117 122 99 83 96 110 124 132 133 121 96 70 77
88 192 128 151 156 165 158 179 185 173 132 156 375 488 114 111 117 444 419 297 211 154 135 127 121 125 129 112 112 99 74 61 51 95 169 125 124 130 137 165 205 624 115 182 171 155 76 157 124 107 110 112 112 112 91 75 81 88 94 99 103 106 108 108 99 82 103 121 120 76 88 101 116 127 131 121 102 76 72
164 120 137 145 159 149 160 164 166 188 163 380 497 113 112 110 105 110 443 326 252 179 148 132 118 121 116 119 115 142 98 78 76 79 104 115 116 136 133 161 146 450 240 67 204 175 108 127 135 116 107 109 110 108 101 74 79 87 95 99 101 104 106 108 107 76 92 117 122 93 82 95 111 122 129 121 104 83 68
125 136 140 157 145 155 138 146 170 179 197 368 111 112 111 110 109 103 113 365 275 203 161 141 115 112 101 111 136 114 123 98 95 82 93 111 120 134 133 161 162 438 464 100 63 92 192 106 118 131 107 108 111 105 98 74 76 84 94 99 101 103 104 107 108 92 86 114 122 109 78 89 103 115 127 119 104 88 65
143 144 157 152 152 135 145 149 125 142 238 499 110 112 114 114 113 109 106 383 296 229 172 149 124 111 97 109 111 90 104 106 108 92 92 112 129 126 137 145 147 434 656 115 70 87 86 165 70 110 106 106 110 102 83 71 74 80 91 98 101 102 104 106 107 94 83 107 121 118 84 83 94 105 122 120 106 92 62
158 166 150 159 134 144 139 121 136 154 249 483 110 112 115 115 114 110 105 422 304 250 187 154 134 113 93 110 86 92 101 115 113 103 88 117 128 122 144 147 145 346 709 146 75 76 186 79 109 73 129 105 107 102 70 71 74 82 89 97 100 103 105 107 105 92 81 101 119 122 112 78 86 95 111 122 109 96 68
174 169 163 161 146 153 147 137 148 177 267 494 110 112 114 116 115 111 108 432 339 260 195 156 137 105 109 90 102 77 88 103 105 113 104 112 124 126 156 152 155 257 696 165 75 67 70 167 72 64 84 103 105 104 80 74 78 85 89 96 100 104 106 106 102 90 79 95 115 122 120 106 79 88 101 124 114 100 72
193 183 181 186 167 174 179 187 201 240 291 409 111 112 114 116 115 112 112 422 317 245 181 149 131 114 107 97 97 80 68 90 106 111 109 113 116 142 167 165 178 187 519 362 135 132 112 103 69 104 64 111 102 104 100 76 79 85 89 96 101 105 106 104 100 86 77 91 110 120 122 117 93 82 94 124 118 103 72
245 244 212 230 245 260 221 223 235 252 284 314 474 112 114 115 114 111 116 382 277 218 167 138 125 116 107 101 98 80 68 88 81 113 117 126 128 150 165 165 185 233 435 925 294 184 149 112 201 71 54 87 100 102 104 100 77 81 89 97 103 106 108 107 103 88 75 86 103 117 121 122 113 79 89 117 122 107 73
111 109 109 429 427 351 291 289 271 259 271 298 324 471 114 115 113 118 423 349 251 190 153 128 118 115 106 106 95 79 69 83 78 92 110 118 129 140 163 192 218 286 388 732 741 146 107 96 86 72 88 83 103 103 104 103 74 77 89 98 105 107 109 109 106 93 72 81 95 111 119 122 121 107 84 108 125 113 80
106 107 108 109 109 460 347 300 288 273 271 278 295 378 115 115 120 121 398 275 204 170 142 119 112 109 103 108 95 80 73 80 74 88 108 142 141 142 168 239 287 308 340 247 779 201 330 187 90 85 106 88 108 110 105 92 74 77 89 99 105 107 109 109 107 98 71 77 87 98 113 120 124 120 94 101 127 121 94
102 105 108 110 113 468 391 315 294 284 277 288 284 314 363 431 429 396 304 209 173 152 128 108 106 99 106 98 74 70 78 79 63 96 104 144 145 181 167 216 359 317 265 216 280 395 620 407 146 78 152 96 100 121 107 69 74 77 88 98 103 106 108 109 107 102 81 73 80 89 99 115 122 125 120 94 116 127 110
236 112 115 118 121 472 396 347 296 290 284 278 273 268 281 301 283 273 232 181 157 140 116 101 100 93 99 92 77 68 69 81 69 83 121 152 177 202 194 172 371 347 308 214 216 1152 448 456 314 89 72 98 92 107 105 70 76 77 84 92 100 105 108 109 108 105 95 73 76 83 90 101 116 123 126 116 105 130 123
215 120 122 125 128 131 408 343 305 284 275 269 265 261 255 246 235 213 191 167 144 130 108 95 94 90 95 74 73 70 67 81 73 91 133 170 186 223 185 176 253 388 1218 334 300 603 439 286 356 127 74 50 120 97 87 74 80 77 82 87 96 105 110 111 109 106 101 88 75 78 83 92 105 118 124 125 101 117 130
198 210 126 130 134 459 417 345 286 288 282 264 253 232 208 203 197 187 173 152 134 121 102 92 89 95 70 82 77 73 67 81 79 119 150 183 194 235 184 185 178 823 1183 1033 518 433 294 279 263 205 87 48 133 93 107 83 89 78 81 86 96 105 111 113 112 109 105 99 87 76 79 87 97 111 119 123 124 106 132
186 197 207 135 140 427 318 275 276 271 261 251 222 193 183 176 174 170 160 142 127 114 98 92 97 81 81 75 82 75 84 87 97 149 176 197 216 246 238 220 171 700 1079 908 448 335 280 314 246 164 114 56 124 92 121 95 97 84 85 90 100 106 111 113 115 113 110 106 98 76 79 86 94 102 114 119 126 112 119
175 186 195 204 220 217 216 219 219 214 208 201 192 181 170 159 160 161 155 140 123 114 92 103 86 93 89 83 78 68 79 103 120 166 206 201 222 260 276 206 218 282 370 386 371 287 273 174 97 95 120 60 94 92 124 108 102 99 93 98 102 107 111 113 116 116 114 109 101 79 82 87 91 96 106 114 122 125 107
164 175 183 192 201 208 210 210 204 197 189 183 176 167 158 147 140 156 156 136 125 114 109 108 126 92 78 88 92 94 102 124 151 183 198 187 241 300 344 231 188 286 318 240 236 230 189 120 70 96 92 69 71 97 128 121 107 107 101 103 104 108 111 113 115 116 115 112 103 83 86 88 88 91 99 109 117 125 119
153 164 173 180 189 193 194 193 188 182 175 170 163 157 148 135 131 141 139 138 138 122 103 110 107 93 120 128 125 103 120 144 180 195 190 178 225 350 402 252 171 288 644 253 174 142 124 79 95 86 90 67 65 85 129 126 103 106 102 104 105 108 111 113 114 116 117 115 107 87 88 88 87 88 95 106 111 120 123
141 153 162 168 176 180 179 177 173 167 161 156 153 148 137 126 125 118 96 82 87 74 72 90 89 99 111 147 147 132 138 163 188 208 193 204 227 363 390 238 223 287 656 249 160 104 73 69 95 75 89 73 63 69 114 121 93 94 93 100 103 106 109 111 114 117 118 117 110 89 90 89 87 87 92 102 106 114 120
136 140 149 156 161 160 151 153 151 155 154 148 146 138 126 126 107 99 74 76 82 73 73 89 119 120 145 140 147 177 181 248 274 254 252 259 274 302 283 248 259 247 672 204 142 105 62 72 104 75 99 81 79 67 99 116 108 88 83 88 94 100 104 109 114 118 120 119 113 90 92 92 89 87 91 100 100 109 116
135 136 137 140 145 149 151 152 148 145 143 145 145 129 141 120 115 91 70 71 76 77 74 109 126 117 146 169 175 261 349 369 295 275 287 271 307 298 242 242 241 256 624 254 141 95 78 106 114 102 102 85 60 72 115 128 120 117 113 109 82 86 96 106 113 119 122 121 115 91 95 96 91 88 92 100 96 103 110
134 134 135 138 142 145 148 149 146 143 132 155 152 154 148 141 99 85 65 74 85 99 127 174 131 122 171 219 257 352 377 399 503 423 308 307 313 276 233 220 236 234 595 220 183 120 107 133 92 83 99 87 103 118 135 108 108 105 107 107 108 100 83 100 112 119 123 123 113 94 100 101 95 89 92 100 93 96 104
133 133 133 136 140 145 145 150 143 162 129 171 114 113 117 119 107 81 87 100 120 143 186 140 143 153 230 294 351 366 364 292 322 299 298 243 239 245 230 234 310 273 276 233 194 140 115 111 95 94 101 108 160 134 137 126 119 114 109 87 93 101 107 91 102 114 122 125 109 96 104 107 100 91 93 101 92 91 95
133 132 132 135 140 144 145 151 141 157 130 118 112 113 99 82 79 102 110 123 148 154 156 141 177 225 362 347 352 432 348 338 337 298 280 228 217 222 232 231 304 214 294 255 181 94 92 95 73 92 122 142 171 156 131 127 114 107 102 97 90 86 96 107 106 98 118 129 114 95 107 113 107 95 94 103 93 89 90
134 132 132 135 143 143 148 144 142 122 115 116 125 116 109 88 85 128 183 167 157 163 172 183 236 369 406 369 439 361 409 338 307 257 209 198 254 223 220 271 444 340 294 370 164 63 71 95 74 100 111 110 194 151 139 129 114 103 97 95 97 98 84 94 103 103 101 126 130 94 109 121 115 100 96 106 95 89 87
135 133 133 137 143 144 148 135 114 110 112 121 133 117 103 132 183 291 214 188 223 225 251 235 262 315 317 197 144 178 179 242 272 250 270 247 333 300 215 248 345 318 243 343 179 129 105 94 97 109 113 77 198 172 140 136 113 99 94 93 94 98 101 90 99 100 87 111 132 120 107 126 123 108 100 108 100 91 86
137 135 134 139 141 143 142 127 120 112 121 149 435 555 661 552 424 264 268 201 203 222 213 214 236 239 368 276 151 129 235 288 262 239 332 377 198 225 476 387 249 280 180 315 323 185 117 95 94 99 105 62 118 154 182 142 107 89 85 89 89 65 82 94 100 103 70 96 125 137 112 128 129 116 104 111 105 94 87
139 136 135 140 144 140 141 115 105 109 132 225 266 281 232 218 225 260 196 269 338 317 333 289 243 366 112 135 128 210 275 244 227 255 341 359 396 341 323 253 190 343 212 236 313 207 73 87 118 153 104 57 71 93 239 132 98 90 90 91 89 93 77 96 100 97 104 86 126 127 138 145 133 122 109 115 109 98 88
140 137 136 140 145 141 135 138 118 103 127 320 209 244 231 257 230 235 205 206 216 229 251 283 274 188 227 245 224 233 260 280 254 245 384 281 266 265 267 288 228 279 271 307 361 312 79 97 187 117 91 62 64 100 237 110 78 79 76 80 81 101 106 85 94 74 85 76 132 123 131 148 157 127 112 118 113 103 91
142 138 136 141 140 141 129 127 134 102 130 152 814 475 394 474 432 430 341 247 214 216 237 194 222 186 184 202 216 220 197 237 232 199 261 318 307 317 279 243 250 266 208 164 325 331 108 391 355 97 75 80 89 108 209 110 79 54 53 61 65 83 94 97 73 78 65 86 139 130 127 138 159 147 115 121 117 108 95
143 139 136 140 135 137 130 119 151 162 120 131 153 201 237 203 171 215 233 243 232 270 277 258 220 233 245 230 239 245 266 222 210 216 253 266 374 482 255 259 286 205 177 259 496 828 319 803 288 157 58 75 91 92 121 189 84 66 41 74 71 91 110 119 104 90 68 80 135 131 130 133 150 164 117 124 121 113 102
144 139 136 139 135 131 128 114 123 132 146 100 78 107 110 118 133 132 160 182 213 242 252 229 262 244 248 252 235 210 239 220 165 224 256 379 812 367 285 262 684 299 201 188 496 741 349 759 427 380 108 72 94 93 103 121 159 132 35 52 109 172 183 130 148 91 83 129 132 125 129 136 145 161 128 125 125 118 109
145 140 136 138 136 127 122 114 104 112 120 115 100 118 98 102 98 138 132 144 174 205 192 207 214 232 202 213 209 165 155 122 138 158 269 284 258 314 244 237 244 955 847 686 369 436 498 471 428 439 247 101 108 135 122 113 121 209 754 851 1121 869 427 117 78 78 55 120 126 119 127 140 145 155 146 125 128 122 114
146 140 136 136 135 126 118 111 103 101 106 97 88 88 95 117 104 103 111 114 139 153 154 166 210 201 169 198 239 204 213 206 238 224 265 344 285 191 293 226 279 296 280 360 852 259 330 662 895 481 217 232 228 165 138 138 160 448 228 353 787 354 238 85 57 47 67 108 132 113 126 139 146 154 145 123 129 125 118
145 140 136 135 133 125 115 108 103 88 98 92 78 82 80 85 80 113 100 104 117 115 108 121 179 180 183 190 236 202 211 196 212 217 288 362 735 278 291 239 343 418 317 336 242 211 272 342 262 335 403 475 453 357 416 390 483 264 277 274 228 247 191 80 67 59 72 126 124 108 121 137 147 155 141 120 129 127 122
145 140 136 135 131 124 114 105 100 91 88 91 85 79 74 71 83 87 107 98 105 109 110 104 152 182 159 181 234 181 185 151 175 150 253 321 604 494 267 284 332 327 308 307 242 316 287 291 393 975 452 376 673 420 305 288 290 271 399 199 171 214 194 84 75 75 79 165 139 127 112 136 146 155 137 116 128 128 125
145 140 136 134 130 123 114 104 97 92 83 86 86 83 80 80 87 97 92 112 112 100 114 102 133 157 178 206 256 286 245 201 157 155 245 351 241 244 353 1390 301 300 268 231 204 383 356 364 295 284 1018 1007 938 571 236 282 322 481 294 182 124 176 150 81 64 85 108 123 128 127 102 132 147 154 138 115 128 130 129
144 139 135 133 129 122 114 104 96 91 85 77 83 84 83 85 86 91 86 123 106 96 100 113 109 138 154 184 232 291 219 168 161 218 254 421 1396 1054 1165 1507 272 251 251 230 256 336 438 339 884 793 344 367 342 343 526 592 363 426 240 133 120 173 170 94 90 91 145 124 141 125 99 127 149 155 146 118 130 133 133
144 139 135 132 128 121 113 105 96 89 85 80 74 78 83 78 70 87 85 111 99 97 88 96 114 120 141 178 192 263 214 164 168 257 375 300 285 229 302 453 321 265 186 312 551 551 517 440 897 847 573 359 299 348 414 390 638 506 264 194 157 204 188 134 135 164 277 255 178 136 132 128 151 159 159 124 134 138 139
143 138 135 132 127 120 113 105 96 89 85 81 78 74 70 71 68 91 86 99 92 89 92 91 110 111 145 190 197 251 259 170 162 186 274 318 254 324 335 349 444 331 1418 1190 555 340 350 499 719 1082 693 472 364 283 241 195 210 446 424 263 211 193 221 237 267 174 157 193 130 113 149 140 101 160 168 130 139 143 145
142 138 134 131 126 120 113 105 96 88 84 80 79 76 75 75 71 87 94 96 79 74 90 86 98 112 164 202 229 270 228 163 162 190 225 344 236 328 393 394 384 243 1353 405 307 288 375 495 408 376 650 387 359 254 226 207 183 170 290 291 192 233 216 248 214 179 220 294 119 90 101 154 100 125 172 138 144 147 149
142 137 134 131 125 119 112 105 96 87 84 80 79 77 76 76 74 76 94 92 84 79 89 108 111 152 192 235 276 272 229 140 184 199 215 302 342 277 490 369 319 300 1104 350 534 716 643 718 475 274 411 447 371 279 210 175 182 156 167 268 197 188 332 264 254 264 220 247 108 87 90 104 132 125 148 145 148 150 151
142 138 135 132 125 119 112 104 96 87 83 80 79 77 76 75 74 71 94 99 81 86 77 170 222 203 221 286 287 269 210 178 179 229 222 266 311 268 284 292 262 369 389 174 433 771 475 369 462 319 297 360 506 429 255 221 229 171 277 319 227 166 158 228 540 218 200 190 101 120 117 105 116 120 143 147 150 153 153
143 139 136 133 125 118 111 103 95 87 83 81 79 78 76 75 73 67 91 97 77 89 128 367 163 169 207 238 280 258 239 330 193 257 293 268 316 365 365 317 322 352 372 657 736 1084 237 218 243 386 330 272 279 437 367 360 353 371 491 312 277 133 114 133 275 544 246 153 120 97 105 124 116 141 128 153 149 154 156
144 141 138 134 126 117 110 102 94 87 83 78 75 74 73 80 68 68 81 82 81 100 206 266 182 145 231 196 304 964 288 291 270 344 219 309 245 260 298 544 694 391 380 366 327 260 262 314 261 270 310 260 205 205 250 259 242 200 238 214 320 270 206 181 256 530 259 175 145 117 111 118 132 156 119 166 148 155 159
146 142 140 136 126 117 108 101 93 87 84 82 78 83 79 85 79 81 74 70 71 93 142 176 219 374 282 978 158 101 465 531 408 342 407 340 374 274 1414 955 910 634 620 437 336 658 424 460 282 215 159 222 196 131 185 180 160 146 182 194 171 234 282 301 435 464 277 239 164 156 127 113 136 155 153 174 147 155 161
147 144 142 137 127 116 107 99 92 86 81 85 85 88 85 86 82 80 80 68 63 91 108 122 165 361 500 779 115 114 169 477 451 429 379 280 271 334 391 402 918 363 503 575 428 226 301 277 232 196 124 190 182 139 207 170 138 136 166 151 154 172 189 241 251 356 287 242 182 145 148 122 138 156 156 182 149 157 164
148 145 143 138 126 115 105 97 89 86 79 88 89 89 85 83 79 76 85 73 74 90 98 131 166 217 357 883 133 82 288 544 371 339 399 342 289 317 295 271 789 412 376 446 563 329 317 244 207 212 158 172 175 160 195 188 168 151 140 135 137 158 194 252 274 255 249 288 208 191 164 140 127 163 150 189 180 162 167
150 146 144 138 126 114 104 95 88 83 83 90 90 88 83 79 76 76 82 75 84 103 163 168 132 203 258 285 767 97 124 627 338 339 429 460 297 253 293 259 355 679 351 290 258 164 200 417 607 194 175 156 187 183 165 216 160 152 124 119 128 132 165 216 251 219 260 293 175 195 176 157 110 161 138 202 197 169 172
152 147 144 138 124 112 102 93 87 83 88 92 89 85 79 76 74 80 81 77 87 115 224 138 108 190 289 337 504 847 793 591 285 427 1027 1235 382 322 314 282 303 706 422 295 185 145 130 190 298 239 182 136 131 134 131 155 93 133 154 156 104 129 144 177 263 243 204 345 178 233 202 119 114 147 150 209 203 198 176
153 148 144 137 122 110 100 92 83 87 92 92 88 82 76 75 77 85 87 85 77 113 157 188 137 149 242 403 293 328 350 283 274 735 872 1035 437 941 880 484 378 464 657 314 255 184 164 112 92 175 195 130 120 114 119 142 124 138 96 142 137 120 128 161 277 264 233 229 335 299 186 160 159 195 176 213 210 211 180
153 148 144 136 120 108 98 91 84 90 93 91 86 79 74 77 82 91 96 103 91 119 158 117 113 111 294 434 300 337 347 280 300 499 914 964 403 1130 806 530 402 349 367 425 249 134 130 131 116 110 122 130 118 116 137 175 180 184 184 137 165 148 147 147 284 301 217 250 265 308 224 158 164 212 171 226 214 213 182
152 147 143 135 118 106 97 89 86 91 92 90 84 78 74 81 90 94 105 114 118 108 109 89 88 115 342 310 301 333 322 331 369 336 447 942 1266 1063 634 324 246 162 180 231 240 160 136 149 150 120 100 99 116 137 168 254 264 216 233 288 275 199 167 163 150 273 275 262 197 242 255 203 185 236 276 259 230 198 183
151 147 142 134 116 105 97 88 84 89 90 89 84 78 77 87 98 96 107 116 107 77 67 88 108 194 187 222 297 364 333 321 332 341 779 708 933 908 488 209 231 163 130 140 147 136 149 158 152 113 110 92 111 125 209 240 246 262 266 300 354 334 184 188 193 273 317 226 226 195 282 249 210 222 476 345 247 206 181
150 145 141 134 116 105 96 87 79 84 89 88 85 80 82 92 103 101 102 111 101 92 92 133 135 113 150 218 284 379 326 307 283 259 968 749 399 427 365 206 232 170 127 122 120 141 156 161 172 149 128 104 108 166 211 220 221 245 233 261 300 318 314 210 163 279 313 303 255 234 263 264 197 215 180 359 261 209 176
148 144 140 133 117 105 94 85 77 75 88 89 87 84 88 96 94 98 99 104 97 102 125 207 129 111 169 251 281 309 314 271 334 960 1022 714 210 150 321 211 208 149 124 120 107 128 116 153 139 139 132 131 111 117 142 175 186 210 236 274 315 313 331 329 172 298 239 284 259 232 201 232 188 172 181 182 258 207 171
146 142 139 134 131 102 90 82 77 69 88 90 89 88 93 97 87 92 95 99 95 104 105 88 90 111 132 254 252 251 273 272 930 444 174 776 604 326 239 150 148 144 160 152 158 141 123 135 149 136 121 124 97 124 139 126 152 176 197 247 263 285 285 238 178 241 226 203 234 216 250 202 174 130 146 214 253 206 173
144 140 138 134 137 97 87 81 77 70 89 91 91 92 95 82 82 85 90 94 95 92 80 87 81 101 148 270 246 247 241 339 626 237 395 644 555 286 197 198 214 196 179 166 147 117 120 115 115 119 121 113 98 124 135 127 135 165 194 234 258 281 251 290 239 169 157 189 237 201 188 148 129 115 218 198 230 194 173
141 138 136 135 136 90 85 80 77 70 90 93 92 93 93 77 77 80 85 87 101 83 82 93 97 103 185 267 297 252 242 767 327 369 583 521 506 273 259 229 144 114 128 142 139 120 96 99 114 121 125 98 100 125 128 136 132 145 161 207 224 260 250 275 272 244 294 249 202 189 141 110 105 186 217 232 216 194 180
138 136 134 135 132 86 85 80 77 71 92 94 94 94 91 74 73 77 83 87 103 77 80 90 90 134 215 256 314 276 297 990 181 305 486 481 479 260 219 172 135 106 111 125 136 136 98 102 113 122 129 93 108 124 124 115 112 116 131 112 202 219 256 298 306 184 164 235 304 211 103 82 139 315 232 235 205 192 185
136 134 133 134 127 83 85 80 84 82 92 94 94 94 91 70 70 76 80 92 92 82 87 94 102 161 226 276 287 257 316 729 178 374 439 478 305 160 186 154 139 118 110 120 133 142 96 101 116 125 120 93 112 116 114 112 114 127 132 135 142 198 241 298 300 230 251 177 263 250 264 260 245 267 378 232 200 192 188
135 132 132 133 123 82 89 84 90 91 93 94 94 94 90 77 70 74 76 99 77 80 85 109 139 193 312 297 283 249 319 695 409 500 411 635 165 104 150 149 134 123 110 121 130 142 111 109 120 127 88 96 112 110 114 118 123 135 143 141 137 194 226 270 237 181 169 173 177 180 211 279 290 297 309 225 198 191 189
133 131 131 132 120 81 93 87 93 95 94 94 93 93 90 78 83 68 71 81 87 115 123 157 195 270 348 436 346 275 576 499 563 379 413 662 142 154 223 154 130 122 108 116 126 137 116 119 113 89 90 106 110 113 116 123 131 139 137 139 147 175 217 227 237 249 181 174 175 175 251 287 314 320 331 222 198 192 189
132 130 130 130 118 81 96 89 96 97 96 95 93 92 92 86 88 83 64 83 124 129 189 232 230 289 281 286 345 595 745 501 425 364 414 751 386 214 192 152 130 122 111 110 123 132 127 106 82 82 91 112 111 118 124 130 137 134 130 138 154 180 212 218 230 187 181 186 181 169 251 307 337 338 346 221 200 193 189
131 129 129 127 116 80 98 91 98 98 97 96 94 92 90 88 86 86 67 95 109 137 219 245 272 315 283 223 291 1064 571 552 423 421 404 550 497 351 199 155 132 124 116 114 120 132 137 87 87 94 101 118 119 120 128 150 129 124 131 139 159 189 211 230 187 229 189 186 186 167 267 321 346 347 314 220 200 193 189
130 128 127 125 113 79 102 96 100 99 98 95 91 87 83 82 78 82 79 95 100 149 238 248 238 285 239 245 216 446 144 219 360 418 386 449 283 213 193 150 140 132 119 106 117 120 139 98 101 104 112 125 127 125 125 121 113 126 136 144 166 201 236 260 220 119 107 195 189 172 281 331 346 349 306 217 199 193 190
127 126 126 122 110 78 103 99 100 98 95 90 85 80 73 75 66 73 80 108 139 281 233 222 212 212 174 247 293 172 99 81 323 393 335 345 223 246 181 150 140 129 121 114 110 121 139 106 108 110 119 130 132 123 113 106 114 130 142 153 173 217 254 278 212 104 185 202 187 179 289 337 345 347 298 213 198 193 191
125 124 123 119 108 93 103 99 97 94 89 83 76 81 82 80 82 79 109 118 203 384 249 221 221 139 235 240 452 706 202 175 237 437 358 272 237 126 187 151 145 136 131 127 121 130 128 111 115 118 127 134 132 121 111 111 120 132 151 149 171 231 262 217 192 200 201 197 185 188 295 341 350 346 288 211 196 193 193
124 122 121 117 103 99 99 94 91 87 81 82 86 84 83 77 80 73 114 309 295 353 387 293 180 183 294 234 253 324 199 128 484 390 336 205 192 181 190 158 148 139 136 137 134 139 111 120 125 130 135 136 129 119 116 117 125 138 156 97 184 233 261 196 189 197 196 191 186 200 297 347 360 332 278 209 195 194 196
123 122 120 129 97 96 92 87 83 78 87 86 81 79 81 82 70 117 126 249 414 300 263 264 197 178 238 227 190 346 215 171 369 278 257 261 163 249 207 162 137 111 111 142 145 146 121 130 137 140 141 136 127 119 120 124 135 147 152 167 201 236 239 182 192 196 193 189 191 213 305 356 357 300 266 207 195 196 199
124 123 120 134 95 88 84 77 88 89 85 79 76 76 83 71 89 214 267 278 209 302 234 117 196 234 209 181 305 258 196 281 269 377 268 208 166 234 180 159 124 131 131 125 149 139 133 141 145 147 144 136 126 123 126 135 144 155 171 189 214 248 186 182 197 197 195 195 204 232 320 359 345 290 256 206 197 199 202
127 125 123 139 101 80 93 90 88 83 77 72 69 77 85 87 86 317 238 249 199 171 243 225 339 287 254 403 300 326 215 254 218 245 241 200 175 198 176 152 138 144 146 136 127 135 145 149 150 152 147 137 129 129 136 144 147 164 183 203 234 205 168 191 199 201 203 207 218 251 334 361 317 284 247 206 199 203 202
131 129 126 144 104 95 93 88 84 79 75 74 76 88 92 71 206 412 206 219 264 301 261 214 203 413 284 413 235 224 240 319 210 282 238 216 196 203 174 140 148 154 155 146 141 146 151 142 150 157 150 140 134 136 145 150 159 173 194 220 237 168 173 193 203 208 211 219 240 311 348 332 302 282 237 206 203 207 199
134 132 141 146 108 98 91 86 82 74 69 67 88 93 96 83 281 283 279 205 287 203 200 265 330 188 245 238 202 236 249 293 240 237 182 292 252 181 174 152 158 160 158 150 149 155 142 119 154 161 153 145 142 146 154 160 169 185 209 234 209 162 177 194 206 213 224 243 264 268 287 308 301 273 227 207 207 208 197
136 134 147 145 113 98 91 84 80 96 93 90 92 96 100 164 414 269 277 298 228 214 276 392 366 198 173 209 225 260 281 551 265 188 219 140 205 186 157 162 160 156 158 155 157 153 124 134 162 165 158 152 152 157 163 168 180 202 226 240 176 162 179 194 207 221 232 236 237 251 284 308 295 253 219 209 211 206 200
137 135 149 144 117 99 90 85 98 92 95 92 95 89 94 396 261 389 140 141 128 392 416 411 305 270 239 202 185 263 518 246 174 174 206 161 182 188 165 166 138 149 159 160 158 127 136 140 166 168 164 161 162 167 171 179 197 220 236 236 168 162 178 193 208 219 217 218 229 257 291 305 283 236 213 212 212 200 204
136 135 149 145 118 103 90 83 94 95 93 90 88 94 182 324 399 183 155 184 330 385 322 313 248 216 178 168 171 291 641 150 238 188 265 176 185 179 168 158 111 146 158 153 131 141 141 134 168 169 168 168 171 175 181 193 213 231 234 176 157 165 177 191 205 209 209 216 236 266 296 299 266 223 211 214 209 201 207
136 134 148 148 116 105 90 87 98 97 102 119 111 104 332 321 352 175 186 243 528 226 218 247 243 220 171 174 178 320 314 256 139 229 247 202 206 172 170 141 127 125 128 138 146 147 140 132 168 169 169 172 178 183 192 206 225 230 223 166 156 166 176 190 201 205 209 221 246 274 297 287 242 215 211 211 199 204 210
135 134 147 151 110 104 87 82 95 92 102 94 100 401 226 279 287 126 157 265 437 233 181 182 221 238 202 193 183 249 182 127 189 262 217 205 179 177 142 139 140 142 147 153 154 148 140 145 164 167 163 143 169 189 201 213 222 217 169 156 160 167 178 190 198 204 212 228 253 280 292 269 227 209 211 201 200 204 211
134 133 149 159 102 100 91 106 94 121 124 134 355 247 695 276 414 104 106 423 569 232 164 157 205 222 208 231 201 204 165 220 279 224 231 180 194 139 151 154 156 157 158 158 155 148 139 131 158 161 151 123 126 133 179 202 163 157 158 157 162 170 181 191 198 206 217 237 260 281 280 247 215 204 208 195 199 203 210
133 133 151 163 96 97 108 105 111 105 88 154 248 352 347 482 491 71 107 383 608 211 170 170 198 227 240 268 264 305 243 344 283 211 228 187 192 154 162 164 163 161 160 157 152 146 140 135 148 149 127 128 130 135 142 148 151 155 169 191 184 172 183 190 198 208 222 244 265 276 262 228 205 200 204 195 198 202 209
131 132 155 167 98 100 106 114 110 140 329 269 438 151 152 524 448 182 423 383 201 186 192 195 205 213 249 296 339 421 420 393 250 202 232 189 206 198 186 171 168 163 159 154 149 145 141 138 136 133 132 133 136 139 143 148 152 158 188 200 199 189 185 192 200 212 231 250 266 266 244 214 197 196 200 193 197 202 208
130 131 159 175 109 121 132 141 155 246 195 530 231 114 93 276 244 195 172 191 201 173 198 189 197 208 241 303 413 617 436 344 227 213 239 205 220 221 221 216 209 201 194 188 181 171 153 141 139 137 136 137 140 143 146 148 152 157 171 192 191 177 184 191 200 214 235 252 260 250 225 201 190 193 196 192 196 201 206
131 133 165 189 131 158 166 206 268 304 337 306 371 633 868 300 282 258 162 155 186 172 199 194 192 198 227 315 495 231 254 246 213 230 246 222 234 233 233 228 220 209 197 189 185 184 178 156 143 141 140 141 144 148 151 154 158 164 187 202 201 192 190 196 205 219 239 250 249 233 209 190 184 191 190 191 195 199 203
136 138 170 177 108 122 131 117 126 177 129 113 528 801 425 282 315 167 148 189 183 175 194 205 199 201 244 341 480 145 225 283 240 243 247 227 233 235 236 238 241 241 230 212 198 190 187 183 167 146 144 144 144 145 147 149 153 159 165 171 175 179 185 193 203 217 234 240 233 215 194 178 179 185 177 189 193 196 198
143 144 176 171 112 100 107 130 135 133 68 258 827 281 340 282 191 173 164 157 204 195 182 213 211 224 262 300 336 324 201 189 286 237 221 228 228 229 229 233 243 261 268 265 256 234 210 196 188 181 167 150 153 158 162 165 169 187 205 211 210 202 198 203 210 220 229 228 216 197 173 160 167 172 178 186 189 191 191
152 164 182 152 85 89 79 104 126 62 35 245 267 393 265 202 186 182 193 224 220 209 193 214 234 247 244 230 223 204 175 235 210 246 233 237 239 235 234 230 230 237 253 279 295 301 294 272 241 209 192 173 135 137 143 148 152 157 163 171 178 187 196 203 208 216 220 216 203 179 150 151 158 168 177 183 185 186 182
177 186 196 157 85 70 93 209 230 363 608 232 240 318 237 154 175 209 205 221 222 232 216 224 222 227 225 212 189 175 174 196 262 208 253 218 227 208 218 225 233 236 241 249 264 294 320 342 354 354 346 327 305 277 246 230 216 208 203 202 201 199 202 201 202 205 202 186 149 137 136 144 155 166 174 180 181 179 174
200 203 217 205 155 242 413 304 295 275 261 247 275 301 298 277 247 230 233 241 240 233 233 235 237 232 233 236 240 246 251 254 246 234 224 224 222 221 220 221 223 224 227 235 259 274 283 287 289 288 284 277 270 264 257 247 235 219 205 203 204 205 206 207 209 209 203 187 167 163 163 166 170 173 175 177 177 175 169
209 213 221 242 273 362 529 467 423 385 290 272 267 287 344 346 271 244 242 244 241 228 230 235 239 241 243 244 243 241 236 232 235 237 237 236 234 232 230 230 232 234 237 251 275 290 300 304 309 311 310 305 297 288 279 265 245 222 215 210 206 202 201 203 206 203 194 183 178 175 174 174 175 175 175 174 174 172 167
221 225 237 257 317 462 595 739 783 546 343 295 280 274 321 374 324 272 249 241 240 237 238 243 247 248 246 240 228 227 235 242 245 246 245 244 240 235 231 230 232 236 241 252 279 297 308 314 319 323 323 318 309 297 284 264 235 222 214 210 205 202 200 200 198 192 185 182 178 175 174 174 174 174 173 172 170 169 167
234 259 266 288 389 337 307 262 252 243 572 436 316 297 355 424 428 337 269 244 243 242 244 249 253 253 247 228 227 234 242 249 251 251 250 249 246 237 230 227 228 234 241 250 278 300 315 322 327 328 325 317 303 284 261 244 227 214 207 205 204 203 202 199 195 188 185 182 179 176 175 174 175 175 173 171 169 169 169
