---
Vertical Velocity & Wind [kt] at 850mb Direction [deg] Valid 1100 NZST ~Z75~(2300Z)~Z~ MON 5 Jan 2026 ~Z75~[47hrFcst@2110z]~Z~
Model= RASP Region= NZ Grid= d1 Reskm= 6.0 Indexs= 1 79 1 99 Proj= lambert 6000 6000 -35.0000 -42.0000 176.0000 -38.5000 176.0000
Day= 2026 1 5 MON ValidLST= 1100 NZST ValidZ= 2300 Fcst= 47.0 Init= 46 Param= press850 Direction Unit= cm/sec Mult= 1 Min= 1 Max= 0
237 238 238 240 244 255 266 275 278 281 284 292 301 305 306 307 309 311 313 315 316 318 323 330 337 342 344 345 342 337 329 325 327 332 339 344 344 342 339 335 331 330 328 327 325 323 320 318 315 311 308 304 299 295 290 285 279 274 268 262 258 253 250 247 244 242 241 240 239 239 238 238 238 239 239 238 238 237 235
238 237 235 235 240 253 265 274 279 282 283 291 302 307 308 307 308 309 311 312 314 315 320 325 335 342 343 349 352 348 323 310 312 319 331 339 340 340 339 336 329 326 325 325 323 321 318 315 312 309 306 303 299 295 291 286 281 276 270 265 260 256 252 248 246 244 243 241 240 239 239 238 238 238 238 237 237 236 235
240 238 239 240 246 256 267 276 282 285 289 294 299 304 307 307 308 309 310 310 311 313 316 321 332 342 346 350 359 350 328 313 311 316 325 333 336 338 337 333 325 321 321 321 320 317 314 311 309 306 303 300 297 294 290 285 281 276 270 265 260 256 252 248 245 243 242 240 239 238 237 237 236 236 236 236 236 236 235
244 244 246 249 252 259 269 278 284 287 291 295 299 302 306 307 308 309 309 309 308 309 312 317 324 337 345 353 16 349 332 319 314 314 319 324 328 332 335 328 319 310 310 313 313 312 310 308 305 302 300 298 296 293 289 285 280 275 270 265 260 256 251 248 244 242 240 238 237 236 235 234 234 234 233 234 235 235 234
251 251 254 257 258 264 271 279 285 287 291 295 299 302 305 307 309 309 309 307 306 306 308 314 321 328 341 350 4 15 345 328 312 312 319 321 319 322 329 324 314 306 300 304 306 307 308 306 304 301 298 296 294 292 288 284 279 274 270 265 261 256 252 247 243 240 237 236 234 233 232 231 230 230 229 232 234 234 234
257 259 262 264 265 268 273 279 285 289 292 296 300 304 306 308 309 310 309 307 305 304 305 310 319 327 336 345 351 8 348 327 322 327 334 330 323 321 323 322 317 311 302 300 300 300 300 300 299 297 295 293 292 290 287 283 279 274 270 266 261 257 252 248 244 240 237 235 234 233 231 230 229 229 228 231 233 233 233
262 265 267 270 270 272 276 280 284 289 292 295 299 303 306 308 309 309 308 305 304 303 303 307 315 326 333 337 345 2 357 322 324 318 323 317 314 315 317 316 315 313 306 298 296 295 295 295 294 293 292 290 288 287 285 282 279 274 270 266 262 257 253 248 244 240 238 236 234 233 231 230 228 228 227 231 233 233 232
265 268 271 273 274 276 279 281 284 287 291 294 298 302 305 307 308 308 306 304 302 301 301 304 311 321 329 332 340 356 348 316 308 304 303 299 299 304 309 312 315 314 310 301 294 291 290 289 289 289 288 287 285 283 282 280 278 274 270 266 262 257 253 248 244 240 238 236 234 233 231 229 228 228 227 230 232 232 232
267 270 273 275 276 278 280 282 284 286 289 292 296 300 303 305 306 306 304 302 300 299 299 301 307 316 325 331 335 339 343 325 297 286 285 286 294 302 307 311 314 316 314 307 295 290 286 285 285 284 284 283 282 280 279 278 276 274 270 266 262 257 253 249 244 241 238 236 234 232 231 229 228 228 227 230 232 232 231
268 271 273 275 276 278 280 282 283 285 287 289 293 298 301 303 304 304 302 299 297 297 297 299 304 311 319 327 330 331 330 318 301 290 290 295 302 306 309 312 315 315 316 311 299 290 284 281 281 281 280 280 279 277 276 275 274 273 270 266 262 258 253 249 244 241 238 236 234 232 231 229 228 228 227 229 231 231 231
268 270 272 274 276 277 279 281 282 283 284 287 290 295 298 301 302 302 300 297 295 294 295 297 301 308 315 321 325 326 323 318 311 305 303 305 308 311 313 316 316 317 318 311 304 293 283 278 278 278 277 276 275 274 273 272 272 270 269 266 262 258 253 249 245 241 238 236 234 232 231 229 228 228 226 229 230 231 230
268 270 272 273 275 276 278 279 280 281 282 284 287 291 295 298 299 299 297 294 292 291 291 294 299 306 313 317 321 322 320 317 315 312 309 310 313 315 317 319 320 321 315 308 304 299 286 277 276 275 274 273 272 272 271 269 269 268 267 265 261 257 253 249 245 241 238 236 234 232 230 229 228 228 226 229 230 230 230
268 269 271 272 274 275 276 278 279 279 280 281 284 288 291 294 295 296 294 291 289 288 288 290 296 305 312 316 318 319 320 318 317 316 315 315 316 317 320 322 324 320 309 301 301 301 291 279 274 273 272 271 270 269 268 267 266 265 264 263 260 257 253 249 245 241 238 235 233 231 230 229 228 227 226 228 230 230 230
267 269 270 272 273 274 275 276 277 278 278 279 281 284 287 290 291 292 290 287 285 284 284 287 294 303 311 315 318 319 320 319 319 318 318 318 318 319 322 325 324 316 307 301 301 299 294 283 275 272 270 268 267 266 266 264 263 262 262 261 259 256 252 249 245 241 238 235 233 231 230 229 228 227 226 228 229 229 229
267 268 269 271 272 273 274 275 276 276 276 277 278 281 283 286 287 288 287 284 282 281 281 284 291 301 309 314 316 318 319 319 321 320 320 320 319 321 325 327 323 313 306 302 303 302 295 286 277 272 269 267 265 264 263 262 261 260 259 258 257 255 252 248 244 241 238 235 232 231 229 228 228 227 225 227 229 229 229
266 267 268 270 271 272 273 274 275 275 275 275 276 278 280 282 284 285 284 282 279 278 278 281 287 297 307 312 315 316 317 319 321 321 321 320 321 324 329 329 321 309 301 304 308 306 295 288 281 274 270 266 263 261 260 260 258 257 256 255 254 253 251 247 244 240 237 234 232 230 229 228 227 227 225 227 228 229 228
265 266 268 269 270 271 272 273 274 274 274 273 274 275 277 279 281 283 282 280 277 276 276 278 284 293 303 309 312 313 315 319 321 322 322 320 322 329 334 331 321 308 304 307 304 304 294 292 287 277 269 264 261 259 257 257 255 254 253 252 251 250 249 246 243 240 237 234 232 230 228 228 227 226 225 226 228 228 228
264 265 267 268 269 270 271 272 273 273 273 272 272 273 274 276 279 281 281 278 275 274 274 276 282 290 298 305 309 311 314 319 321 322 322 320 324 329 329 333 315 303 305 305 299 297 295 296 295 285 268 261 259 256 254 253 252 251 250 248 248 247 246 244 242 239 236 233 231 229 228 227 227 226 224 226 227 228 228
264 265 266 267 268 269 270 271 271 272 272 271 271 271 272 274 277 279 279 277 274 272 272 275 280 287 295 302 306 310 316 319 321 321 320 320 324 329 328 324 303 294 294 294 296 292 292 296 302 296 275 259 256 254 251 250 249 247 246 245 244 244 244 242 240 238 235 233 231 229 227 227 226 225 224 226 227 227 228
263 264 265 266 267 268 269 269 270 271 271 271 270 269 270 271 274 277 277 275 273 271 272 274 279 285 293 300 305 314 320 320 320 319 319 322 326 333 328 313 296 290 287 288 289 289 291 295 305 297 278 263 255 252 248 247 245 244 243 242 241 241 241 240 239 237 235 232 230 228 227 226 225 225 223 225 226 227 227
263 263 264 265 266 267 267 268 269 269 270 270 269 268 268 269 272 275 275 274 272 271 273 275 279 285 292 299 308 318 322 319 317 316 319 321 321 325 321 308 291 291 289 290 289 285 285 287 300 293 279 266 257 251 247 245 243 242 241 239 239 239 239 238 237 236 234 231 229 227 226 225 225 224 223 225 226 227 227
262 263 264 264 265 266 266 267 267 268 269 269 269 268 267 268 270 273 274 273 272 273 274 277 280 285 293 302 314 320 319 316 313 314 316 317 314 317 315 306 292 291 291 292 289 284 280 276 276 284 280 269 259 253 248 244 242 240 239 238 237 237 237 236 235 234 233 230 228 226 225 225 224 223 222 224 226 226 227
261 262 263 263 264 265 265 265 266 267 268 268 268 268 267 267 269 272 273 273 273 274 276 278 282 288 299 310 317 319 317 312 309 308 312 313 307 309 308 302 293 295 295 288 285 281 276 270 266 268 274 272 263 257 251 246 243 240 238 236 236 235 235 234 234 233 231 229 227 226 225 225 224 223 222 224 226 226 227
260 261 262 262 263 264 264 264 265 265 267 268 268 268 267 268 269 271 272 272 273 275 277 279 285 299 308 313 315 315 312 308 305 303 307 306 301 303 299 294 290 298 288 272 277 279 274 267 266 265 268 273 269 262 255 249 244 240 237 235 234 234 233 232 232 231 230 228 226 225 225 224 224 223 222 224 226 226 227
260 260 261 261 262 262 263 263 263 264 266 267 268 268 268 268 270 270 271 271 273 276 280 284 295 304 306 307 308 308 305 301 300 300 300 297 293 295 288 286 284 303 264 258 270 274 270 265 265 265 267 273 272 267 260 252 246 241 237 234 233 232 231 230 230 230 229 228 226 225 225 224 224 223 223 225 226 226 227
259 259 260 260 261 261 261 262 262 263 265 266 267 268 269 270 270 270 271 271 273 277 283 293 303 302 300 303 304 303 300 297 298 296 292 287 285 287 278 276 273 292 240 256 264 268 266 263 264 265 268 273 274 272 266 257 249 242 237 234 232 230 229 229 229 229 229 227 226 225 225 225 224 224 223 225 226 227 227
258 258 259 259 260 260 260 261 261 262 264 265 267 268 270 271 271 271 271 273 274 277 285 297 303 304 301 303 305 303 300 298 297 291 287 283 279 277 268 263 264 277 223 271 266 271 269 266 265 266 271 276 277 274 270 263 254 246 239 235 232 230 228 228 228 229 228 227 226 225 225 225 225 224 224 226 227 227 227
257 257 258 258 258 259 259 259 260 262 263 265 267 269 271 272 272 272 273 275 277 281 289 296 302 302 302 303 303 301 299 295 290 286 283 281 278 267 259 258 258 265 244 296 277 272 269 268 266 268 273 276 274 272 271 267 259 251 244 238 233 230 228 228 228 229 229 228 227 226 226 225 225 225 224 226 227 228 228
256 256 257 257 257 257 258 258 260 261 263 265 268 270 272 273 274 274 276 279 283 289 291 295 299 300 302 303 300 296 295 292 288 285 282 277 274 260 251 251 249 255 260 302 286 273 269 267 267 270 273 274 271 270 270 269 264 257 250 242 236 232 229 229 229 230 229 228 227 227 226 226 225 225 225 227 228 228 229
255 255 255 256 256 256 257 257 259 261 263 265 268 271 274 277 278 280 282 284 288 291 291 296 295 298 302 300 295 293 294 292 290 285 278 273 266 253 247 245 244 248 261 273 297 278 272 269 269 271 273 271 268 267 268 268 265 260 254 246 239 234 231 231 231 231 230 229 229 228 227 227 226 225 225 227 229 229 229
254 254 254 255 255 255 255 256 258 260 263 265 269 274 279 282 284 285 286 287 288 287 290 293 293 297 300 298 295 295 296 294 288 280 272 268 263 253 245 241 241 247 256 246 291 280 273 271 272 273 272 268 265 263 264 264 263 261 256 250 243 237 234 233 233 232 232 231 230 229 228 227 226 226 226 228 229 230 230
253 253 253 254 254 254 254 255 257 259 262 265 271 280 287 289 289 287 285 284 280 281 288 292 292 295 298 297 295 296 299 296 287 276 267 263 261 254 244 237 238 245 248 229 286 291 280 278 278 277 273 266 261 259 259 260 259 259 257 253 247 242 239 238 236 235 234 233 232 231 230 228 227 227 226 228 230 230 230
252 252 252 252 252 252 252 253 255 258 261 265 280 293 298 297 292 285 278 272 272 278 285 287 288 289 294 294 295 300 300 294 285 272 257 254 251 247 238 230 233 239 233 201 335 324 301 293 290 286 278 267 260 256 256 256 256 257 257 255 251 248 245 243 241 239 237 236 235 233 231 229 228 227 227 229 230 230 230
252 251 251 251 251 250 250 250 252 254 259 271 292 298 300 298 287 276 268 263 267 279 282 282 282 284 290 293 297 302 300 294 284 262 239 233 237 236 234 227 228 228 221 196 75 24 343 322 308 298 287 272 263 258 255 253 253 255 257 257 255 253 250 248 245 242 240 239 237 235 233 231 229 228 228 229 230 230 231
251 251 250 250 250 249 248 248 249 249 251 255 277 283 295 291 276 266 260 257 262 281 287 288 289 300 306 305 302 303 300 292 0 0 262 224 267 268 260 237 222 214 207 187 78 62 27 1 333 311 299 286 273 264 257 253 252 254 256 257 257 255 254 251 247 244 242 242 240 237 235 232 230 230 229 230 231 231 231
250 250 249 249 249 247 246 246 246 245 243 230 240 255 271 267 259 253 249 248 255 282 293 297 302 308 307 305 301 305 300 291 289 0 302 308 332 330 313 271 237 218 216 28 47 53 31 17 356 328 310 300 289 275 263 255 252 253 255 257 257 256 255 252 248 244 243 244 243 240 237 234 232 231 230 231 231 231 231
249 249 248 248 247 246 245 244 244 243 242 229 221 229 231 233 236 239 240 243 250 284 298 297 305 300 297 301 297 298 295 288 284 289 284 302 337 335 322 302 280 274 312 4 26 31 19 13 358 336 314 307 302 290 273 260 254 253 255 257 257 257 255 252 249 245 245 245 245 242 239 236 234 233 232 232 231 231 230
248 248 248 247 247 245 244 243 242 242 242 237 227 222 223 225 228 232 239 247 257 276 292 298 297 294 297 298 292 290 288 283 282 285 287 301 324 328 322 313 300 293 306 328 339 352 4 3 348 341 321 311 308 302 288 270 259 255 256 257 259 259 257 252 248 245 245 245 245 244 241 238 236 235 234 233 232 231 230
248 247 247 246 246 244 243 242 241 241 241 242 239 234 232 234 236 239 245 254 262 272 287 294 287 294 296 291 286 288 287 283 279 281 284 292 312 314 312 309 303 298 298 307 318 326 341 351 355 355 336 323 316 310 301 286 270 260 257 258 260 261 260 255 247 243 245 246 246 245 243 240 238 237 236 234 232 231 230
247 247 246 246 245 244 242 241 240 240 240 241 242 242 243 244 246 248 251 258 263 271 284 291 292 292 292 289 284 284 283 282 281 282 282 289 309 301 295 297 295 297 296 299 308 311 319 329 335 353 356 343 326 315 309 300 287 273 262 259 261 265 270 273 262 246 244 248 248 246 244 242 240 239 238 235 233 231 230
246 246 246 245 244 243 242 241 240 240 240 241 242 243 245 246 248 250 254 259 263 268 276 292 295 288 290 288 279 283 285 285 285 283 279 283 295 280 268 276 278 286 290 293 299 302 307 313 316 325 346 345 334 319 312 307 299 288 274 266 265 270 280 289 278 255 244 247 248 246 245 243 242 240 239 237 234 231 229
246 246 245 245 244 243 242 241 240 240 241 241 242 243 244 246 248 250 254 258 263 265 272 285 287 285 289 284 281 290 294 292 287 280 272 279 277 263 256 259 257 266 280 289 294 298 302 307 306 306 324 340 336 325 318 313 308 300 290 279 273 276 284 285 279 259 245 246 247 246 245 244 242 241 240 237 234 232 230
245 245 245 244 243 242 241 241 241 241 241 241 242 243 244 246 248 250 253 257 261 263 270 277 279 282 290 286 289 294 298 294 283 276 273 280 271 261 258 260 260 262 275 287 290 294 297 300 302 304 307 320 327 336 348 336 321 312 304 295 288 288 291 283 276 259 248 247 247 246 245 244 243 241 241 238 235 232 230
244 244 244 244 243 242 241 241 241 241 241 241 241 242 244 245 247 249 252 255 259 262 266 276 283 284 289 284 289 298 298 289 282 277 276 275 267 263 262 264 265 265 275 283 285 287 289 291 294 298 300 301 300 308 34 19 350 332 324 319 308 298 287 284 271 255 252 249 248 246 245 244 243 241 241 238 235 232 230
244 244 244 243 243 241 241 240 240 240 240 240 241 242 243 244 246 248 251 254 257 260 267 282 292 292 289 285 289 294 293 287 281 278 277 278 275 273 270 269 269 270 273 280 284 284 283 284 288 296 297 294 291 292 290 294 266 48 2 349 328 307 289 279 269 258 254 252 250 247 246 244 242 241 240 238 235 232 230
243 243 243 243 242 241 240 240 240 240 240 240 240 241 242 243 245 247 250 254 257 259 269 285 294 296 293 288 286 289 290 285 280 279 280 287 291 289 283 279 275 275 275 277 284 285 282 281 285 293 293 290 290 295 295 286 253 331 337 330 321 312 296 280 274 266 257 254 250 246 245 244 242 240 240 238 235 232 229
243 243 242 242 241 240 240 239 239 239 239 239 240 240 241 242 244 246 249 253 256 257 274 284 285 288 291 288 284 289 287 282 282 281 283 284 297 302 302 297 290 284 282 281 283 282 276 275 283 290 291 288 288 292 300 294 295 300 316 341 338 314 295 282 279 275 266 259 254 248 243 243 242 240 240 237 234 232 229
242 242 242 242 241 240 239 239 238 238 238 238 239 239 240 241 242 244 248 251 255 254 280 286 285 285 285 288 284 282 287 289 282 280 283 288 292 297 299 299 297 296 294 290 282 282 277 272 277 286 286 285 283 287 293 295 293 287 319 359 354 321 298 286 283 281 278 272 268 259 246 241 242 241 240 237 234 231 228
241 241 241 241 240 239 238 238 238 237 237 237 238 238 239 239 240 242 245 249 253 253 311 294 284 284 284 287 284 281 289 285 278 277 283 291 296 296 291 289 292 296 291 287 283 284 283 276 276 285 285 289 277 276 284 289 285 286 305 343 1 347 310 291 286 286 286 284 279 267 254 243 242 241 240 237 233 230 228
241 241 240 240 239 238 237 237 237 236 236 236 237 237 238 238 238 240 242 246 250 249 310 288 280 280 285 285 285 282 284 277 276 277 281 289 296 296 293 294 293 289 285 282 284 284 283 280 281 286 284 286 278 271 279 283 284 283 296 319 341 341 318 300 291 290 292 291 286 272 260 249 242 242 240 236 233 230 227
240 240 240 239 238 237 236 236 236 236 235 235 236 237 237 237 237 237 239 244 246 230 289 286 285 286 287 284 280 276 281 288 283 277 274 282 289 291 289 289 286 289 289 288 289 290 287 285 284 287 287 287 280 269 275 290 291 285 292 313 329 337 332 315 302 298 301 296 288 277 265 254 245 242 239 236 232 229 227
240 240 239 239 238 236 235 235 235 235 235 235 235 236 237 237 236 236 237 241 245 224 273 294 293 298 298 287 274 269 281 295 279 266 259 265 276 286 286 283 279 285 287 290 278 283 288 290 287 284 289 289 279 267 271 289 294 293 299 310 317 320 321 314 311 308 309 298 289 280 270 257 248 244 240 235 232 229 226
240 239 239 239 237 236 235 235 235 235 235 235 235 236 237 236 235 234 235 236 240 216 206 280 287 292 294 281 271 266 261 271 265 252 238 245 262 275 283 283 280 282 289 286 280 281 287 292 290 285 276 275 275 263 262 277 287 288 291 300 303 305 301 301 305 309 304 300 296 287 277 262 250 245 241 236 231 228 225
239 239 239 238 237 236 235 235 235 235 235 235 235 236 236 236 234 233 233 234 236 218 205 251 301 288 279 271 263 260 257 248 247 245 240 237 246 259 277 289 286 285 290 291 295 289 285 287 296 282 264 260 262 256 252 261 273 267 258 274 283 288 290 293 291 280 288 298 298 291 280 268 254 247 242 236 231 227 224
239 239 238 238 237 236 236 236 236 236 236 235 236 236 235 234 233 232 233 234 236 230 208 184 305 296 285 268 260 258 257 257 255 249 244 238 234 241 273 291 286 281 284 289 291 294 286 282 283 276 260 255 258 245 238 237 235 227 225 238 244 269 285 280 280 266 294 293 285 285 281 273 259 248 242 235 229 226 223
239 239 238 238 237 236 236 236 236 236 236 236 235 235 234 232 231 231 232 235 236 240 241 216 298 274 270 265 259 259 260 260 261 260 256 250 245 243 267 287 279 273 277 285 284 290 289 279 265 279 269 250 241 228 219 213 210 204 202 202 202 217 254 267 276 271 278 275 276 283 283 277 262 249 242 234 227 224 221
239 239 238 238 238 237 236 237 237 237 236 236 235 234 232 230 229 229 232 234 237 239 244 237 229 278 266 266 263 262 265 265 267 268 265 261 258 256 260 279 272 268 275 275 293 309 284 267 260 261 248 236 228 222 216 210 206 203 200 196 191 183 178 207 269 270 270 227 263 290 286 278 266 251 241 233 226 221 219
239 239 238 238 238 237 237 237 237 236 236 235 234 232 230 229 228 229 231 233 236 239 242 243 252 304 285 270 265 266 269 270 271 272 268 266 266 263 259 272 272 269 274 280 294 296 267 249 237 238 231 225 221 217 214 209 206 205 205 205 199 181 159 152 254 274 286 231 79 318 293 278 266 252 240 231 223 219 216
239 239 238 238 238 237 237 237 236 236 235 234 233 231 230 228 228 229 230 232 234 237 241 242 275 320 290 269 265 269 273 274 273 271 270 270 269 265 262 267 272 271 269 281 282 262 248 235 222 222 223 220 217 215 213 211 209 208 209 208 207 194 161 153 226 272 280 273 311 22 332 283 265 253 239 230 221 216 214
239 238 238 238 238 237 237 236 235 234 234 233 232 231 230 229 229 230 230 231 232 236 241 240 226 330 277 266 268 272 276 277 277 276 275 273 270 267 263 264 267 267 265 273 271 247 232 226 222 219 218 218 219 219 218 216 213 212 211 210 208 203 179 154 169 246 271 270 319 11 352 291 266 253 239 227 218 213 211
238 237 237 237 238 237 236 235 234 233 232 232 232 231 230 230 230 230 230 229 230 235 242 247 239 265 266 272 274 277 280 281 281 280 279 276 271 269 266 263 263 262 259 260 246 228 221 221 223 224 224 225 226 226 224 222 220 218 216 214 211 203 192 166 155 161 269 268 318 355 338 294 268 249 235 224 215 210 208
237 236 236 237 239 238 236 234 233 231 231 231 231 231 231 231 231 230 229 228 229 234 241 251 252 268 280 281 280 281 283 283 283 282 281 278 273 272 271 272 263 256 246 240 227 216 214 216 222 227 229 231 232 231 230 229 226 224 221 219 215 208 196 182 164 160 188 232 308 339 339 305 276 250 230 219 211 207 205
238 236 236 236 240 239 236 234 232 230 230 230 231 231 232 231 230 229 228 227 229 235 243 253 263 283 287 285 284 285 285 285 285 283 282 279 275 276 273 265 247 237 230 224 216 212 213 216 220 225 228 232 234 234 234 232 231 228 225 222 218 212 203 191 180 165 167 175 184 340 349 310 269 249 228 213 206 203 201
240 238 237 238 242 240 237 234 232 231 230 230 231 231 231 230 229 227 226 226 230 237 247 257 275 289 289 290 289 288 287 286 285 283 280 278 277 281 265 244 234 229 225 220 215 212 214 216 219 223 226 230 232 233 233 232 231 229 226 223 219 215 208 199 191 178 165 163 163 159 23 287 254 240 225 209 201 199 198
245 242 241 241 244 242 239 236 234 232 231 231 232 231 231 229 227 225 224 226 231 239 251 263 281 293 296 297 295 292 290 287 286 283 281 280 283 279 255 241 235 233 231 228 223 219 219 221 222 224 226 227 229 230 230 229 228 226 224 222 219 216 211 205 197 189 179 170 166 161 168 219 235 227 215 201 196 194 194
250 248 246 245 247 244 240 237 235 234 233 232 232 232 230 228 226 224 224 227 233 243 256 270 286 297 303 301 296 294 293 292 290 285 284 288 294 274 257 248 243 239 238 235 232 229 228 228 228 227 227 226 226 226 226 225 224 223 222 220 218 216 212 208 201 194 188 180 177 175 178 196 213 212 201 194 191 190 190
256 253 251 249 249 245 241 238 236 235 234 233 232 231 229 227 224 223 224 229 237 248 261 274 288 300 302 297 293 292 296 297 291 286 289 303 286 270 260 253 247 242 241 239 238 235 234 233 232 230 227 225 223 222 221 220 220 219 219 218 217 215 213 209 204 199 194 190 188 189 190 197 203 198 190 187 185 186 187
261 258 255 252 250 246 241 238 236 234 233 233 232 230 228 225 223 223 226 232 242 254 267 279 288 296 300 296 288 287 292 292 284 282 294 303 275 264 256 252 246 242 240 239 239 237 235 234 232 229 226 223 220 218 217 216 216 216 216 216 215 214 212 210 206 202 199 196 195 196 198 200 199 189 181 180 180 182 184
265 261 257 253 251 246 241 237 235 233 232 231 230 228 226 224 223 224 229 237 247 260 272 283 287 302 302 293 283 279 282 282 277 278 295 304 282 266 256 250 244 239 237 236 236 235 233 231 229 226 223 219 217 214 213 213 213 213 213 213 214 213 212 210 207 204 202 201 200 200 200 200 194 181 175 175 177 179 181
268 263 258 253 252 247 240 236 234 232 231 230 228 226 224 223 224 227 233 242 253 265 276 283 288 307 295 283 277 273 272 276 278 280 300 307 285 270 261 250 242 236 233 232 231 231 229 227 224 221 218 215 212 210 210 210 210 210 210 211 212 213 212 210 207 205 204 203 203 202 201 198 190 177 171 172 175 177 179
272 265 258 253 253 247 240 235 233 231 230 229 227 226 224 224 226 231 238 248 259 270 277 282 286 295 284 276 270 269 269 273 279 283 311 309 276 266 259 248 241 234 230 229 228 227 225 222 219 216 213 210 208 206 206 207 207 208 208 209 211 212 213 211 208 205 204 204 204 202 201 197 188 175 170 171 173 175 178
276 266 258 253 253 247 239 235 232 230 230 229 228 226 226 227 230 237 244 253 264 272 276 280 282 289 285 275 268 269 265 264 271 283 309 289 268 259 253 246 238 232 228 226 225 223 221 218 214 211 208 205 203 203 203 204 205 205 206 207 209 211 214 213 209 206 204 203 203 201 199 196 188 176 170 170 172 174 176
280 269 260 253 251 245 238 233 231 230 230 230 229 229 230 232 237 243 250 258 266 272 275 279 280 278 272 267 266 268 269 266 267 267 305 297 272 258 250 242 235 229 225 223 221 220 217 214 210 206 203 201 200 199 200 201 202 203 203 204 205 208 213 214 209 204 202 201 200 199 197 195 188 177 170 170 171 173 175
284 273 263 255 250 243 237 233 231 231 231 232 233 234 236 240 245 250 255 261 266 272 273 276 280 276 266 266 269 270 276 275 271 272 332 312 280 261 248 239 231 225 222 220 219 217 214 211 207 203 200 198 197 197 197 199 200 200 200 199 199 202 208 211 208 202 198 197 196 196 195 193 187 177 171 169 171 172 174
289 278 267 258 249 242 237 235 234 234 235 237 239 242 245 248 252 255 259 263 266 270 270 268 272 272 267 267 271 271 274 273 271 319 341 288 278 261 246 235 227 222 219 217 215 214 211 208 204 201 199 197 196 195 196 198 198 197 195 194 194 197 202 206 205 199 195 193 192 192 192 191 186 177 170 169 170 171 173
294 285 273 262 250 243 240 238 238 239 240 243 246 250 253 256 258 259 261 264 265 265 266 264 261 261 257 256 259 267 271 271 268 345 294 271 271 257 242 231 223 218 216 214 212 210 208 206 203 201 199 197 196 196 196 197 196 194 191 191 191 193 197 201 201 196 191 189 189 189 189 188 183 175 170 168 169 170 172
299 291 279 268 253 247 244 243 244 245 247 250 253 257 259 261 262 263 263 262 263 261 260 260 256 257 251 245 249 264 265 261 257 287 256 260 272 252 238 226 218 214 212 210 209 207 206 205 203 201 199 198 198 197 198 197 194 191 189 189 189 190 194 196 196 192 189 187 186 186 186 185 180 173 168 167 168 169 171
302 296 286 274 258 252 250 249 250 251 253 256 260 263 264 264 264 265 268 261 259 257 254 250 245 246 254 256 262 260 256 247 241 279 238 238 254 242 230 220 213 210 209 207 206 205 205 204 203 202 201 199 199 199 199 196 193 190 188 188 188 188 190 192 191 189 187 185 184 183 183 181 176 170 167 166 167 168 170
306 301 291 280 264 258 256 255 256 258 260 262 265 267 267 266 264 264 268 264 260 256 250 244 244 245 259 266 261 255 247 233 213 252 230 228 231 227 220 213 208 207 206 205 204 204 204 204 203 202 201 200 199 199 198 195 192 189 187 187 186 186 187 188 188 187 186 184 182 181 181 178 173 167 165 165 167 167 169
308 304 297 287 269 263 261 261 262 264 266 268 270 270 268 265 263 263 269 266 271 255 245 242 247 254 259 259 256 250 241 233 211 236 229 226 225 221 213 207 204 203 203 202 202 203 204 204 204 202 201 200 199 198 196 193 190 187 185 184 184 185 185 186 187 186 185 183 181 180 179 176 170 165 164 164 166 167 169
310 307 301 293 273 267 265 266 268 272 273 274 273 270 266 264 260 262 262 272 281 259 245 242 244 250 253 253 249 244 237 230 220 234 227 223 220 216 209 203 201 200 200 200 201 201 203 203 203 202 200 199 197 195 193 190 187 185 183 182 182 182 183 184 185 185 184 183 181 179 177 173 167 163 162 163 165 166 168
313 311 306 298 278 271 269 272 276 280 280 278 272 267 263 258 258 256 245 268 259 255 247 240 239 244 247 246 242 238 233 227 237 229 222 218 214 209 204 200 198 198 198 198 199 200 201 202 202 201 199 197 194 192 189 186 183 181 180 179 179 179 180 181 182 183 183 182 180 178 175 171 165 161 161 162 164 165 167
314 313 309 303 283 276 275 279 285 288 285 279 271 264 258 254 255 250 240 239 236 241 240 236 235 236 237 236 235 232 228 217 233 225 217 213 208 203 200 197 196 196 196 196 197 197 198 199 199 198 196 194 192 189 186 183 180 178 176 176 175 176 177 178 179 180 180 180 178 176 173 169 163 159 159 161 162 164 166
314 313 311 307 290 282 283 287 293 293 287 279 271 264 257 255 249 256 241 230 231 234 233 231 229 229 229 228 228 226 222 218 219 216 211 207 202 198 196 194 194 194 194 194 193 193 194 195 195 194 193 191 188 186 183 180 177 175 174 173 173 173 174 174 175 177 177 177 175 173 171 166 161 158 158 160 161 162 164
315 314 313 311 297 290 290 294 296 293 286 278 271 267 258 259 268 251 240 230 229 230 229 226 224 223 223 222 221 220 220 216 215 210 205 200 195 193 191 191 191 191 191 190 189 188 189 190 190 190 188 187 184 182 180 177 175 173 171 170 170 170 171 171 172 173 174 174 173 171 168 164 159 156 157 158 160 161 162
317 317 316 316 306 299 297 297 295 289 281 274 267 301 259 246 306 246 238 234 230 229 226 222 219 218 217 216 215 213 215 215 209 206 199 193 190 188 187 187 187 187 187 185 184 183 183 184 184 184 183 182 180 178 177 175 173 171 170 169 168 168 168 169 170 171 172 172 171 170 167 163 158 155 155 157 158 159 161
320 320 320 323 317 310 304 299 292 283 274 267 218 254 261 191 252 249 241 237 232 228 223 217 214 213 212 211 211 211 210 210 206 200 194 188 185 184 183 183 183 183 182 180 178 177 177 178 179 179 178 177 176 174 173 172 171 169 168 168 167 167 167 167 168 169 170 170 170 168 166 162 157 154 154 156 157 158 160
325 325 326 331 329 320 311 300 288 277 267 258 251 221 296 230 218 239 241 237 229 225 218 212 209 208 207 206 207 207 207 205 201 195 189 184 181 180 179 179 179 178 176 174 172 172 172 173 173 173 173 172 171 171 170 169 168 168 167 166 166 166 166 166 167 168 168 169 169 168 166 161 156 153 153 155 156 157 158
331 332 333 339 341 331 318 303 287 274 267 249 244 166 283 245 233 233 235 232 223 219 213 206 203 201 201 201 201 201 201 199 195 190 185 181 178 176 175 175 174 172 170 168 167 167 167 168 168 169 169 168 168 167 167 166 166 166 165 165 165 165 164 165 165 166 167 167 167 167 165 160 155 152 152 155 156 156 157
338 339 342 349 352 342 327 309 288 265 258 251 239 215 211 228 224 230 225 223 215 210 206 199 195 194 194 194 193 193 195 193 190 185 181 177 174 172 171 170 168 166 165 163 163 162 163 163 164 165 165 165 165 164 164 164 164 164 164 164 164 164 163 163 164 165 165 166 166 165 163 159 154 151 152 154 155 156 156
345 347 351 1 3 354 340 321 292 262 249 249 242 227 214 222 219 222 217 213 206 200 196 191 188 187 187 186 185 186 188 187 184 181 176 172 169 167 165 164 162 160 159 158 158 158 159 159 160 161 161 162 162 162 162 162 162 162 162 163 163 163 163 163 163 163 164 164 164 163 161 157 153 151 152 154 155 155 156
352 357 3 14 16 9 359 343 327 330 277 233 239 230 211 215 220 216 211 203 196 191 186 183 181 180 181 179 179 178 179 183 179 175 171 168 164 162 159 157 156 155 154 154 155 155 155 156 157 157 158 158 159 159 159 159 159 160 161 161 162 162 162 162 162 162 162 162 162 160 158 155 152 150 151 153 154 154 155
1 6 14 26 28 27 24 26 25 2 316 244 205 217 211 207 213 211 202 193 186 180 177 175 175 175 176 174 175 173 174 176 172 169 166 162 159 156 154 152 150 150 150 151 151 151 152 152 153 154 154 155 155 156 156 156 157 158 159 159 161 162 162 162 162 161 160 160 159 157 155 153 151 150 151 153 153 153 154
10 16 24 35 39 42 47 50 37 12 320 263 209 196 193 196 200 196 189 181 174 169 168 169 170 171 171 170 171 170 168 167 165 162 160 156 153 151 149 147 146 146 146 147 148 148 148 148 149 150 150 151 151 152 152 153 154 155 156 157 158 160 161 161 160 159 158 157 156 154 153 151 150 150 151 152 153 153 153
19 24 30 39 45 51 59 65 70 2 272 238 190 179 178 179 181 179 174 170 165 164 164 165 167 168 167 166 165 163 162 160 157 155 153 150 148 145 144 142 142 142 143 143 144 144 144 144 145 145 146 146 147 147 148 149 150 151 153 155 157 159 160 160 159 158 156 154 153 151 150 149 149 149 150 151 152 152 152
27 30 34 38 43 51 56 69 98 107 96 114 127 132 130 132 135 137 140 143 146 149 152 154 156 157 158 157 156 155 153 152 150 148 146 145 144 143 142 141 141 141 141 141 141 141 141 141 142 142 142 143 143 143 144 145 146 146 148 149 150 151 152 152 152 151 150 150 149 149 149 148 149 149 150 150 151 151 151
33 36 38 39 45 51 59 70 80 86 89 99 106 107 105 114 122 128 133 138 142 144 146 148 149 150 150 150 149 148 147 145 144 142 141 140 140 140 140 140 139 139 139 139 138 138 138 138 138 139 139 140 140 141 141 142 142 143 144 145 145 146 146 147 147 147 147 147 147 147 148 148 148 148 149 150 150 150 151
39 41 42 41 48 53 61 69 74 79 84 93 100 99 97 109 117 124 130 135 139 141 142 144 144 145 145 144 144 143 141 140 139 138 137 136 136 136 136 136 136 136 136 135 135 135 134 135 135 136 137 137 138 138 139 140 140 141 141 142 142 143 143 144 144 144 145 145 146 146 146 147 147 148 148 149 149 150 150
43 45 46 46 52 55 60 65 69 73 79 87 92 97 100 109 116 122 127 131 134 136 137 138 139 139 139 139 139 138 137 135 134 134 133 132 132 132 133 133 133 132 132 132 132 131 131 132 132 133 134 135 136 136 137 138 139 139 140 140 141 141 141 142 142 143 143 144 144 145 145 145 146 146 147 147 148 149 149
