---
Vertical Velocity & Wind [kt] at 700mb Direction [deg] Valid 1000 NZST ~Z75~(2200Z)~Z~ MON 5 Jan 2026 ~Z75~[46hrFcst@2110z]~Z~
Model= RASP Region= NZ Grid= d2 Reskm= 2.0 Indexs= 1 69 1 69 Proj= lambert 2000 2000 -35.0000 -42.0000 176.0000 -37.7968 175.7263
Day= 2026 1 5 MON ValidLST= 1000 NZST ValidZ= 2200 Fcst= 46.0 Init= 46 Param= press700 Direction Unit= cm/sec Mult= 1 Min= 252 Max= 298
285 285 287 286 285 285 286 286 285 285 286 285 285 287 287 288 287 285 284 285 287 286 286 286 286 286 286 284 283 282 282 282 283 283 282 281 279 279 280 281 283 284 280 275 274 275 274 273 273 273 274 274 273 272 271 271 277 281 277 270 268 267 267 268 270 271 269 268 268
285 286 288 287 284 284 286 287 287 287 286 285 286 287 287 288 287 285 284 285 288 288 288 288 286 286 285 284 283 282 282 283 283 283 282 281 279 278 278 278 281 284 281 276 275 275 274 273 273 274 276 276 273 271 270 271 275 279 277 272 270 268 267 268 270 271 270 269 269
284 286 289 288 285 284 286 287 288 287 286 286 287 288 288 288 287 284 283 285 288 289 289 288 287 286 286 285 283 282 281 282 282 282 282 281 280 278 277 276 278 281 281 278 276 274 273 272 272 273 275 276 273 271 269 270 272 274 274 273 273 271 268 269 270 271 271 270 270
283 285 289 290 286 285 286 287 287 286 286 287 288 289 288 288 287 284 283 284 286 289 289 287 286 285 285 285 284 282 282 282 281 281 281 281 280 278 277 275 276 278 280 280 277 273 272 271 272 272 273 274 273 273 270 270 271 271 271 273 275 274 270 270 270 271 271 271 270
281 284 289 290 286 285 287 286 286 286 287 288 289 289 288 288 287 285 284 283 286 288 288 286 284 284 285 285 284 283 282 281 280 280 280 281 281 280 278 276 275 276 277 279 276 273 271 271 272 272 272 272 273 274 272 270 271 270 270 272 275 276 272 271 271 271 271 271 270
281 283 287 289 286 285 287 286 286 287 288 289 289 289 288 288 288 286 285 284 285 287 287 285 283 284 285 285 284 283 283 282 280 280 281 281 281 280 279 277 276 275 275 276 275 273 272 272 273 274 273 272 272 273 273 272 271 271 273 274 275 275 273 272 271 271 271 270 269
281 282 286 287 285 285 286 286 287 288 288 288 289 289 288 289 288 287 286 285 285 286 286 285 284 284 284 284 284 283 283 282 280 280 281 281 280 280 279 277 276 275 275 274 274 273 273 273 274 273 272 273 273 273 273 273 273 273 274 275 275 275 273 273 272 271 270 269 269
283 283 286 287 285 285 286 287 288 288 289 289 289 289 288 288 288 288 288 287 286 285 286 286 285 285 284 284 284 284 283 282 280 280 281 280 280 279 278 277 276 275 274 273 273 273 272 273 273 272 271 273 274 273 273 274 273 273 274 275 275 275 274 274 272 269 269 272 273
287 288 290 291 288 287 288 288 288 289 289 289 289 289 289 288 288 288 288 287 286 286 286 285 285 285 284 284 284 284 283 282 281 280 280 280 279 278 278 276 275 274 274 273 272 272 272 272 272 271 271 272 273 272 273 274 274 274 274 275 274 275 275 275 272 268 270 277 281
288 290 292 293 290 288 289 288 289 289 289 289 289 289 289 289 289 288 288 287 287 286 286 285 285 284 284 284 283 283 282 282 281 281 280 279 279 278 277 276 275 274 273 272 272 271 271 271 271 271 271 272 272 272 273 273 274 274 274 274 275 276 276 274 270 267 270 280 287
287 290 293 294 291 288 288 289 289 289 289 290 290 289 289 289 289 288 288 287 286 286 286 285 285 285 284 284 283 283 282 281 281 280 280 279 278 278 277 276 275 274 273 272 271 271 271 270 270 270 269 270 271 272 272 273 274 273 273 274 275 276 276 273 266 265 267 275 282
286 291 294 294 290 286 287 288 289 289 290 290 290 289 289 289 289 288 288 288 287 286 286 285 285 285 284 283 283 283 282 281 281 280 280 279 278 277 276 275 274 273 272 271 270 270 270 270 269 269 268 269 270 270 270 271 272 273 274 273 274 275 274 271 264 263 264 269 273
287 292 295 294 288 286 287 288 289 290 290 290 290 290 290 290 289 288 288 288 287 286 286 285 285 284 284 283 283 283 282 282 281 280 280 279 278 277 276 275 274 273 271 270 270 270 269 269 269 268 268 269 269 269 269 270 271 271 272 272 274 275 274 269 264 265 269 271 270
287 290 293 292 286 286 288 289 290 290 290 290 290 290 290 290 289 288 288 288 287 286 286 285 285 284 284 283 283 282 282 282 281 280 279 279 278 277 276 275 274 272 271 270 269 269 268 268 268 267 267 268 268 269 271 271 270 269 270 272 274 275 274 269 264 272 281 281 272
286 288 292 291 287 287 289 289 290 290 290 290 290 290 289 289 289 288 288 288 287 287 286 286 285 284 284 283 283 282 282 281 280 280 279 278 277 277 276 274 273 272 271 270 268 268 267 266 266 266 266 266 267 268 270 270 269 268 269 270 272 274 275 270 264 276 288 286 274
286 288 292 292 289 288 290 290 290 290 290 291 291 290 290 289 289 289 288 288 287 286 286 285 285 284 284 283 283 282 282 281 280 280 279 278 277 276 275 274 272 271 270 269 267 267 266 266 266 265 265 265 266 265 264 265 266 267 267 268 269 274 277 273 266 276 288 286 276
286 287 291 293 291 290 290 290 290 290 291 290 290 290 290 290 289 289 288 288 287 286 286 285 285 284 284 283 282 282 281 281 280 279 279 278 277 276 275 273 272 271 269 268 266 266 266 265 265 264 264 264 265 264 263 264 264 265 265 266 267 272 277 277 270 274 283 283 280
286 287 289 292 293 291 290 289 289 290 291 290 290 290 290 290 289 289 288 288 287 286 286 285 284 284 283 283 283 282 281 280 280 279 278 278 277 276 274 273 272 270 268 266 266 266 265 264 263 263 263 263 263 264 265 265 263 263 263 264 265 269 275 278 274 273 278 282 284
286 286 287 289 293 293 290 289 289 290 291 290 290 290 290 290 289 289 288 288 287 286 286 285 284 284 283 283 283 282 281 280 280 279 278 277 276 275 274 273 271 270 268 266 265 265 264 263 262 262 262 262 262 263 263 263 262 262 263 263 264 267 271 275 273 272 274 278 284
287 286 285 287 292 294 292 290 290 291 291 291 291 291 290 290 289 289 288 288 287 286 286 285 284 283 283 283 282 281 281 280 280 279 278 277 276 275 274 272 271 269 267 266 264 264 263 262 262 261 261 261 261 261 261 261 261 262 262 263 264 265 267 268 268 268 270 275 280
290 286 285 286 292 296 295 292 291 290 291 291 291 291 290 290 289 289 288 287 287 286 285 285 284 283 282 281 280 281 281 280 279 278 277 277 276 275 273 272 271 269 267 266 264 264 263 262 261 261 260 259 259 259 259 259 260 260 260 261 263 264 265 266 266 267 270 276 278
293 289 286 286 292 298 298 295 292 290 291 291 291 290 290 290 289 289 288 288 287 286 286 285 284 283 282 280 280 280 280 280 279 278 277 277 276 274 273 272 270 269 267 266 264 263 262 261 260 260 259 259 258 258 258 258 257 257 258 260 262 263 265 267 268 271 274 277 278
294 291 288 288 293 298 298 295 292 291 291 291 291 291 290 290 290 289 288 288 287 286 286 285 285 284 283 283 282 281 280 280 279 278 277 276 276 274 273 271 270 268 266 264 263 262 261 260 260 259 259 258 258 257 258 258 258 258 259 260 261 262 264 268 271 273 274 276 277
291 292 291 289 292 295 295 293 291 291 292 291 291 291 290 290 289 289 288 288 287 286 286 285 284 284 283 283 282 281 281 280 279 278 277 276 275 274 273 271 270 268 266 264 263 262 261 260 259 258 258 258 257 257 257 257 258 258 258 258 260 261 263 268 272 272 272 274 275
288 291 292 290 291 292 292 292 291 291 291 291 291 291 290 290 289 289 288 288 287 286 286 285 284 283 283 283 282 281 281 280 279 278 277 276 275 274 273 271 270 268 266 264 263 262 261 260 259 258 258 257 257 257 257 257 257 257 257 257 258 259 261 266 270 270 270 271 273
287 289 290 288 289 290 290 290 291 291 291 291 291 291 290 290 290 289 288 288 287 286 286 285 284 283 283 283 282 281 280 280 279 278 277 276 275 274 273 271 270 268 266 264 263 262 261 260 259 258 257 256 256 256 256 256 256 256 256 257 257 258 260 264 267 268 269 270 272
290 291 290 287 288 290 290 290 291 291 291 291 291 291 290 290 290 289 288 288 287 286 286 285 285 284 283 282 282 281 280 279 279 278 277 276 275 274 272 271 270 268 266 264 263 262 261 260 259 258 257 256 256 256 256 256 256 255 256 256 257 257 259 262 265 267 269 270 272
294 295 292 288 288 291 291 291 291 291 291 291 291 291 291 290 290 289 289 288 287 286 286 285 285 284 283 282 282 281 280 280 279 278 277 276 275 274 272 271 270 268 266 265 263 261 260 259 259 258 258 257 256 256 255 255 256 256 255 256 257 257 258 261 264 266 269 270 271
296 297 292 288 289 292 293 292 291 291 291 291 291 291 291 290 290 289 289 288 287 286 286 285 285 284 283 282 282 281 281 280 279 278 277 276 275 274 273 271 270 269 267 265 264 261 260 259 259 258 257 257 256 255 255 255 254 255 255 256 257 257 258 260 263 266 268 269 270
294 295 290 288 290 293 293 292 291 291 291 291 291 291 291 290 290 289 289 288 287 287 286 285 284 283 283 282 282 281 280 280 279 278 277 276 275 274 273 271 270 269 267 265 263 262 261 260 259 258 257 256 256 256 255 255 254 253 254 255 257 257 258 260 262 264 267 268 269
291 291 289 288 290 293 293 292 291 291 291 291 291 291 291 290 290 289 289 288 287 287 286 285 285 283 283 282 282 281 280 279 279 278 277 276 275 274 273 272 270 269 266 265 264 263 262 261 260 259 257 257 256 255 255 256 256 255 254 255 257 258 258 259 261 263 266 267 268
288 288 289 289 291 292 293 292 291 291 291 291 291 291 291 290 290 289 289 288 287 287 286 285 285 284 283 283 282 281 280 279 278 278 277 276 275 274 273 272 270 268 266 265 264 263 262 262 260 259 258 257 257 256 256 256 257 257 256 255 256 257 258 259 261 263 265 266 267
288 288 290 291 292 292 291 291 291 291 291 291 291 291 291 290 290 289 289 288 287 287 286 285 284 284 283 282 281 280 281 280 279 278 277 276 275 274 273 272 270 268 267 266 264 264 264 262 260 260 259 258 257 256 255 255 254 255 255 255 256 257 258 259 261 262 264 265 266
288 289 292 294 294 292 291 291 291 291 291 291 291 291 291 290 290 289 289 288 287 287 286 285 284 283 282 282 281 281 281 280 279 278 277 276 275 274 273 272 271 268 268 266 265 264 263 262 261 260 259 258 257 256 255 254 254 253 255 255 256 257 258 259 261 262 263 264 265
288 289 291 294 295 292 290 290 291 291 291 291 291 291 291 290 290 289 289 288 287 287 286 286 285 284 283 282 282 282 281 280 279 278 277 277 276 275 273 272 271 268 268 267 265 263 262 262 262 261 260 259 258 257 256 255 255 255 256 256 256 257 258 259 261 262 263 264 265
288 289 291 293 295 292 291 290 291 291 291 291 291 291 290 290 290 289 288 288 287 287 286 285 285 284 284 283 282 282 281 280 279 278 277 277 276 275 273 272 271 269 268 267 265 264 263 263 262 262 260 260 259 257 257 257 256 256 256 256 256 257 258 259 260 261 262 263 264
288 289 290 292 293 293 291 290 291 291 291 291 291 291 290 290 289 289 288 288 287 286 286 285 284 284 284 283 282 281 281 280 279 278 277 277 276 275 273 273 272 270 268 267 265 265 264 264 262 261 260 260 259 258 257 257 257 257 256 256 256 257 258 259 260 261 262 263 264
289 289 289 291 292 292 291 291 291 291 291 291 291 290 290 290 289 289 288 288 287 286 286 285 284 284 283 283 282 281 281 280 279 278 277 277 276 275 274 273 271 270 268 267 266 265 264 263 262 261 260 260 259 258 258 257 257 257 257 256 256 257 258 259 259 260 261 262 263
289 289 289 291 292 292 291 291 291 291 291 291 290 290 290 289 289 289 288 288 287 286 286 285 284 284 283 283 282 281 281 280 279 278 277 277 276 275 274 274 271 269 268 267 267 266 264 263 262 262 261 260 259 259 258 258 257 257 257 257 257 257 258 258 259 260 261 262 263
290 289 289 291 292 292 291 291 291 291 291 290 290 290 290 289 289 288 288 287 287 286 286 285 284 284 283 283 282 281 280 280 279 278 277 277 276 275 274 272 270 269 269 268 268 267 266 265 264 263 262 261 260 259 258 258 258 257 257 257 257 258 258 259 259 260 261 262 263
289 289 290 290 291 291 291 291 290 290 290 290 290 290 289 289 289 288 288 287 287 286 285 285 284 284 283 282 282 281 280 280 279 278 278 277 276 275 274 271 270 270 270 269 268 267 266 266 265 263 262 261 260 260 259 258 258 258 258 258 258 258 258 259 259 260 261 261 262
289 290 290 290 290 290 291 291 291 290 290 290 290 289 289 289 288 288 287 287 286 286 285 285 284 283 283 282 282 281 280 280 279 278 278 277 276 275 274 272 272 271 271 270 269 268 267 266 265 264 263 262 261 260 260 259 259 258 258 258 258 258 258 259 259 260 260 261 262
290 290 291 290 290 290 290 291 290 290 290 290 289 289 289 288 288 288 287 286 286 286 285 284 284 283 283 282 282 281 280 280 279 278 278 277 276 275 273 273 272 272 271 270 269 268 267 266 265 264 263 263 262 261 260 260 259 259 259 259 258 259 259 259 259 260 260 261 262
289 291 291 291 290 289 289 290 290 289 290 289 289 289 288 288 288 287 287 286 286 285 285 284 284 283 283 282 282 281 280 280 279 278 278 277 276 276 275 273 272 272 271 270 270 269 268 267 266 265 264 263 262 262 261 260 260 259 259 259 259 259 259 259 259 260 260 261 261
289 291 292 292 290 289 289 289 290 289 289 289 289 288 288 288 287 287 286 286 286 285 285 284 284 283 283 282 281 281 280 280 279 278 278 277 277 277 275 273 273 273 272 271 270 269 268 267 266 266 265 264 263 262 262 261 261 260 260 259 259 259 259 259 259 260 260 260 261
288 290 292 292 290 289 289 289 289 289 288 288 288 288 288 287 287 286 286 286 285 285 284 284 283 283 282 282 281 281 280 280 279 278 278 278 278 276 274 274 274 273 272 271 270 270 269 268 267 266 265 265 264 263 262 262 261 261 260 260 260 259 259 259 259 259 260 260 261
288 290 291 291 290 289 289 289 289 289 288 288 288 288 287 287 287 286 286 285 285 284 283 283 283 283 282 282 281 281 280 279 279 279 279 279 276 274 273 274 274 273 272 272 271 270 269 269 268 267 266 265 264 264 263 262 262 261 261 260 260 260 260 259 259 259 260 260 260
288 289 290 290 289 289 289 289 288 288 288 288 287 287 287 287 286 286 286 285 285 284 283 283 283 282 282 281 281 280 280 279 279 278 276 275 274 273 274 273 272 273 273 272 271 270 270 269 268 267 267 266 265 264 263 263 262 262 261 261 260 260 260 259 259 259 259 260 260
288 289 289 289 289 289 289 289 288 288 288 287 287 287 287 286 286 286 286 285 285 284 284 283 283 282 282 281 281 280 280 279 279 278 275 274 275 276 275 273 273 273 273 272 271 271 270 269 269 268 267 266 265 265 264 263 263 262 262 261 261 260 260 259 259 259 259 259 260
289 289 289 289 289 289 289 289 288 288 288 287 287 287 286 286 286 286 285 285 285 284 284 283 283 282 282 281 281 280 279 279 279 278 276 276 275 275 275 275 274 274 273 272 271 271 270 270 269 268 267 266 266 265 264 264 263 262 262 261 261 260 260 259 259 259 259 259 259
289 289 289 289 289 289 289 288 288 288 287 287 287 287 286 286 285 284 283 284 284 284 283 283 282 282 281 281 280 280 279 279 278 278 276 276 274 274 273 273 273 273 273 272 272 271 270 270 269 268 267 267 266 265 264 264 263 263 262 261 261 260 260 259 259 259 259 259 259
289 289 289 289 289 289 288 288 288 288 287 287 287 286 286 285 285 283 283 284 283 283 282 282 282 281 281 280 280 279 279 279 278 277 275 275 275 274 273 272 272 272 272 272 272 271 270 270 269 268 267 267 266 265 264 264 263 263 262 261 261 260 260 259 259 258 258 258 259
289 289 289 289 289 289 288 288 288 287 287 287 287 286 286 286 285 285 284 283 283 282 281 282 282 281 281 280 280 279 278 278 277 275 275 275 275 275 274 273 273 273 272 272 271 270 270 269 269 268 267 267 266 265 264 264 263 262 262 261 261 260 259 259 258 258 258 258 258
289 289 289 289 289 288 288 288 288 287 287 287 286 286 285 285 285 285 283 282 282 282 282 282 281 281 280 280 279 279 278 277 276 276 276 276 275 274 274 274 273 272 272 271 271 270 270 269 269 268 267 266 266 265 264 264 263 262 262 261 260 260 259 259 258 258 258 258 258
288 288 288 289 288 288 288 288 287 287 287 286 286 286 285 285 284 283 283 281 281 282 282 282 281 280 280 279 279 278 277 277 277 277 276 275 275 274 274 273 273 272 272 271 271 270 270 269 268 268 267 266 265 265 264 263 263 262 261 261 260 259 259 258 258 257 257 257 257
288 288 288 288 288 288 288 288 287 287 287 286 286 286 285 285 284 283 282 282 283 282 282 281 280 280 279 279 278 277 277 276 276 276 274 273 273 274 273 273 272 271 271 271 270 270 269 268 268 267 266 266 265 264 264 263 262 262 261 260 260 259 258 258 257 257 257 257 257
288 288 288 288 288 288 288 287 287 287 286 286 286 286 285 285 284 283 282 282 283 282 281 280 280 279 279 278 278 277 276 276 275 274 272 272 272 272 272 272 271 270 270 270 269 269 269 268 267 267 266 265 265 264 263 263 262 261 261 260 259 259 258 257 257 256 256 256 256
288 289 288 287 287 288 287 287 287 287 286 286 286 285 285 285 285 284 282 282 282 281 281 280 279 279 278 278 277 276 276 275 274 273 272 272 272 270 269 270 271 270 269 269 269 268 268 267 267 266 266 265 264 263 263 262 262 261 260 260 259 258 258 257 256 256 256 256 256
289 290 289 287 287 287 287 287 287 287 286 286 286 285 285 285 284 283 283 283 282 281 280 280 279 278 278 277 276 276 275 274 274 273 271 269 270 269 268 268 269 269 268 268 268 268 267 267 266 266 265 264 264 263 262 262 261 260 260 259 258 258 257 256 256 255 255 255 255
289 289 289 288 287 287 287 287 287 286 286 286 286 285 285 284 284 283 283 282 281 280 280 279 278 278 277 276 276 275 274 273 273 272 270 268 267 268 268 267 267 268 268 268 268 267 267 266 266 265 264 264 263 262 262 261 261 260 259 259 258 257 257 256 255 255 255 255 255
288 289 288 288 287 287 287 287 287 286 286 286 286 285 285 284 284 284 283 282 281 280 279 279 278 277 277 276 275 274 273 273 272 272 271 270 268 268 268 268 268 268 268 267 267 266 266 266 265 264 264 263 263 262 261 261 260 259 259 258 258 257 256 255 255 255 254 254 254
287 288 288 287 287 287 287 287 287 287 286 286 286 285 285 285 284 283 282 281 280 280 279 278 278 277 276 275 274 274 273 272 272 271 270 269 268 268 267 267 267 267 267 266 266 266 265 265 264 264 263 263 262 261 261 260 260 259 258 258 257 256 256 255 255 254 254 254 254
288 288 287 287 287 287 287 287 287 287 286 286 286 286 285 285 284 283 282 281 280 279 279 278 277 276 276 275 274 273 272 271 271 270 268 268 268 268 266 265 265 266 265 266 266 265 265 264 264 263 263 262 261 261 260 260 259 258 258 257 257 256 255 255 254 254 253 253 253
288 288 287 287 287 287 287 287 287 287 287 286 286 286 286 286 285 283 282 281 280 279 278 278 277 276 275 274 273 272 271 270 271 270 268 268 269 268 265 265 265 265 265 265 265 265 264 264 263 263 262 261 261 260 260 259 259 258 257 257 256 255 255 254 254 253 253 253 253
288 288 288 287 287 287 287 287 287 287 287 286 286 286 287 287 285 282 281 281 280 279 278 277 277 276 275 274 272 271 269 269 271 270 268 267 268 268 265 264 265 265 264 265 264 264 264 263 263 262 261 261 260 260 259 259 258 258 257 256 256 255 255 254 253 253 253 253 253
289 289 289 288 287 287 287 287 287 287 287 286 286 287 287 286 284 282 281 281 280 279 278 277 276 275 274 273 272 270 269 269 271 270 266 266 266 267 265 264 264 264 264 264 264 263 263 262 262 261 261 260 260 259 259 258 258 257 257 256 255 255 254 254 253 253 253 253 253
289 290 290 290 289 288 287 287 288 288 288 287 287 287 287 285 284 282 282 281 280 279 278 277 276 275 274 272 271 271 270 270 272 270 265 264 265 265 265 264 263 263 263 263 263 263 262 262 261 261 260 260 259 259 258 258 257 257 256 256 255 254 254 253 253 253 252 252 253
289 290 290 290 290 289 288 288 289 289 288 287 287 288 287 285 284 283 282 281 280 279 278 277 276 275 273 272 272 272 271 270 273 270 264 264 265 264 264 264 263 263 263 263 262 262 262 261 261 260 260 259 258 258 257 257 257 256 256 255 255 254 254 253 253 253 252 252 252
289 289 290 290 290 289 289 289 290 290 289 288 288 288 287 285 284 283 282 281 280 279 278 277 275 274 272 271 271 272 271 270 273 269 264 263 265 264 264 263 262 262 262 262 262 261 261 260 260 259 259 258 258 257 257 256 256 256 255 255 254 254 253 253 253 252 252 252 252
