---
Vertical Velocity & Wind [kt] at 850mb Direction [deg] Valid 1300 NZST ~Z75~(0100Z)~Z~ MON 5 Jan 2026 ~Z75~[49hrFcst@2110z]~Z~
Model= RASP Region= NZ Grid= d1 Reskm= 6.0 Indexs= 1 79 1 99 Proj= lambert 6000 6000 -35.0000 -42.0000 176.0000 -38.5000 176.0000
Day= 2026 1 5 MON ValidLST= 1300 NZST ValidZ= 100 Fcst= 49.0 Init= 46 Param= press850 Direction Unit= cm/sec Mult= 1 Min= 0 Max= 0
226 224 222 220 222 229 239 249 255 260 265 282 300 311 316 321 325 329 331 333 336 338 343 349 356 1 2 359 351 341 316 307 316 332 344 347 344 337 331 326 322 320 319 318 317 316 315 314 313 311 310 310 309 309 307 305 302 298 293 288 283 278 273 269 265 262 260 258 255 253 252 251 250 250 249 248 246 244 240
225 222 218 217 220 228 237 246 251 256 261 280 302 315 319 321 325 329 332 335 337 340 345 351 359 6 9 12 8 7 251 268 298 329 351 359 352 343 336 331 324 320 318 316 314 312 310 308 307 305 304 304 304 304 303 302 300 298 293 289 284 279 275 271 267 264 262 260 258 256 255 254 253 252 250 249 247 244 240
225 222 221 221 224 231 239 247 254 261 270 284 299 310 316 321 325 329 333 335 337 339 343 348 357 6 13 21 25 13 242 261 290 333 360 4 357 347 339 333 325 319 316 314 312 309 306 304 302 300 299 299 299 299 299 299 298 296 292 288 284 279 275 271 267 264 262 260 257 255 254 252 251 250 249 248 246 243 239
225 224 225 227 229 235 243 252 258 265 277 288 296 303 311 317 323 328 332 335 336 338 340 343 348 358 10 22 39 12 195 213 244 270 333 348 348 347 341 331 322 315 312 310 308 305 302 299 297 294 294 294 295 295 294 294 293 292 290 287 283 279 275 271 268 265 262 260 257 254 251 249 247 246 245 246 244 242 239
225 226 229 233 235 242 250 257 263 266 276 287 293 300 307 314 320 326 330 333 335 336 336 337 337 338 351 10 36 90 117 84 302 290 304 315 324 333 335 328 319 312 310 308 306 303 300 296 293 290 288 288 289 289 288 287 286 285 284 282 279 276 273 270 267 265 262 259 256 253 250 248 245 244 241 242 242 241 238
226 229 234 239 241 246 253 260 266 270 275 283 291 298 305 310 316 321 326 330 332 332 332 332 332 332 337 347 351 333 271 294 287 294 302 309 321 328 329 328 323 317 314 312 308 305 301 297 294 290 286 283 283 283 284 283 283 282 282 280 277 274 271 268 265 262 259 256 253 251 248 246 244 242 238 239 240 240 238
230 236 242 248 249 252 258 264 270 275 279 284 290 296 301 305 309 315 321 325 328 329 328 328 327 327 328 332 338 335 330 304 240 270 289 304 319 329 328 328 325 319 314 311 308 304 300 296 293 290 286 282 279 280 280 280 280 279 279 278 276 273 270 266 263 260 256 253 250 248 246 244 241 240 235 237 239 239 237
240 247 254 258 260 262 265 269 274 279 282 286 290 295 298 301 304 309 315 320 324 325 324 323 323 323 325 326 333 337 333 313 277 307 316 321 328 328 328 328 326 320 313 310 307 303 299 296 293 290 287 282 278 276 277 277 277 276 275 275 274 271 268 265 262 258 255 251 248 246 244 243 240 238 233 236 238 238 236
252 258 263 266 268 269 271 274 277 281 284 287 289 292 295 297 300 303 309 314 319 321 320 318 317 317 320 324 328 330 330 319 301 306 318 325 328 329 328 324 330 322 312 308 303 299 296 294 293 290 287 283 277 274 274 274 274 273 272 272 271 270 267 264 261 257 253 250 246 244 243 241 239 237 232 236 237 237 235
259 264 267 270 272 273 275 277 279 281 283 286 288 290 292 294 296 299 303 309 314 317 316 314 312 311 313 317 323 327 326 324 313 314 324 329 331 330 327 325 325 324 312 306 300 296 294 294 293 290 287 283 278 274 272 272 271 270 269 268 268 268 266 263 260 256 253 249 245 243 241 240 238 237 232 235 237 236 234
263 267 269 271 273 274 275 277 279 281 283 284 286 288 290 292 293 295 298 303 308 312 313 311 309 307 307 310 316 322 324 324 321 320 327 329 330 329 326 325 320 331 314 304 297 293 293 294 293 290 286 282 277 273 271 270 269 268 267 266 265 265 265 263 259 256 252 248 245 242 240 239 237 236 232 234 236 235 233
266 268 270 272 273 274 275 277 278 280 282 283 285 286 288 290 291 292 294 299 304 308 309 308 305 303 303 304 309 315 320 324 326 324 327 329 330 330 327 324 319 330 317 300 294 293 294 294 292 289 285 281 277 273 270 268 267 266 264 263 263 263 263 262 259 256 252 248 245 242 240 238 236 235 231 234 235 235 232
266 268 270 271 273 274 275 276 278 279 281 282 284 285 287 288 289 290 291 295 300 304 306 305 302 300 299 299 304 309 316 324 326 326 327 330 332 331 327 324 317 325 318 298 293 294 295 295 292 288 285 282 277 272 268 266 264 263 262 261 261 261 261 260 258 255 252 248 245 242 239 238 236 235 231 233 235 234 232
267 268 270 271 272 274 275 276 277 279 280 281 282 283 285 287 287 288 289 292 296 301 304 303 300 297 295 295 299 304 312 321 325 327 328 330 332 331 327 322 314 318 316 298 295 297 298 296 292 289 286 283 278 273 268 264 262 261 260 259 259 258 259 259 257 255 252 248 244 241 239 237 235 235 231 233 234 234 231
266 268 269 271 272 273 274 275 277 278 279 280 281 282 283 285 286 286 287 289 293 298 301 302 299 296 293 292 294 300 309 318 326 332 333 329 327 327 324 320 312 311 310 296 296 298 300 299 295 291 289 285 281 274 268 264 261 259 258 257 257 256 256 257 256 254 251 248 244 241 238 237 235 234 231 233 234 233 231
266 267 269 270 271 273 274 275 276 277 278 279 280 281 282 283 284 285 285 287 291 295 299 300 299 296 293 291 292 297 307 318 328 336 337 328 321 319 318 316 311 305 302 290 298 303 308 307 300 295 291 288 283 277 270 264 260 258 256 255 255 254 254 254 254 252 250 247 243 240 238 236 234 233 231 233 234 233 231
265 267 268 269 271 272 273 275 276 277 278 278 279 280 280 282 283 283 284 286 288 292 296 299 298 296 294 292 292 297 307 317 329 338 335 322 313 310 312 314 311 301 291 283 300 317 322 319 309 298 293 289 286 281 274 266 261 257 255 254 253 252 252 252 252 251 249 246 243 240 237 235 233 233 230 233 233 233 231
265 266 267 269 270 271 273 274 275 276 277 277 278 278 279 280 281 282 283 285 286 290 294 297 298 297 295 294 294 298 308 316 328 339 333 316 307 305 308 312 315 302 285 274 296 327 338 328 312 299 291 288 286 283 278 270 263 258 254 253 252 251 250 250 250 250 249 246 243 239 236 234 232 232 230 232 233 233 231
264 265 266 268 269 271 272 273 274 275 276 276 277 277 278 279 280 282 283 284 286 288 291 295 297 297 297 296 297 302 307 316 328 337 328 311 305 304 304 309 315 305 269 255 277 307 322 319 312 297 287 284 283 283 281 275 267 260 255 252 251 249 249 248 249 249 248 246 243 239 236 233 231 231 229 232 233 233 232
263 264 266 267 268 270 271 272 273 274 275 275 276 277 277 278 280 282 284 285 285 287 289 293 296 297 298 299 302 306 308 318 331 333 319 307 301 302 302 305 309 306 257 241 273 317 325 316 313 298 287 282 282 284 283 279 271 263 257 253 250 249 248 247 247 248 248 246 243 239 236 233 231 231 229 232 234 234 232
263 264 265 266 267 269 270 271 272 273 274 274 275 276 277 278 280 282 284 285 285 286 288 291 295 297 298 302 305 308 313 324 332 325 309 301 297 299 297 302 297 297 272 263 278 313 320 312 314 300 288 282 283 287 288 285 277 268 260 254 251 248 247 246 246 247 247 246 244 240 237 234 231 231 229 232 234 234 233
262 263 264 265 267 268 269 270 271 272 272 273 274 275 276 278 280 282 285 286 286 286 287 290 293 296 300 304 305 310 319 327 326 314 300 296 293 295 293 297 289 288 290 298 297 312 313 298 297 293 285 281 284 290 293 292 286 276 266 258 253 249 247 245 245 246 247 246 245 242 238 235 231 231 229 233 234 234 233
261 262 263 265 266 267 268 269 270 271 271 272 273 275 276 278 280 283 284 285 286 287 288 290 292 295 300 303 308 317 323 324 316 305 296 292 289 290 288 290 286 284 308 319 309 292 294 281 271 270 275 281 287 289 293 295 292 284 274 264 257 251 247 245 245 245 246 247 245 243 239 236 232 232 230 233 235 235 234
261 262 263 264 265 265 266 268 269 270 271 272 273 274 276 279 281 283 284 286 288 289 289 289 291 294 299 308 318 323 323 317 308 299 293 289 285 284 281 281 283 283 325 338 331 286 281 266 262 262 269 281 287 289 290 293 293 289 281 272 263 255 249 246 245 245 246 246 246 244 241 237 233 232 230 234 235 235 234
260 261 262 263 264 264 265 266 268 269 270 271 272 274 277 279 281 283 285 287 290 292 292 292 292 296 307 320 325 320 312 304 299 293 289 286 283 278 272 270 279 282 328 342 349 295 275 262 265 268 275 285 287 287 286 289 291 291 287 279 270 260 252 247 245 245 246 246 245 244 241 238 234 233 231 234 236 236 234
259 260 261 262 262 263 264 265 266 268 269 270 272 275 277 280 282 284 287 290 292 295 296 297 297 309 318 323 316 307 298 293 290 286 283 281 278 273 266 259 274 275 306 330 357 298 267 265 273 279 284 287 283 281 280 282 286 289 289 285 277 266 257 250 246 245 245 245 245 244 242 239 235 234 232 235 236 236 235
259 259 260 261 261 262 263 264 265 267 268 270 272 275 278 280 283 286 290 293 295 296 298 302 307 318 320 316 305 299 294 288 284 281 279 276 273 268 261 250 269 268 294 328 355 293 273 277 284 288 289 286 280 276 274 275 279 283 287 288 283 273 262 253 248 245 244 243 244 244 242 240 236 235 233 236 237 237 235
258 259 259 260 261 261 262 263 264 266 268 270 272 274 278 283 287 291 293 295 295 297 302 309 316 318 317 309 300 295 292 287 282 279 276 273 270 262 256 245 260 259 291 350 311 289 288 292 295 295 290 285 280 274 270 270 272 276 282 286 285 279 269 258 250 245 242 242 243 244 243 241 238 237 234 237 238 237 235
258 258 259 259 260 260 261 262 264 266 268 269 271 275 280 288 293 294 295 295 297 306 313 317 315 312 309 303 297 294 290 285 281 279 276 273 267 257 250 240 251 250 320 27 334 304 305 304 304 302 295 288 281 274 269 267 267 270 275 281 284 282 275 264 253 245 241 241 242 243 243 242 240 239 236 238 238 238 236
258 258 258 258 259 259 260 261 263 265 267 268 271 278 287 296 299 300 300 302 308 319 320 315 307 306 305 300 295 292 289 285 281 278 274 271 266 254 244 234 245 250 25 37 345 315 315 316 316 312 304 294 285 278 272 269 267 268 270 274 279 282 279 270 257 248 242 240 241 242 243 243 241 241 237 239 239 238 236
257 257 257 257 258 258 259 260 262 264 266 268 273 285 299 306 308 310 314 319 323 324 317 308 304 304 303 298 294 291 288 285 280 276 272 271 271 259 242 232 238 227 64 23 342 322 323 321 320 316 309 301 292 284 278 274 271 269 267 268 273 279 280 274 262 251 244 242 241 242 243 243 242 242 239 240 240 239 236
256 256 256 256 257 257 258 259 261 263 265 269 279 302 313 319 326 329 330 328 320 312 304 300 300 301 299 296 293 291 288 285 279 271 264 268 273 270 244 229 221 181 55 20 345 333 327 322 317 311 307 302 297 292 287 283 279 274 269 265 267 274 278 276 267 256 248 244 242 242 242 243 243 243 241 241 241 239 237
255 255 255 255 255 256 256 257 259 260 265 272 297 320 331 340 344 335 319 306 297 291 289 291 294 293 293 294 295 295 293 289 281 270 257 257 260 267 267 230 215 173 92 65 26 349 333 323 318 310 307 304 302 300 296 293 289 283 274 266 264 268 274 276 271 262 253 248 245 243 242 243 243 244 242 242 241 240 237
255 254 254 254 254 254 254 254 255 256 262 289 317 317 352 359 337 308 294 289 282 280 284 288 289 294 300 302 304 300 297 292 284 274 253 246 240 244 322 261 235 216 257 7 17 4 344 330 323 317 317 315 309 304 303 301 298 293 284 272 265 265 269 273 272 266 258 252 248 245 243 243 243 244 242 242 242 240 238
254 253 253 253 253 252 252 251 251 248 241 206 102 142 110 269 215 217 241 266 275 283 285 287 295 304 305 304 305 300 298 294 0 0 264 210 232 294 309 272 260 251 290 338 7 22 3 353 335 322 319 318 314 309 306 306 305 302 294 281 270 264 265 269 271 268 262 256 250 247 245 244 243 244 242 243 242 240 238
253 252 252 251 251 251 250 249 248 243 232 206 181 186 192 226 206 194 194 205 237 259 269 282 292 297 297 298 298 298 299 296 289 0 285 233 323 322 314 289 268 274 298 341 17 25 25 10 346 324 315 312 313 312 309 308 308 306 301 291 278 267 263 265 267 266 264 260 253 248 246 245 244 245 243 243 242 241 238
252 252 251 250 250 250 249 247 246 243 236 223 209 219 218 207 200 194 180 166 172 199 245 266 287 296 297 297 297 301 299 293 290 292 285 287 317 322 312 302 290 290 296 308 315 333 353 5 359 330 314 310 311 313 311 310 309 306 302 297 287 275 266 263 263 263 261 260 256 251 247 246 245 245 243 243 242 241 238
251 251 250 249 249 248 248 246 246 243 240 230 224 227 224 217 213 207 182 153 147 150 159 340 318 303 301 298 297 299 296 291 289 288 289 295 309 314 310 306 302 301 305 302 298 275 357 12 5 336 326 315 310 310 311 311 309 305 301 297 291 281 271 265 262 259 257 256 255 253 249 247 246 245 243 243 242 241 238
251 250 249 249 248 248 247 246 245 244 241 234 229 228 229 233 240 241 240 228 157 137 98 13 351 325 310 303 301 297 293 290 287 284 287 287 300 305 303 302 303 306 308 305 298 282 325 358 1 352 339 327 317 310 309 311 309 305 301 296 291 285 277 267 260 257 255 253 253 252 250 248 246 245 244 244 243 241 238
250 249 249 248 247 247 246 245 245 243 241 236 233 230 229 233 239 244 249 258 269 274 307 3 355 327 304 296 295 294 290 287 283 284 283 284 296 296 293 294 299 303 304 302 300 300 306 319 344 6 353 341 330 320 315 315 312 307 301 295 290 285 283 269 258 253 253 253 252 251 250 248 247 246 244 244 243 241 238
249 249 248 247 247 246 246 245 244 243 240 237 235 233 231 232 234 239 245 254 265 276 284 326 354 336 304 295 296 296 290 287 287 285 283 286 290 287 284 287 293 297 300 302 302 307 313 317 327 354 348 346 347 337 327 324 321 317 310 302 296 299 303 275 259 249 247 249 251 250 249 248 248 247 245 244 243 241 238
249 248 247 246 246 246 245 244 243 242 240 237 235 235 234 234 235 238 244 253 262 271 277 291 326 336 308 298 299 296 293 292 289 283 286 288 287 283 281 284 289 293 297 300 301 307 309 310 308 329 342 338 350 350 337 333 333 336 338 331 325 339 300 272 264 255 246 245 247 248 248 248 248 247 245 244 242 241 238
248 247 246 246 245 245 244 243 242 241 240 238 236 236 236 237 238 241 246 253 261 267 275 282 300 326 314 298 299 295 291 289 285 278 283 285 286 282 279 280 287 291 294 295 297 300 303 303 302 310 339 343 338 338 339 344 350 5 19 18 10 322 274 265 265 263 254 246 244 245 246 248 249 248 246 244 242 241 238
248 247 246 245 245 244 244 243 241 240 239 238 237 237 238 240 242 244 248 253 260 266 274 279 288 312 334 309 302 300 298 291 284 279 282 281 281 280 280 283 289 290 291 291 293 294 296 294 296 302 308 313 311 308 305 323 6 18 43 29 360 289 271 270 272 270 263 254 247 244 245 248 249 248 246 244 242 240 238
247 246 245 244 244 244 243 242 240 239 238 237 237 238 240 242 244 246 249 253 258 264 272 278 287 309 334 322 303 299 297 292 284 283 282 278 277 276 283 294 295 291 288 289 290 290 289 291 292 300 307 310 310 305 306 314 308 311 316 6 355 318 293 289 287 279 270 261 253 247 245 246 248 247 246 244 242 240 238
246 245 244 244 244 243 242 241 239 237 236 236 237 238 240 242 244 247 249 252 256 262 270 282 295 318 337 312 299 298 293 289 284 282 279 277 283 278 297 315 306 289 282 287 290 289 286 289 292 299 306 306 300 293 308 301 280 280 312 1 352 328 310 304 297 289 278 266 255 249 246 245 245 245 245 243 241 240 238
245 245 244 243 243 242 241 240 238 236 235 235 236 237 239 241 243 246 248 250 254 259 269 286 300 335 340 308 298 297 292 285 283 281 277 277 290 293 302 304 301 285 272 279 290 288 286 290 293 295 303 301 294 291 296 295 291 296 288 281 298 311 315 315 312 302 288 272 257 248 245 245 244 243 243 243 241 239 237
244 244 243 242 241 241 240 239 237 235 233 233 234 235 237 239 241 243 246 248 252 255 272 286 307 339 339 312 294 290 290 285 281 279 276 285 295 293 292 299 296 290 292 290 285 286 289 295 297 297 305 300 295 294 290 298 304 295 263 276 288 295 308 317 323 319 305 285 264 248 240 241 242 242 242 243 241 239 237
243 243 241 240 240 240 239 238 235 233 232 231 232 233 234 236 238 240 242 244 248 252 283 300 331 342 324 304 297 299 297 286 277 274 278 290 296 294 297 299 291 288 298 300 293 294 290 293 301 299 301 296 296 296 294 290 292 293 292 302 315 303 307 317 334 343 324 298 272 253 239 234 237 240 242 243 241 239 237
242 241 240 239 239 239 238 236 234 232 230 230 230 231 232 233 235 237 239 240 241 248 287 316 343 341 319 292 293 303 299 282 274 276 284 288 289 289 298 297 290 294 302 299 299 293 272 273 302 296 289 289 295 289 303 287 279 296 305 327 339 320 295 320 8 15 334 301 278 260 244 234 231 234 239 242 241 239 237
240 240 239 238 238 237 236 234 232 230 229 228 228 229 230 231 233 234 235 235 233 232 233 147 266 285 293 278 281 293 290 281 277 278 284 283 281 290 295 288 284 296 300 296 288 280 279 284 302 309 282 279 284 280 304 302 284 288 297 308 316 311 282 342 41 21 312 296 281 266 251 239 233 232 235 241 241 239 237
238 238 237 236 236 236 234 232 230 228 227 226 226 226 227 229 231 233 233 231 228 225 222 149 136 111 257 266 276 275 285 282 280 281 287 286 289 288 283 277 286 297 298 292 269 261 281 284 276 279 278 282 269 267 291 314 290 292 290 302 308 300 272 330 57 298 279 290 280 269 255 242 236 234 234 240 241 240 238
237 236 236 235 235 234 233 230 228 226 225 224 224 224 225 227 230 232 231 228 223 219 219 194 95 65 24 275 285 280 276 275 279 282 292 293 288 285 281 277 286 292 297 279 260 239 252 257 263 259 271 289 264 253 263 280 272 282 275 294 287 287 274 277 261 263 275 307 286 271 258 243 237 237 236 240 241 239 238
235 235 234 233 234 233 231 229 226 225 224 223 222 222 223 226 229 231 231 228 223 222 226 230 58 21 332 288 278 274 264 261 265 276 287 289 283 281 280 282 286 292 279 270 269 241 257 277 282 264 241 251 261 254 247 249 246 245 247 273 261 265 292 274 207 266 278 293 293 280 262 245 238 239 239 242 241 239 237
234 233 233 232 232 231 229 227 225 223 223 222 221 221 223 225 228 231 231 228 224 224 234 256 32 57 309 276 268 264 257 252 258 279 293 292 286 281 283 287 286 282 265 262 284 251 263 300 303 262 237 225 232 234 230 224 219 217 223 222 205 205 287 287 248 225 274 271 277 279 265 247 243 242 244 244 240 238 236
233 232 231 231 231 230 228 225 224 223 222 222 222 222 223 225 228 230 230 227 223 222 220 153 79 107 192 250 281 267 254 252 262 291 302 297 290 286 284 286 280 278 267 260 272 260 262 291 287 258 242 224 221 221 218 211 208 210 208 198 179 170 238 286 290 244 267 260 268 281 272 258 255 253 250 246 239 235 234
232 232 231 230 230 229 227 224 223 222 222 222 222 223 224 225 226 228 229 226 223 222 213 163 108 107 210 262 292 272 254 256 273 295 298 294 293 287 281 280 275 276 275 269 261 255 248 255 250 250 241 224 218 219 217 209 206 207 205 196 178 166 160 168 283 289 292 290 283 283 278 269 263 259 254 246 237 233 231
231 231 230 229 229 228 226 224 222 222 222 223 223 224 224 224 225 226 226 224 223 221 211 187 163 47 301 297 298 279 262 261 276 283 283 287 293 285 278 276 273 274 277 272 259 248 241 234 221 240 236 219 214 216 216 208 203 202 202 196 195 182 155 153 274 298 304 306 290 275 276 270 265 261 254 243 234 230 228
230 230 229 228 228 227 225 223 222 222 222 223 223 224 223 223 223 223 223 222 222 222 216 209 194 326 312 308 308 290 267 265 278 286 289 288 282 279 277 275 272 266 268 273 262 238 231 225 221 232 235 216 209 210 209 203 199 198 197 191 191 196 194 161 174 250 293 304 304 296 291 275 266 263 256 240 231 227 226
229 229 228 226 227 227 225 224 223 222 222 223 223 223 222 221 221 221 220 220 220 221 219 211 180 170 241 313 310 293 277 278 291 302 302 291 282 279 279 273 265 254 251 264 260 231 223 222 227 231 230 218 211 206 202 198 196 197 195 193 192 192 206 222 183 189 250 295 317 326 316 288 269 264 254 236 228 224 223
227 227 226 225 226 227 226 225 224 223 222 222 222 221 220 219 219 219 219 219 219 217 217 212 186 177 164 31 340 307 301 298 300 302 295 291 292 284 279 272 259 243 236 245 246 226 221 228 231 227 221 216 211 204 198 195 196 197 196 196 197 196 198 217 219 169 294 310 315 331 321 291 275 263 242 230 224 221 219
225 226 224 223 225 227 228 226 225 223 222 221 220 219 218 217 217 218 218 218 218 216 214 213 206 190 221 6 354 320 310 302 294 289 286 285 287 277 270 267 257 243 232 232 234 224 223 229 229 220 212 209 206 200 195 194 195 196 196 196 197 197 196 205 215 184 283 313 324 335 322 298 288 270 222 219 220 218 216
224 225 223 222 225 229 230 228 225 223 221 220 218 217 216 216 216 217 218 217 216 215 214 214 224 230 308 355 342 313 299 291 290 290 280 269 272 269 260 254 250 245 237 232 233 235 227 226 220 210 204 202 200 196 194 194 195 196 196 196 196 196 195 197 208 200 226 252 305 342 330 301 295 274 215 211 216 214 211
226 226 224 222 227 232 232 229 226 223 220 218 217 216 215 215 216 217 217 216 214 212 214 217 240 248 342 355 328 299 290 293 297 293 279 269 272 271 259 246 244 243 239 232 229 236 227 216 206 199 197 197 197 196 196 196 197 197 196 196 195 196 195 195 199 201 212 187 168 340 244 258 270 239 210 210 211 209 207
231 230 228 226 230 236 236 231 227 223 220 218 217 216 215 215 216 217 216 214 211 209 213 226 256 293 356 348 306 287 290 301 295 288 283 279 279 272 260 250 244 241 238 229 224 229 219 205 196 194 195 197 199 200 201 201 201 200 199 197 196 196 196 196 193 195 192 184 172 155 187 223 232 218 201 201 205 204 202
238 237 233 231 235 240 239 234 229 225 222 219 218 216 215 215 216 216 215 212 208 207 214 241 272 327 352 327 290 280 287 296 287 282 287 287 278 264 255 249 244 240 235 228 221 220 213 201 195 194 197 200 203 205 206 206 205 203 201 199 197 197 197 196 192 191 191 188 182 169 176 210 225 206 192 196 198 197 197
245 244 240 237 239 244 242 237 232 228 225 222 220 218 216 215 215 214 212 209 206 210 221 257 283 347 348 319 290 283 291 292 285 283 286 283 265 256 247 243 242 239 234 227 220 217 211 203 198 197 199 202 205 207 208 208 207 205 202 200 197 196 196 195 192 191 193 194 193 187 184 203 23 177 189 191 190 190 191
252 250 246 242 244 247 245 240 235 232 229 226 223 220 217 215 214 212 210 208 206 213 233 268 305 355 341 318 298 296 296 285 282 287 285 280 262 249 244 242 240 238 233 226 220 217 214 208 203 201 202 204 207 208 209 208 207 205 202 199 196 194 194 194 192 191 194 196 196 197 200 210 167 175 184 184 183 185 187
261 257 252 247 247 250 248 242 238 235 233 230 226 221 217 214 212 210 209 208 211 223 242 273 325 347 335 319 307 302 292 278 282 285 277 283 270 252 250 248 238 234 228 223 220 219 216 213 209 207 207 207 209 209 209 208 206 203 201 198 195 193 192 191 190 191 194 196 196 198 201 196 181 181 182 179 178 181 183
273 266 259 252 252 256 253 246 242 239 237 234 228 222 216 213 211 211 211 210 220 240 257 287 346 352 332 314 301 292 284 278 285 278 263 273 270 254 251 249 238 228 223 221 220 219 218 215 212 211 210 210 209 209 208 206 204 202 199 196 193 191 190 189 188 190 193 195 194 194 195 188 183 183 180 176 176 178 181
288 277 267 259 260 266 262 253 247 245 242 238 231 222 216 214 214 215 216 219 229 251 267 307 353 352 319 292 276 266 265 267 267 263 253 257 263 258 256 248 236 226 220 219 218 218 218 215 213 211 210 210 209 208 206 204 202 200 197 194 191 189 187 185 185 189 192 194 192 191 189 185 182 182 178 174 174 176 179
304 290 279 271 274 283 279 268 260 256 253 248 238 227 221 220 221 224 227 234 243 256 258 302 359 352 295 269 255 246 248 251 241 244 251 255 263 267 265 252 234 224 218 217 216 217 217 214 212 210 209 209 208 206 204 202 199 197 195 192 190 187 184 183 184 187 190 192 190 188 186 183 180 178 175 173 174 175 177
318 305 296 291 293 300 302 296 287 280 277 270 255 240 232 232 235 240 245 247 259 263 269 307 351 317 276 270 262 249 242 240 239 234 253 277 276 265 269 251 235 222 214 213 214 215 214 212 210 209 208 207 207 205 202 199 196 194 192 191 189 185 183 182 182 184 188 190 189 187 185 182 179 175 173 172 173 174 175
330 321 317 315 314 316 318 317 312 307 303 296 280 262 253 250 255 262 259 258 272 279 292 313 321 287 264 260 258 243 235 236 244 247 269 279 274 263 270 256 239 219 210 209 212 212 211 210 208 207 206 206 206 203 199 196 194 192 190 188 186 183 182 181 180 182 185 187 187 186 184 182 178 174 173 172 172 172 174
339 335 335 337 334 329 327 324 319 314 311 305 293 281 272 267 273 281 274 265 269 289 297 315 289 271 260 248 244 240 232 234 240 249 275 262 265 261 263 256 238 217 209 208 209 209 208 207 206 205 204 204 204 201 197 194 192 189 187 186 183 181 182 181 178 178 182 185 185 184 183 181 177 173 173 172 171 171 172
346 345 347 351 350 341 334 327 320 315 311 305 296 288 282 279 288 290 284 282 278 274 271 306 291 254 249 243 239 239 231 228 231 231 258 254 268 266 252 243 232 216 208 207 206 205 205 204 203 202 202 202 201 198 195 192 189 185 183 183 181 181 182 180 175 174 179 183 183 182 181 180 176 173 172 172 171 170 171
351 352 355 359 360 352 341 331 323 317 312 304 296 290 285 288 296 297 281 285 281 279 266 309 250 231 225 219 218 221 219 219 224 236 253 276 307 298 228 223 220 211 206 204 203 202 201 201 200 199 199 200 198 195 192 190 185 181 180 180 180 180 180 178 173 172 177 181 182 181 180 178 175 173 172 171 170 170 170
355 356 359 3 4 358 349 339 330 323 315 305 297 290 288 296 303 322 308 297 296 290 249 242 234 221 212 207 202 210 215 216 216 233 247 285 297 321 199 205 207 205 203 201 199 198 198 197 197 197 197 197 195 193 190 186 181 178 179 179 179 178 178 175 171 170 174 178 179 179 178 177 174 172 171 170 169 168 169
358 360 3 5 6 2 355 347 339 331 320 308 298 291 290 300 306 24 341 301 285 251 239 221 219 215 205 198 202 210 215 213 210 246 265 264 262 294 194 194 198 199 199 197 196 195 194 194 194 194 195 194 192 191 188 182 177 177 178 179 179 176 175 172 168 167 170 175 176 176 176 175 172 170 169 168 168 167 167
2 3 5 6 7 4 358 352 346 337 325 310 297 290 290 291 299 66 243 255 243 235 236 232 222 219 210 202 204 209 213 213 206 228 252 242 234 223 190 188 192 195 195 194 192 191 191 191 191 192 193 192 191 189 185 179 178 178 179 179 178 176 173 169 166 164 167 171 173 174 174 172 170 168 167 166 167 166 166
3 4 5 7 7 4 359 355 349 340 325 306 292 288 284 277 167 18 215 244 242 240 236 234 227 223 217 211 209 210 210 210 214 223 222 216 211 203 189 186 189 191 191 190 189 188 188 189 190 191 191 191 190 187 183 181 180 180 179 179 178 176 173 168 164 163 165 168 170 171 171 170 167 166 165 165 165 165 165
3 4 4 6 6 3 358 353 348 337 317 297 288 287 279 254 71 204 268 262 239 236 229 226 224 220 214 211 210 207 203 198 238 243 227 209 203 198 189 186 186 187 187 186 186 186 186 188 189 190 190 190 189 186 184 183 183 181 179 178 177 176 173 168 164 162 163 165 168 169 168 167 165 164 163 163 164 164 164
1 1 1 4 4 359 354 348 340 325 304 291 291 288 264 122 346 244 284 255 237 229 222 218 217 216 211 208 206 203 193 190 273 250 229 206 197 195 189 185 184 184 183 183 183 184 185 187 188 189 189 189 188 185 184 184 183 181 178 176 175 174 172 167 164 161 161 163 165 166 165 164 162 162 161 162 163 163 163
357 356 357 0 1 356 349 340 327 309 295 294 293 284 232 119 275 263 278 245 229 222 215 211 212 215 212 207 204 199 192 192 229 214 207 199 193 191 187 183 181 180 180 181 182 183 185 186 187 188 188 187 186 184 182 182 181 179 177 175 173 172 170 166 162 160 160 162 163 163 162 161 160 160 160 160 162 162 162
354 352 353 358 0 354 344 331 314 299 292 295 296 284 263 167 170 233 233 241 231 219 211 207 209 213 212 207 201 195 192 195 200 191 191 192 189 187 183 181 179 178 178 179 181 183 185 186 187 187 186 185 183 181 179 179 178 177 175 173 172 170 168 165 162 159 159 160 161 161 160 158 158 159 159 159 161 161 161
352 350 351 358 1 353 340 324 309 299 292 297 306 304 292 239 319 257 260 216 224 218 209 206 208 210 210 205 200 194 194 193 190 191 188 188 186 183 180 178 176 175 176 178 180 183 185 185 185 185 184 182 180 178 176 175 174 173 172 170 169 168 166 164 161 159 158 159 159 159 157 156 157 158 158 159 160 160 160
353 351 352 0 2 352 337 323 314 306 298 284 305 323 299 161 12 248 307 236 222 214 208 205 206 207 206 202 198 195 189 180 185 189 187 186 183 180 177 175 173 173 175 177 180 182 183 184 183 182 181 179 176 174 172 171 170 170 168 167 167 166 165 163 160 159 158 158 158 157 155 154 156 157 157 158 159 159 160
356 354 355 3 3 351 338 329 322 313 296 247 228 277 345 151 11 52 249 228 214 209 205 203 203 202 201 198 194 191 187 181 181 185 186 184 180 177 174 172 171 171 174 176 179 181 181 181 180 179 177 175 173 171 169 167 167 166 165 165 164 164 163 161 159 158 157 157 156 155 154 153 155 156 156 157 159 159 159
0 358 359 6 4 352 342 336 332 325 310 264 207 107 32 147 342 275 223 211 203 203 200 198 198 197 195 191 187 184 183 180 179 182 183 181 178 174 171 169 168 170 172 175 177 178 178 177 176 175 173 171 169 167 165 164 163 163 162 162 162 162 161 159 157 157 156 156 155 154 152 152 154 155 155 156 158 159 159
5 3 4 7 4 358 351 347 351 38 27 330 239 179 79 131 247 222 212 202 196 200 196 193 192 192 190 183 178 175 177 177 177 180 181 179 175 171 168 166 166 168 170 172 174 175 174 173 172 170 169 167 165 163 162 161 160 160 160 160 160 159 158 156 155 155 155 155 154 152 151 152 153 154 155 156 158 159 159
10 8 9 8 9 12 7 356 339 315 330 303 254 222 259 314 226 215 206 193 192 195 191 189 189 188 184 177 170 169 171 173 175 177 178 176 172 168 165 164 164 166 168 169 170 171 170 168 167 165 164 162 161 160 159 158 158 158 158 158 158 158 157 155 154 154 154 154 153 152 151 152 153 153 154 155 158 158 159
14 12 13 15 20 28 24 26 23 1 325 264 250 294 159 117 208 202 193 193 188 185 184 184 185 183 178 169 163 162 166 173 172 173 174 173 168 165 162 162 163 164 165 166 166 166 165 163 162 160 159 158 157 156 156 156 156 156 156 156 156 156 155 153 152 152 153 153 152 151 151 151 152 153 153 155 157 158 158
18 16 18 26 36 43 46 69 88 70 336 272 130 90 169 200 194 185 189 188 182 178 178 180 181 179 174 171 170 162 162 167 168 168 170 168 164 160 159 159 160 160 161 161 161 160 159 158 157 155 154 153 153 153 154 154 155 155 156 156 156 155 154 152 151 152 152 153 152 151 151 151 152 152 153 154 156 157 157
22 19 22 34 49 61 70 73 85 102 86 302 196 182 189 189 176 174 176 171 168 167 169 171 172 170 166 168 169 160 154 158 162 163 164 162 159 157 156 157 157 157 157 157 156 155 154 152 151 150 149 149 149 150 151 152 153 153 154 154 154 153 152 151 150 151 152 153 153 152 151 151 151 152 152 153 155 156 156
26 22 24 33 50 61 68 58 48 73 81 105 214 207 193 182 183 183 175 171 170 170 170 170 169 165 161 160 159 152 149 155 158 160 160 158 155 154 153 153 153 153 153 152 151 150 149 148 147 147 147 147 148 149 150 152 153 153 154 154 154 153 152 151 151 152 154 155 155 153 152 151 151 151 151 152 154 155 155
31 27 27 31 41 48 50 51 48 37 39 107 137 153 140 140 145 145 145 146 148 150 152 153 152 150 149 148 148 147 148 151 152 153 152 151 151 151 151 152 152 151 151 150 149 148 147 146 146 146 146 146 146 147 148 149 150 150 150 150 150 150 150 149 150 151 153 154 154 153 151 150 150 151 151 152 153 154 154
36 33 33 34 40 46 50 51 49 49 50 58 66 79 88 107 119 124 128 132 135 137 139 140 141 141 141 141 142 143 144 146 147 147 147 146 147 147 148 148 147 147 146 145 144 143 142 142 141 141 141 142 142 143 143 144 145 145 146 146 145 145 146 147 148 149 150 151 152 151 151 150 149 150 151 151 152 152 153
41 39 38 35 40 44 47 47 45 44 47 55 63 71 77 96 110 117 122 126 129 131 133 134 135 136 136 137 138 139 141 142 142 143 143 142 143 143 144 144 143 141 140 139 138 137 136 136 136 136 137 137 138 139 140 141 141 142 142 142 142 142 143 145 146 147 149 150 151 151 150 149 149 149 149 150 151 151 151
45 45 43 40 42 42 42 41 40 42 46 54 62 72 83 100 110 115 119 122 124 126 127 129 130 131 132 133 134 135 136 137 137 137 137 137 137 138 138 138 137 135 134 132 131 130 130 130 130 130 131 132 133 135 136 137 137 138 139 139 140 140 141 143 145 146 147 148 149 149 149 148 148 147 148 149 149 150 150
