---
Vertical Velocity & Wind [kt] at 950mb Direction [deg] Valid 1800 NZST ~Z75~(0600Z)~Z~ MON 5 Jan 2026 ~Z75~[54hrFcst@2110z]~Z~
Model= RASP Region= NZ Grid= d2 Reskm= 2.0 Indexs= 1 69 1 69 Proj= lambert 2000 2000 -35.0000 -42.0000 176.0000 -37.7968 175.7263
Day= 2026 1 5 MON ValidLST= 1800 NZST ValidZ= 600 Fcst= 54.0 Init= 46 Param= press950 Direction Unit= cm/sec Mult= 1 Min= 0 Max= 0
223 223 224 225 224 225 226 227 226 224 223 221 220 219 220 220 222 224 226 230 232 234 0 0 0 0 0 242 244 246 248 249 250 250 252 254 260 266 272 277 281 280 279 282 284 280 270 274 272 271 279 298 325 347 355 359 4 19 39 41 32 17 4 355 348 340 334 331 326
226 227 227 227 224 224 226 227 226 224 224 223 221 219 218 217 219 221 224 227 229 233 0 0 0 0 0 242 245 246 248 249 250 250 252 254 260 267 273 277 279 277 274 276 279 273 263 270 272 273 285 311 334 348 354 359 4 13 24 30 27 17 6 357 349 340 333 330 324
232 234 232 230 228 226 226 227 227 226 226 225 222 221 218 217 218 218 220 223 224 227 0 0 0 0 241 243 245 246 248 250 251 251 252 255 261 267 271 274 276 274 273 272 271 265 262 265 268 273 292 329 350 358 2 4 6 10 15 19 19 15 7 358 348 337 329 325 323
235 238 237 235 232 229 228 227 226 227 227 226 224 222 220 219 218 218 219 221 223 225 228 231 233 237 240 242 245 246 248 249 250 251 253 256 261 267 268 269 270 270 270 267 264 260 258 261 267 269 295 350 9 14 16 15 12 9 6 5 6 7 5 358 348 336 328 326 325
234 238 238 237 235 232 229 226 225 226 225 226 225 224 222 220 219 219 219 221 223 226 228 230 232 235 238 241 244 246 247 247 249 251 254 255 259 263 266 267 265 264 265 262 259 255 254 258 265 266 292 4 22 22 21 20 16 10 5 3 1 2 2 357 347 335 329 327 328
232 237 238 238 237 233 230 226 224 224 224 225 225 225 224 221 220 220 220 221 224 228 229 230 231 233 238 242 245 247 248 247 248 250 254 254 257 261 268 266 258 255 258 257 255 253 253 258 263 263 314 23 30 27 25 23 19 15 10 6 3 1 359 354 346 337 331 329 331
231 236 237 237 236 231 228 225 223 223 224 224 225 225 224 222 221 221 222 224 226 229 229 229 230 232 236 241 246 248 248 247 247 249 254 256 254 256 259 253 245 240 243 245 248 250 251 257 259 260 350 25 31 30 26 24 20 16 12 8 4 2 359 354 347 339 334 332 335
230 234 236 236 235 229 224 222 222 222 223 223 224 225 224 222 222 222 224 226 227 227 227 228 230 233 235 240 245 248 248 246 246 248 251 254 252 248 247 247 240 230 230 235 240 245 249 256 254 261 0 24 30 30 27 25 20 15 12 9 6 2 357 353 348 341 337 335 337
230 235 235 235 234 230 224 219 218 220 221 222 222 222 222 222 223 224 226 227 226 225 226 227 229 232 234 237 242 247 248 247 247 249 250 251 250 240 237 240 238 236 234 235 237 241 244 247 256 282 349 29 28 28 27 26 19 14 10 8 8 3 356 352 348 343 339 337 338
227 232 234 234 233 230 224 215 211 215 217 217 219 220 221 224 225 226 227 227 226 224 224 227 229 231 233 234 237 243 247 249 249 250 251 252 252 240 224 222 225 232 236 237 235 235 239 254 280 303 316 37 38 31 28 26 19 14 9 6 7 3 357 353 349 345 341 339 339
222 227 230 232 232 229 220 209 206 211 213 213 214 216 219 225 229 229 228 227 227 226 225 228 231 236 237 235 235 240 246 251 252 251 253 255 257 254 239 218 217 223 228 230 231 239 256 282 298 0 294 72 59 44 32 27 19 14 9 6 6 3 360 355 349 345 342 341 340
217 223 227 230 231 227 216 206 205 209 210 209 210 212 217 225 231 232 230 227 226 228 228 229 231 235 237 236 235 241 248 254 253 252 253 256 258 258 256 249 241 239 242 246 256 270 284 294 294 0 0 0 49 44 36 28 19 12 7 8 6 5 5 359 352 346 343 340 338
214 221 225 230 233 230 220 213 209 209 208 206 208 212 217 226 232 233 230 227 226 228 230 230 230 231 233 233 236 242 250 256 255 254 254 256 259 259 259 258 258 261 267 273 282 290 293 290 284 0 0 284 30 29 20 18 14 10 6 9 7 7 7 5 359 349 342 339 335
213 220 226 232 236 238 232 226 219 215 213 209 211 217 224 229 232 232 230 227 227 228 230 230 230 229 229 230 235 241 248 255 257 256 257 260 261 260 259 258 260 265 273 279 286 292 291 286 281 0 0 279 92 61 338 343 355 2 4 3 7 8 9 6 0 352 344 338 334
216 223 229 234 238 241 240 235 229 224 221 218 220 224 227 229 231 231 229 227 228 229 230 230 229 227 226 228 232 239 246 253 259 260 259 258 256 256 258 259 260 264 271 278 288 292 289 289 0 0 0 275 239 191 329 331 342 351 357 357 1 16 15 9 2 355 346 339 334
222 227 232 236 239 242 243 240 235 230 228 228 226 225 226 228 231 232 229 228 229 231 230 229 227 226 225 228 233 240 247 252 259 261 258 253 252 254 259 263 264 268 274 281 292 297 296 302 302 0 0 288 273 313 1 356 344 342 348 353 352 3 12 12 6 357 348 340 335
220 226 231 236 241 244 245 242 236 231 232 233 230 225 225 228 231 232 230 228 229 231 230 228 226 225 226 230 236 243 248 251 254 257 257 255 254 254 258 264 273 283 291 294 302 315 317 313 306 304 303 304 297 307 334 348 342 343 345 347 348 349 359 5 3 358 350 340 334
203 211 227 236 241 245 246 242 236 228 229 231 229 224 222 226 230 232 231 229 230 231 231 229 226 227 230 236 242 247 249 248 247 251 255 256 257 260 265 275 294 309 310 303 310 329 327 320 313 314 313 310 304 307 316 329 334 344 351 349 351 355 355 358 358 356 350 343 337
201 210 225 235 241 245 247 244 236 228 224 225 222 219 219 223 227 230 231 229 230 232 232 230 227 228 233 241 247 249 249 246 243 247 252 255 259 268 287 308 323 324 319 311 329 346 339 329 322 320 317 315 311 307 308 316 319 329 342 349 353 353 352 354 354 353 350 345 340
202 215 226 236 241 245 248 247 239 228 217 213 212 211 214 219 225 229 230 229 230 233 233 229 226 227 235 244 248 247 246 242 241 245 251 257 265 285 327 335 337 339 332 323 334 352 346 336 329 326 324 322 321 319 318 318 315 324 339 348 351 351 348 350 353 351 349 345 341
205 217 226 234 239 243 247 249 242 225 208 202 206 207 209 213 218 224 228 229 230 232 232 228 223 223 230 239 243 245 244 240 236 236 241 252 297 329 336 339 350 350 340 326 319 341 351 342 332 327 325 325 326 328 330 332 332 337 345 349 348 347 345 344 347 348 347 344 341
208 216 225 231 235 237 242 245 239 214 195 193 200 203 204 206 211 218 222 226 230 231 230 227 224 222 224 233 241 246 247 241 235 235 239 256 320 335 324 349 359 351 343 327 317 339 355 344 334 330 329 329 331 332 334 338 343 346 347 347 346 344 342 341 342 343 342 342 341
208 215 222 226 228 228 231 234 226 186 176 184 192 196 199 202 208 218 223 225 228 231 228 225 222 222 226 234 244 249 252 251 246 238 240 264 312 328 328 1 1 352 342 322 337 13 4 341 337 336 335 334 334 334 334 336 339 342 344 345 346 344 341 338 337 338 338 338 337
208 214 219 220 220 219 217 217 191 144 156 175 187 192 196 198 204 216 223 227 229 232 231 229 224 221 227 238 244 248 253 263 268 239 265 290 304 319 319 328 344 344 336 308 2 22 11 359 352 347 343 339 337 335 333 333 336 339 342 345 347 345 341 337 335 335 335 335 334
208 212 215 215 215 209 201 176 106 137 151 166 177 184 192 199 207 218 227 233 240 240 237 234 230 226 229 237 242 247 252 250 267 258 295 317 324 327 310 291 317 328 330 290 16 19 15 5 358 354 348 344 340 336 334 333 335 337 340 344 346 346 342 338 335 333 333 332 331
208 211 213 213 212 205 191 127 69 149 171 184 189 191 196 203 210 216 224 231 241 244 239 237 234 233 235 241 244 251 242 245 269 264 281 308 316 326 324 299 307 317 327 303 13 20 10 5 360 356 351 345 341 338 335 333 334 336 338 342 344 343 341 338 335 332 330 329 329
210 213 212 211 210 204 193 172 68 164 197 206 206 207 211 216 222 226 228 231 236 240 238 239 238 237 239 242 244 249 235 255 277 275 278 292 295 297 311 312 307 312 326 329 11 18 5 2 360 357 353 346 341 339 336 333 333 335 337 338 339 338 337 335 333 330 328 327 327
212 214 212 210 210 206 203 204 212 193 198 205 210 217 224 230 234 238 241 245 250 253 254 251 251 245 247 241 248 239 242 261 274 277 279 280 282 285 293 297 297 310 330 343 5 11 4 0 357 355 353 347 342 341 337 333 333 335 336 335 333 333 333 333 331 329 327 326 324
210 212 211 210 210 209 209 210 211 210 200 199 204 210 217 224 230 236 241 249 256 262 265 266 264 264 265 258 264 252 266 270 277 282 287 291 288 283 285 290 293 307 326 341 358 360 359 359 355 352 349 346 343 341 339 334 333 333 334 331 329 329 330 331 329 327 326 324 322
212 212 212 212 211 212 212 211 209 213 218 212 206 206 210 217 224 232 240 250 258 266 267 270 272 279 276 275 275 273 289 288 285 286 291 298 298 291 285 287 290 303 319 337 350 352 353 354 354 350 347 344 341 342 340 335 331 331 331 329 328 328 329 329 328 326 324 322 321
215 216 215 215 214 215 215 213 210 215 224 229 229 227 226 228 231 238 247 256 262 267 268 271 274 277 277 278 277 278 300 302 297 295 298 303 305 300 293 290 288 300 324 332 334 349 352 350 349 348 347 343 341 342 340 334 329 329 330 329 328 328 328 328 326 324 322 320 319
219 220 220 219 219 220 220 219 217 220 227 232 237 240 242 241 241 244 252 258 263 268 274 277 277 277 277 277 277 276 316 328 314 307 308 312 313 307 300 295 290 305 332 327 321 342 351 349 342 340 342 341 342 344 341 334 327 326 329 330 329 328 327 326 324 322 320 319 318
228 228 225 224 224 225 226 227 226 227 231 235 239 245 248 247 246 246 251 258 264 270 275 277 277 277 276 275 275 274 330 343 327 313 315 324 328 320 307 298 292 311 330 318 312 331 343 339 331 327 333 338 343 346 342 335 330 326 328 329 328 326 325 323 322 321 319 319 317
231 232 229 227 228 229 232 233 233 234 236 239 243 250 256 257 255 252 253 260 267 272 276 278 279 278 275 275 276 275 310 334 332 319 319 333 340 331 307 294 289 312 317 308 303 314 331 328 317 315 324 334 344 347 342 336 332 327 325 327 325 323 322 321 321 320 319 318 317
228 230 230 229 231 233 235 236 237 238 239 243 247 253 259 261 262 262 264 267 272 277 281 283 281 279 277 278 278 281 300 314 320 318 317 324 324 320 303 286 284 312 305 298 296 306 316 319 314 313 322 332 341 345 339 333 330 324 320 322 321 320 320 320 319 319 318 317 316
227 229 230 230 233 234 236 237 238 239 241 244 249 253 257 258 259 261 263 268 274 278 281 282 280 278 278 279 279 287 299 302 303 306 308 312 308 305 293 287 284 298 298 289 283 286 299 313 318 317 322 328 332 335 332 327 324 320 318 318 319 319 319 318 318 317 316 316 316
227 228 230 231 233 235 236 238 239 240 242 244 248 252 255 257 258 260 262 267 273 277 280 282 281 281 280 281 284 292 296 294 294 295 298 301 300 298 291 292 289 286 291 291 280 276 293 312 318 318 321 322 323 325 324 322 320 318 317 316 317 318 317 316 316 315 315 315 315
226 228 230 231 234 234 235 236 237 239 241 244 247 250 253 255 257 259 261 265 269 273 278 280 282 283 282 282 288 292 292 290 288 288 290 292 292 290 288 288 289 282 293 301 287 279 297 312 316 317 317 315 316 317 316 316 316 316 315 315 315 315 315 314 314 314 314 314 315
226 228 230 232 234 234 234 235 235 236 240 243 245 248 251 253 256 258 260 264 268 272 277 279 282 284 284 287 290 289 288 287 285 284 287 288 287 284 283 284 289 284 292 301 290 282 301 311 312 312 312 311 311 311 311 312 313 313 313 313 313 313 313 313 313 313 313 314 314
227 229 231 233 234 235 234 235 235 234 236 240 244 247 250 253 256 260 263 265 268 272 276 279 280 282 284 288 288 287 285 284 283 283 286 287 285 279 281 290 292 282 278 290 289 288 303 308 308 307 308 308 307 307 308 309 310 311 311 311 312 311 311 312 312 313 313 314 315
227 229 232 234 235 235 235 235 237 236 236 237 240 243 246 249 253 257 261 263 267 270 274 277 277 280 281 285 286 284 283 282 280 281 286 288 285 279 281 295 0 270 269 282 290 293 302 305 304 305 305 305 304 303 304 306 307 308 309 310 311 311 311 311 312 313 313 314 315
226 229 232 234 236 235 235 235 238 239 241 244 246 247 247 248 251 255 260 263 267 270 274 276 276 280 279 283 284 283 282 281 279 279 285 289 287 283 284 287 273 260 262 276 290 295 299 301 301 301 300 299 299 300 302 303 304 305 307 309 311 311 311 311 311 312 313 314 314
226 229 232 234 236 236 236 237 239 239 239 244 249 254 256 258 260 262 265 269 273 274 278 278 277 282 277 280 284 284 283 282 280 280 284 289 289 286 288 282 265 256 259 272 290 297 299 297 296 294 292 292 295 299 301 301 302 304 306 309 311 311 311 310 311 312 312 313 314
227 230 232 235 237 238 238 238 240 242 240 239 244 250 256 260 262 265 269 272 275 276 277 277 276 280 276 277 284 286 287 287 285 284 285 288 288 285 285 276 263 258 259 270 285 295 298 295 292 288 287 290 295 300 302 301 302 304 307 309 310 311 310 310 310 311 312 312 313
227 230 232 235 237 239 239 239 241 244 246 243 244 248 252 256 259 262 266 269 273 275 274 275 273 278 277 275 283 289 293 293 290 287 285 286 287 284 284 269 261 260 262 269 280 290 296 296 292 288 287 291 297 302 303 303 302 304 307 309 310 309 309 309 310 310 311 312 313
228 230 233 236 238 239 240 240 241 244 248 250 249 251 254 257 260 262 266 270 274 276 275 275 273 278 279 275 287 295 298 297 294 288 281 279 286 288 287 268 258 259 262 271 282 292 297 298 295 291 292 296 301 304 304 303 303 304 306 308 308 308 308 308 309 310 311 312 313
231 232 235 237 239 240 240 239 239 242 247 251 251 253 257 260 263 265 268 270 273 274 274 275 273 276 277 276 294 302 303 302 298 290 284 279 284 299 0 272 261 259 261 273 286 293 298 298 296 295 298 302 304 305 304 303 302 303 304 306 307 307 307 307 309 310 310 311 312
234 235 237 239 240 241 240 238 238 239 244 249 251 252 257 261 265 268 270 271 271 272 273 274 274 276 278 282 301 307 307 308 304 296 304 306 302 0 0 278 270 264 264 277 286 293 296 296 295 297 302 305 305 304 302 302 301 302 303 305 306 306 306 307 308 309 310 311 312
238 239 241 242 242 243 242 241 239 239 240 247 250 251 256 260 265 268 269 269 268 269 271 273 272 275 276 284 303 309 307 311 307 300 324 0 304 291 285 276 275 277 275 279 286 291 293 292 292 297 302 304 304 303 301 301 301 302 302 304 305 305 306 306 308 309 310 310 311
242 244 245 245 245 245 245 245 245 243 243 247 252 255 256 260 265 271 272 272 272 273 275 275 273 274 273 284 299 308 308 314 308 298 304 301 288 284 280 274 279 285 281 282 286 289 290 290 290 295 299 302 302 302 302 301 301 302 302 303 304 305 305 306 308 309 309 310 311
246 248 248 248 248 248 248 249 249 248 249 253 259 264 265 266 267 270 271 275 278 277 277 277 277 270 274 284 295 306 310 316 314 305 300 286 281 279 278 277 282 282 280 282 285 288 290 290 291 294 297 299 301 302 303 302 301 301 302 304 305 305 305 306 308 309 309 309 310
248 250 251 251 251 251 251 253 253 253 253 255 260 264 264 264 263 265 270 276 276 275 273 274 273 269 278 286 292 300 308 314 318 318 308 295 286 277 277 281 282 283 286 287 287 289 291 293 293 294 296 298 301 304 305 304 302 301 302 304 305 305 305 306 308 308 308 309 310
250 251 253 255 255 254 253 253 254 255 256 260 259 260 261 263 263 265 270 274 275 271 271 273 269 277 283 286 288 294 305 316 322 318 308 303 293 283 284 281 281 288 291 291 291 292 293 292 292 294 296 298 303 305 307 306 304 302 302 304 305 305 305 307 308 308 308 308 309
251 253 255 257 259 259 258 255 252 252 254 256 256 258 260 265 263 265 267 270 272 269 276 278 275 285 288 286 286 290 302 316 322 317 310 304 296 290 282 272 286 291 292 290 291 291 290 289 291 293 296 300 304 307 307 307 305 303 303 304 304 304 305 307 307 308 307 308 308
254 255 257 260 261 263 263 262 260 257 256 250 250 254 262 261 262 265 265 266 268 273 286 283 285 295 294 288 287 289 299 309 314 312 307 301 294 295 292 289 295 292 291 289 290 289 288 288 291 294 298 302 305 307 307 306 305 304 304 304 304 304 306 307 307 307 307 307 308
258 259 260 262 261 263 266 268 268 268 266 259 258 264 267 260 258 263 264 265 270 279 285 287 293 301 299 290 287 290 297 302 308 308 309 300 292 291 289 291 292 289 292 291 291 290 289 290 293 297 301 304 306 307 306 306 305 305 305 304 303 304 306 307 307 307 307 307 308
261 263 264 264 263 262 264 268 271 273 272 269 271 274 271 262 256 259 263 267 274 279 285 289 295 302 300 292 289 290 295 299 306 310 314 306 300 301 295 287 287 289 294 293 294 293 292 293 296 300 302 303 304 305 305 305 304 305 305 304 304 305 306 307 307 307 307 307 308
263 264 265 265 265 262 261 264 268 271 270 272 276 276 270 260 255 255 259 267 275 281 285 286 291 298 299 293 289 289 290 293 305 311 312 307 305 309 305 291 285 292 295 295 295 294 294 295 298 300 301 301 302 304 305 304 304 304 304 304 304 305 306 307 307 307 306 307 308
265 266 267 266 266 263 261 261 263 265 265 268 273 272 264 255 251 249 257 266 278 284 282 282 286 293 294 290 287 286 285 289 300 309 312 312 311 309 305 301 295 297 297 297 296 296 295 296 298 298 298 299 300 303 304 304 304 304 304 305 305 306 306 307 306 306 306 307 308
268 268 268 268 266 264 261 259 259 258 260 264 268 265 258 253 247 248 257 268 285 284 280 278 282 287 288 285 283 282 281 288 298 308 312 311 308 305 301 299 298 298 298 298 298 298 296 296 296 297 297 298 300 302 303 304 304 304 305 306 306 307 307 307 306 306 306 307 308
269 268 268 266 265 263 261 260 258 256 257 261 263 261 258 254 251 253 256 280 287 282 277 277 280 284 284 280 277 277 281 288 292 301 305 309 304 302 300 299 297 296 296 295 298 297 296 295 296 296 296 298 300 301 302 303 304 305 305 306 307 307 307 307 306 305 306 307 308
264 262 261 260 260 260 260 260 259 257 257 258 259 259 259 257 253 249 261 279 280 276 273 276 282 283 280 275 272 272 279 285 290 296 301 307 300 304 303 301 297 296 297 298 297 296 295 295 295 295 296 298 299 300 301 302 304 306 306 306 307 308 308 307 306 305 306 307 308
259 257 256 255 255 256 257 257 257 257 257 257 258 257 258 257 247 247 258 265 271 274 275 281 287 287 279 271 268 268 275 283 292 298 304 302 301 307 304 303 303 304 304 301 296 293 293 294 295 295 296 297 298 299 299 301 305 307 307 307 307 308 308 307 305 305 306 307 308
260 258 257 256 254 255 256 256 255 255 255 255 257 256 258 256 252 255 256 263 272 276 279 286 292 291 280 271 268 269 275 285 296 302 304 303 311 320 308 311 311 310 308 303 296 293 293 294 295 295 296 297 297 298 298 301 304 307 307 307 307 308 308 307 306 306 307 308 308
267 264 262 260 258 256 256 256 255 254 253 252 254 253 257 255 259 265 268 271 275 278 282 288 293 293 285 278 274 277 282 292 298 300 301 304 322 325 317 321 318 311 304 299 295 293 293 294 295 296 296 296 297 297 298 301 304 306 307 307 307 308 308 307 307 307 307 308 309
272 268 265 262 260 258 258 257 256 255 253 252 252 252 257 260 268 274 277 277 279 281 284 288 290 290 288 285 285 286 291 298 300 297 296 294 303 309 315 317 312 305 301 298 295 294 294 294 295 295 296 296 297 298 299 301 303 305 306 307 308 308 308 308 308 307 308 308 308
269 265 263 259 257 257 258 258 258 256 254 252 252 252 258 268 276 281 282 281 282 283 285 287 288 288 289 290 292 296 301 303 300 295 292 290 295 301 308 309 304 300 298 296 295 294 294 294 295 295 296 297 297 298 300 301 303 304 306 307 308 308 309 309 308 308 308 308 308
266 265 267 261 258 256 257 260 260 259 256 253 253 252 264 278 285 287 287 286 285 284 285 286 287 289 293 294 298 301 300 304 302 292 290 290 296 301 310 309 300 296 296 295 295 294 294 294 295 296 297 298 299 299 300 301 303 304 306 307 308 309 309 309 309 309 308 308 308
265 264 266 261 260 259 262 265 265 263 260 259 258 258 271 286 291 292 291 290 289 287 287 288 290 293 296 299 302 303 304 304 300 292 290 292 297 301 307 307 299 296 295 295 295 295 295 295 297 298 298 299 300 300 301 302 303 305 306 307 308 309 309 310 310 310 309 308 308
