---
Wind at 2m Direction [deg] Valid 1400 NZST ~Z75~(0200Z)~Z~ MON 5 Jan 2026 ~Z75~[50hrFcst@2110z]~Z~
Model= RASP Region= NZ Grid= d2 Reskm= 2.0 Indexs= 1 69 1 69 Proj= lambert 2000 2000 -35.0000 -42.0000 176.0000 -37.7968 175.7263
Day= 2026 1 5 MON ValidLST= 1400 NZST ValidZ= 200 Fcst= 50.0 Init= 46 Param= sfcwind0 Direction Unit= m/sec Mult= 1 Min= 0 Max= 360
283 284 282 280 275 270 258 248 246 245 246 252 255 270 282 290 296 299 298 299 295 296 291 283 275 277 282 290 304 321 329 325 322 319 318 311 305 299 291 286 282 275 278 296 348 353 332 316 309 297 296 291 288 291 294 299 305 320 339 355 356 348 337 323 314 308 315 322 343
282 283 281 279 276 274 263 254 251 250 253 260 266 281 289 293 296 297 294 298 294 297 296 290 280 284 290 301 314 325 330 323 316 311 309 303 303 301 295 292 290 280 284 303 351 356 325 309 301 287 287 283 282 287 298 311 326 339 349 356 355 345 333 319 312 307 315 326 349
281 281 279 278 275 273 268 263 259 259 263 271 285 290 288 286 286 288 289 294 296 297 297 295 290 291 296 307 318 326 328 322 314 305 302 301 304 301 299 296 296 296 298 307 330 334 310 301 293 287 281 277 277 286 304 326 347 354 355 353 349 340 329 321 314 309 308 318 332
278 276 275 274 273 271 270 269 263 252 243 268 286 287 286 282 279 280 282 285 294 301 300 294 291 292 298 310 319 320 320 316 311 304 303 305 308 309 306 299 297 301 304 302 302 293 300 314 303 291 279 272 275 304 310 346 4 358 351 345 340 339 334 332 327 320 313 312 310
271 271 270 269 268 267 268 270 265 278 287 286 272 273 273 270 273 276 272 273 286 294 290 285 286 289 303 318 321 319 318 317 312 306 310 314 319 315 299 291 293 304 302 306 308 309 334 208 255 261 260 258 234 245 303 1 23 351 333 339 345 350 343 342 340 332 320 317 317
264 265 264 264 263 263 264 268 268 41 45 334 268 257 257 257 265 278 277 269 271 278 278 281 287 297 312 314 315 312 314 311 306 308 316 320 316 306 299 296 300 305 302 316 317 303 286 211 217 236 249 260 248 153 34 10 25 4 326 326 349 2 359 353 343 332 321 318 323
259 259 259 259 259 260 261 265 275 71 109 222 245 245 243 243 241 265 289 280 266 260 264 274 287 302 311 312 315 314 314 306 306 318 318 315 308 306 307 305 305 308 319 323 308 292 293 278 258 261 268 272 251 60 41 10 13 6 304 314 345 6 9 2 347 330 317 318 332
252 252 252 253 255 257 257 259 266 265 247 227 238 240 234 235 239 230 260 269 269 271 273 280 292 305 311 310 311 308 304 304 314 319 312 310 310 312 312 309 309 320 324 313 301 296 291 288 287 281 272 272 259 59 75 38 332 323 317 328 344 12 16 7 347 327 314 318 339
248 248 247 248 249 251 252 250 252 258 269 269 266 258 247 250 278 262 240 259 276 285 285 295 303 308 309 309 309 304 302 307 316 310 303 310 314 314 310 306 315 324 321 311 304 296 292 289 292 288 287 277 295 32 106 103 54 346 337 328 342 34 31 14 349 324 310 316 347
247 248 249 249 250 249 250 244 244 243 234 253 268 269 282 319 334 316 293 290 297 296 289 294 300 303 305 307 306 302 305 309 310 301 308 316 316 309 302 306 319 319 311 299 295 293 290 289 293 291 290 278 329 6 18 38 33 10 359 315 310 56 48 24 342 315 304 317 4
252 256 259 261 263 261 262 258 253 267 308 330 279 274 304 339 338 321 312 305 298 299 302 301 300 301 302 302 298 297 299 301 301 302 311 309 303 294 295 307 314 305 294 288 287 286 285 291 293 288 283 278 5 27 21 15 11 0 351 330 320 86 84 73 275 304 301 320 29
262 270 277 280 281 280 282 284 292 23 7 307 273 269 335 3 342 316 304 299 297 301 307 307 304 300 300 295 291 292 292 295 303 306 305 299 293 292 302 310 304 291 283 281 283 286 288 291 285 279 276 278 41 43 30 18 20 15 2 339 324 23 139 36 356 320 301 322 44
276 283 289 290 290 290 293 289 303 17 246 251 247 263 345 24 344 309 299 296 292 292 301 308 306 302 298 292 290 290 286 296 304 301 293 290 299 304 307 299 289 283 284 289 293 294 292 289 281 281 276 282 84 83 83 60 34 23 11 349 328 325 310 347 354 329 319 346 44
293 297 299 297 296 294 293 289 292 261 227 237 254 297 339 105 217 282 286 283 277 284 301 306 303 296 290 283 283 278 278 293 292 288 300 311 310 303 294 286 279 282 289 296 297 293 288 283 280 280 279 280 259 126 120 105 59 40 19 356 337 331 329 342 347 336 335 349 25
304 306 304 298 295 293 291 290 289 291 291 311 330 327 316 275 190 222 262 271 274 287 303 303 295 289 286 279 278 272 280 286 273 302 334 325 309 299 297 293 293 299 302 301 292 284 281 279 279 280 280 280 285 271 48 42 33 36 28 7 348 340 335 350 352 338 338 342 358
305 303 300 296 291 289 288 288 289 294 320 341 339 328 315 301 267 202 231 254 265 288 303 298 289 286 279 277 274 275 280 270 281 6 352 318 308 309 306 300 316 329 326 315 298 284 282 285 285 285 283 284 283 286 6 38 40 33 28 17 5 355 346 350 353 340 336 338 343
299 296 293 288 284 284 282 285 284 302 336 349 343 324 307 295 294 240 216 233 259 288 294 288 283 280 274 274 270 275 273 267 346 4 338 320 315 311 298 295 337 354 332 313 300 290 288 288 285 281 279 279 273 288 28 28 37 45 39 27 16 1 353 353 353 343 337 334 335
287 285 282 279 277 277 276 280 281 309 357 2 338 309 294 287 287 280 256 251 277 288 289 293 293 288 284 278 273 274 267 292 1 6 350 324 305 295 286 292 345 10 321 295 291 293 291 285 282 282 282 280 279 285 51 37 28 35 37 30 21 9 4 1 354 345 339 335 337
269 270 270 272 272 274 273 275 274 300 34 34 303 270 271 276 277 277 285 303 304 299 311 314 305 294 286 272 267 258 267 354 39 31 345 293 279 277 278 289 340 156 221 257 285 300 296 287 283 283 282 280 279 275 80 47 32 27 37 33 24 13 8 6 357 348 343 341 342
250 255 259 265 268 271 270 270 262 252 69 139 235 243 255 263 268 267 289 314 307 305 317 312 297 289 281 270 261 250 114 83 90 120 214 246 254 258 260 286 325 196 226 283 308 307 299 291 286 284 280 280 280 278 277 26 34 21 26 31 26 16 11 9 0 351 346 345 345
239 245 252 260 264 269 268 269 258 187 145 206 227 239 248 254 257 256 293 307 289 289 302 300 293 293 289 284 282 303 39 142 186 202 210 224 235 243 266 307 307 292 315 317 305 296 292 286 280 277 275 278 279 286 301 322 17 24 24 26 24 17 11 9 2 352 349 346 347
240 246 251 258 263 266 270 268 268 197 180 203 218 226 236 245 247 247 242 245 260 283 302 298 296 295 292 293 303 312 304 283 284 261 232 225 233 269 318 325 320 328 319 294 285 284 284 281 277 275 276 283 287 301 314 314 352 26 26 22 18 15 10 8 2 353 352 351 351
253 254 255 258 262 265 269 275 294 289 192 201 213 220 229 235 240 261 264 250 280 310 305 297 291 285 283 288 296 295 294 301 294 288 280 266 288 334 331 322 315 309 295 276 274 280 285 288 286 286 298 308 309 307 300 294 11 43 37 29 20 12 2 3 1 354 354 354 355
265 261 259 258 259 262 268 278 287 292 260 211 204 214 224 231 257 286 286 289 307 309 304 295 284 276 274 277 281 282 286 285 281 284 283 304 339 334 316 309 315 326 312 288 279 283 287 291 288 322 337 329 317 303 298 309 44 55 48 36 25 11 0 357 358 355 354 356 359
264 260 258 258 259 262 268 277 285 284 285 267 234 218 227 244 273 285 287 294 298 296 293 287 280 278 280 284 287 287 286 281 280 277 289 335 341 327 305 305 347 353 334 309 289 280 285 286 310 6 354 334 320 313 307 313 22 59 55 47 33 9 355 353 355 355 354 356 360
250 250 253 257 263 268 276 289 295 295 292 292 290 275 271 279 286 310 314 303 290 280 282 282 280 284 287 286 282 277 272 268 268 299 338 345 333 323 315 349 13 5 342 316 296 289 305 313 350 19 6 333 318 316 320 317 346 87 90 89 92 63 358 353 354 355 353 355 360
240 244 250 259 268 278 289 295 296 295 296 297 296 297 294 290 308 330 310 292 284 282 291 289 282 278 273 267 265 263 262 268 310 353 348 333 323 316 340 17 18 7 344 312 304 337 351 352 357 8 7 336 319 318 322 318 322 28 124 127 114 82 31 6 358 355 351 354 359
244 250 257 267 277 287 292 294 293 291 292 293 292 294 290 291 299 290 277 277 283 300 315 301 301 291 269 256 255 259 264 321 347 349 342 327 317 307 5 38 29 14 350 300 307 358 3 5 4 4 358 342 328 326 327 324 320 316 308 328 15 28 22 12 2 355 350 352 357
264 271 276 281 287 290 291 289 289 290 292 294 294 292 291 290 282 273 276 277 293 315 315 314 328 315 293 270 269 260 322 4 346 334 330 313 298 292 355 47 47 30 349 298 310 2 11 12 4 2 357 347 337 333 330 325 323 326 328 343 0 6 8 8 3 355 351 352 356
290 292 294 294 293 291 289 287 287 289 291 292 292 292 291 289 286 287 290 298 316 312 299 304 320 307 293 285 271 266 15 14 346 327 311 272 261 276 57 73 75 63 315 275 298 21 22 17 6 1 358 349 340 336 333 326 325 325 326 342 355 359 1 2 0 354 351 352 355
299 300 300 296 293 290 286 285 285 287 288 289 289 289 289 288 289 293 300 317 313 294 288 297 268 264 273 284 276 292 57 56 351 310 297 272 258 282 107 98 99 110 230 246 232 39 32 22 10 360 356 352 346 339 334 328 324 325 331 347 351 353 355 356 357 353 351 352 354
299 300 298 294 290 286 284 283 283 284 284 285 286 287 287 286 294 301 307 304 291 286 298 310 282 259 264 283 287 297 66 105 172 254 267 269 287 332 46 116 119 156 226 234 188 46 36 25 13 2 358 354 346 341 336 330 325 327 337 346 348 350 351 352 353 351 349 349 350
296 296 294 289 285 282 280 280 280 279 279 280 280 282 282 279 306 314 308 291 272 276 304 323 302 291 290 297 298 311 331 32 188 215 238 262 335 314 302 134 145 183 230 252 234 45 35 24 14 3 1 355 346 344 340 333 327 328 341 344 345 346 348 349 349 347 345 346 347
285 285 283 280 278 276 274 273 273 272 272 273 273 275 273 278 316 311 299 287 276 276 294 201 276 293 307 315 316 312 311 311 267 252 272 315 300 273 294 195 218 248 267 277 284 8 25 21 12 2 4 358 345 345 343 338 330 329 338 341 342 343 346 346 345 342 341 341 342
268 268 268 269 269 269 268 267 266 267 267 268 269 269 269 272 283 276 274 272 276 282 299 260 279 308 315 314 309 300 293 288 284 280 301 301 295 304 298 309 313 288 288 281 339 4 8 11 10 2 6 358 343 347 346 340 333 331 334 338 340 343 344 344 341 339 338 338 339
255 255 255 259 262 264 264 263 262 263 263 264 265 265 269 258 229 245 255 253 257 287 315 327 331 319 307 300 299 295 291 286 289 295 302 304 318 310 295 328 332 308 295 322 357 360 360 1 2 358 5 356 342 352 348 341 336 330 331 336 339 340 341 340 337 337 336 336 336
250 251 252 256 260 262 263 263 261 261 260 260 260 261 266 269 215 220 235 242 248 302 327 332 319 289 278 285 309 310 299 302 315 323 332 329 319 295 305 1 342 312 323 356 360 355 353 354 355 354 2 352 344 357 348 341 339 333 333 335 337 339 338 337 335 335 336 335 334
257 258 259 262 264 266 267 267 265 264 262 261 259 258 261 269 252 232 236 252 277 330 332 316 288 265 256 294 331 310 292 294 321 331 331 315 299 292 342 15 321 339 358 357 0 356 351 350 349 349 357 347 345 358 346 342 340 335 334 334 335 336 333 332 332 333 334 334 334
270 270 270 270 270 270 271 271 270 269 266 265 262 259 260 262 263 260 274 293 306 324 317 301 291 277 257 336 324 279 273 291 332 327 310 298 292 306 353 346 3 23 4 357 2 358 351 348 343 345 354 346 348 356 343 343 341 336 335 333 333 332 330 332 334 335 334 334 334
274 274 273 272 271 271 271 272 271 270 268 265 264 263 264 266 266 294 311 303 297 294 290 288 293 280 243 181 223 243 265 308 331 309 298 299 293 319 341 353 22 15 357 1 5 358 350 344 339 343 352 347 348 351 340 344 341 337 336 333 332 332 333 335 335 335 335 336 337
274 273 272 271 269 269 270 271 270 268 265 260 260 257 254 254 259 296 288 282 284 283 265 264 272 264 250 198 219 257 305 321 325 322 319 311 307 334 4 16 14 6 354 353 1 356 347 341 338 343 351 349 348 345 342 346 342 337 335 333 334 335 335 335 336 336 336 336 336
272 270 269 268 268 268 270 271 273 272 272 271 265 261 257 252 264 265 259 266 278 284 274 255 250 252 278 308 323 332 324 314 317 330 336 324 320 332 25 37 22 0 348 351 359 352 345 342 340 344 350 352 349 346 342 344 340 337 337 338 338 336 336 336 337 336 336 337 337
268 266 265 265 266 267 268 270 273 274 276 276 273 274 274 275 288 293 284 286 293 293 284 269 261 281 353 354 336 325 316 307 314 337 334 319 317 320 11 38 24 2 348 352 359 351 345 343 341 344 350 351 347 345 343 344 341 341 341 340 338 337 336 337 337 337 337 337 336
261 261 261 262 264 265 267 269 271 273 271 271 273 271 268 273 280 287 291 295 294 285 284 278 294 345 354 341 327 321 314 303 315 346 328 309 308 308 16 44 28 10 353 353 354 350 347 347 346 347 349 349 347 346 344 343 344 343 342 341 339 337 336 337 337 337 337 336 335
255 256 257 260 262 264 266 268 270 273 273 274 275 272 274 285 282 275 285 290 286 277 271 268 2 15 352 332 319 310 304 302 309 323 291 288 287 287 331 40 33 17 2 357 355 351 351 350 347 347 348 348 347 345 345 346 345 344 343 342 340 337 336 337 337 337 336 336 335
254 255 256 259 261 263 265 266 268 270 273 275 277 283 291 291 287 290 290 287 287 288 278 294 28 13 338 316 301 292 306 322 327 317 277 271 271 250 233 34 31 24 14 3 357 353 352 352 349 348 349 348 347 347 346 346 345 344 343 341 340 337 336 336 337 336 335 335 334
258 259 259 260 261 263 263 264 266 269 274 278 281 287 285 280 291 302 297 286 286 292 302 334 356 355 284 260 253 301 337 342 342 328 294 263 248 236 274 34 27 28 25 9 358 354 353 353 351 348 348 348 349 347 346 346 346 344 343 342 339 336 335 336 337 336 335 334 333
263 263 263 263 263 262 263 264 265 267 270 274 278 278 278 289 302 306 300 294 285 312 341 348 338 327 296 230 240 341 349 354 351 332 295 261 249 227 64 42 29 25 26 13 2 356 354 352 351 349 349 349 349 347 347 347 346 344 343 342 339 336 335 336 337 336 335 334 333
265 265 264 263 263 263 263 261 260 260 259 261 264 265 279 298 304 294 283 272 288 15 12 354 336 323 315 302 333 357 13 17 354 327 304 298 14 59 64 48 34 23 20 12 3 359 356 353 352 349 349 349 349 348 347 348 346 345 343 342 338 335 335 337 337 336 335 334 333
263 262 262 263 263 264 263 262 260 260 256 257 261 270 288 294 290 280 268 260 21 56 43 11 332 315 317 320 332 351 27 46 7 315 293 311 350 46 51 46 46 39 24 12 3 0 357 354 351 349 349 349 349 348 349 349 347 345 344 341 337 335 336 338 337 336 334 333 332
261 260 260 262 263 265 266 268 271 273 272 270 274 288 298 296 290 285 286 294 300 75 92 73 299 302 313 316 327 341 5 92 163 238 257 317 347 358 32 34 40 54 39 20 6 2 358 355 352 350 350 349 349 348 349 349 347 345 344 341 337 336 337 338 337 335 334 333 332
260 259 259 259 262 266 268 269 270 271 270 275 289 300 301 298 292 292 296 300 297 275 128 135 243 306 316 319 325 333 336 341 189 223 278 17 16 9 13 11 349 2 30 25 11 3 359 356 353 351 350 350 349 349 350 349 347 346 344 340 336 337 339 338 336 335 334 333 332
260 259 258 254 254 258 266 270 270 270 271 286 300 299 288 295 300 300 292 285 276 290 321 351 350 339 326 324 330 336 336 332 315 304 359 47 62 58 36 14 358 357 14 19 12 4 359 357 353 351 350 350 350 350 351 349 348 347 343 338 337 338 340 338 336 335 334 333 332
260 259 257 250 245 244 251 257 263 267 277 286 288 281 275 324 326 316 302 283 299 352 3 359 348 333 329 336 337 335 336 336 326 319 331 75 86 79 65 33 1 359 12 14 8 3 359 357 354 352 351 351 351 351 351 349 348 347 342 338 338 340 340 338 336 335 334 333 332
258 258 257 250 245 237 237 242 245 249 257 262 262 261 293 350 334 325 306 311 10 18 3 359 342 325 331 343 338 331 331 327 309 302 288 100 93 90 92 93 19 5 13 13 5 1 359 356 354 353 352 352 352 352 351 349 349 347 341 338 340 342 340 338 336 335 334 333 333
256 257 256 253 255 248 239 237 238 236 238 241 261 285 325 347 324 319 304 333 15 30 17 3 325 302 332 349 340 327 317 302 292 285 297 122 119 123 134 131 19 14 14 11 3 0 358 356 355 354 354 354 353 353 352 350 350 346 341 340 343 342 340 338 336 335 334 334 333
255 256 257 258 260 257 252 242 240 235 232 227 327 319 324 344 331 323 317 326 350 101 110 194 238 254 18 16 348 324 306 283 266 263 305 322 103 138 133 24 19 13 11 6 360 358 357 356 356 356 355 355 354 354 352 351 351 345 341 343 344 342 340 338 337 335 334 333 333
258 259 260 263 264 264 265 259 254 249 194 104 68 274 285 344 344 326 324 306 302 179 156 194 232 290 117 99 62 308 283 272 252 278 332 339 336 343 4 12 15 13 11 4 357 356 356 357 357 357 356 356 355 354 353 352 351 344 343 346 345 342 340 339 337 336 334 333 333
271 270 270 269 269 270 269 270 263 281 102 128 184 207 200 80 57 297 266 264 292 305 324 331 330 338 357 144 145 207 254 256 252 323 353 351 357 10 9 7 11 11 8 1 355 355 356 357 357 357 357 357 356 355 353 353 350 344 346 347 345 342 341 339 337 336 335 334 333
281 279 277 273 271 270 271 274 274 324 332 324 283 258 281 299 320 340 321 313 327 340 345 342 338 330 333 352 171 193 222 238 272 358 15 7 7 19 17 12 13 11 7 359 356 356 357 358 358 358 358 357 356 355 353 354 350 346 349 348 345 343 341 339 338 336 335 335 334
281 280 278 274 271 269 269 270 283 2 0 334 311 297 294 305 342 353 347 342 339 338 340 339 334 331 325 313 288 218 216 235 295 22 32 24 22 22 18 14 17 13 5 360 358 358 359 360 359 358 357 357 356 355 354 354 350 348 351 348 345 343 342 340 338 336 336 336 336
273 273 273 271 271 271 272 268 314 16 10 307 279 267 268 310 350 356 350 345 342 343 343 339 334 328 320 318 312 298 270 270 334 31 37 29 26 22 16 14 17 13 5 1 359 359 360 0 359 358 357 358 357 356 355 354 351 349 351 348 346 344 342 340 338 337 336 337 337
263 265 267 267 269 269 273 284 352 347 321 308 291 268 276 329 356 356 350 346 344 343 340 336 330 324 319 314 309 308 301 298 349 32 38 31 23 18 14 12 16 11 4 2 0 1 1 0 359 358 358 358 357 356 355 354 353 350 350 347 346 344 342 340 339 338 337 338 338
258 262 264 266 268 270 269 297 19 358 324 306 293 285 301 349 360 356 352 349 347 344 340 334 328 323 318 314 309 302 296 299 2 32 35 29 22 17 11 10 15 11 5 1 1 1 1 1 360 359 359 358 357 356 355 354 352 349 348 348 346 345 343 341 340 339 338 339 339
258 261 264 266 266 270 269 315 94 104 266 267 268 277 313 359 1 357 353 352 349 345 339 332 326 322 318 313 306 298 293 298 14 32 31 27 22 17 11 6 7 6 3 2 1 1 1 1 0 360 359 359 358 357 355 354 352 350 350 348 347 346 344 342 341 340 340 340 340
258 261 264 266 267 268 270 258 167 176 219 247 259 274 337 5 3 359 355 354 351 347 339 332 326 322 318 311 302 294 289 302 16 30 28 25 21 17 13 9 6 3 2 1 1 1 1 1 0 360 359 359 358 357 355 354 352 351 350 349 348 346 344 343 342 341 341 341 342
258 261 265 267 268 267 266 258 234 213 227 243 255 287 360 10 5 359 355 353 351 347 339 332 325 322 317 310 301 293 288 302 14 28 27 24 22 19 16 12 6 1 360 360 1 1 1 0 0 360 359 359 358 357 355 354 353 352 350 349 348 347 345 344 343 342 342 343 344
259 263 268 267 269 269 269 264 251 272 277 272 264 310 10 12 6 359 354 352 350 346 340 334 327 323 318 313 301 292 294 305 13 26 26 23 21 19 16 11 5 0 359 359 0 1 1 1 0 0 360 359 358 357 356 354 353 352 351 350 349 347 346 345 344 343 343 344 345
260 263 267 268 271 275 277 280 283 313 310 302 291 329 12 12 5 357 353 350 349 346 342 336 329 323 316 309 297 289 294 308 20 31 27 22 19 18 16 11 5 360 358 359 359 360 0 1 1 1 360 359 358 357 356 355 354 353 352 351 349 348 347 345 345 344 344 345 346
