---
Star Rating [Stars] Valid 1400 NZST ~Z75~(0200Z)~Z~ MON 5 Jan 2026 ~Z75~[50hrFcst@2110z]~Z~
Model= RASP Region= NZ Grid= d1 Reskm= 6.0 Indexs= 1 79 1 99 Proj= lambert 6000 6000 -35.0000 -42.0000 176.0000 -38.5000 176.0000
Day= 2026 1 5 MON ValidLST= 1400 NZST ValidZ= 200 Fcst= 50.0 Init= 46 Param= stars Unit= Stars Mult= 1 Min= 0.00 Max= 6.40
0.00 0.00 0.00 0.00 0.00 0.00 0.00 0.00 0.00 0.00 0.00 0.00 0.00 0.00 0.00 0.00 0.00 0.00 0.00 0.00 0.00 0.00 0.00 0.00 0.00 0.00 0.00 0.00 0.00 0.00 0.00 0.00 0.00 0.00 0.00 0.00 0.00 0.00 0.00 0.00 0.00 0.00 0.00 0.00 0.00 0.00 0.00 0.00 0.00 0.00 0.00 0.00 0.00 0.00 0.00 0.00 0.00 0.00 0.00 0.00 0.00 0.00 0.00 0.00 0.00 0.00 0.00 0.00 0.00 0.00 0.00 0.00 0.00 0.00 0.00 0.00 0.00 0.00 0.00
0.00 0.00 0.00 0.00 0.00 0.00 0.00 0.00 0.00 0.00 0.00 0.00 0.00 0.00 0.00 0.00 0.00 0.00 0.00 0.00 0.00 0.00 0.00 0.00 0.00 0.00 0.00 0.00 0.00 0.00 0.00 0.00 0.00 0.00 0.00 0.00 0.00 0.00 0.00 0.00 0.00 0.00 0.00 0.00 0.00 0.00 0.00 0.00 0.00 0.00 0.00 0.00 0.00 0.00 0.00 0.00 0.00 0.00 0.00 0.00 0.00 0.00 0.00 0.00 0.00 0.00 0.00 0.00 0.00 0.00 0.00 0.00 0.00 0.00 0.00 0.00 0.00 0.00 0.00
0.00 0.00 0.00 0.00 0.00 0.00 0.00 0.00 0.00 0.00 0.00 0.00 0.00 0.00 0.00 0.00 0.00 0.00 0.00 0.00 0.00 0.00 0.00 0.00 0.00 0.00 0.00 0.00 0.00 0.00 0.00 0.00 0.00 0.00 0.00 0.00 0.00 0.00 0.00 0.00 0.00 0.00 0.00 0.00 0.00 0.00 0.00 0.00 0.00 0.00 0.00 0.00 0.00 0.00 0.00 0.00 0.00 0.00 0.00 0.00 0.00 0.00 0.00 0.00 0.00 0.00 0.00 0.00 0.00 0.00 0.00 0.00 0.00 0.00 0.00 0.00 0.00 0.00 0.00
0.00 0.00 0.00 0.03 0.04 0.05 0.08 0.18 0.31 0.37 0.30 0.21 0.18 0.18 0.12 0.05 0.01 0.00 0.00 0.00 0.00 0.01 0.05 0.20 0.50 0.91 1.45 2.16 3.02 3.88 4.58 5.09 5.38 5.42 5.25 4.88 4.26 3.40 2.42 1.44 0.66 0.21 0.04 0.00 0.00 0.00 0.00 0.00 0.00 0.00 0.00 0.00 0.00 0.00 0.00 0.00 0.00 0.00 0.00 0.00 0.00 0.00 0.00 0.00 0.00 0.00 0.00 0.00 0.00 0.00 0.00 0.01 0.03 0.06 0.10 0.15 0.00 0.00 0.00
0.00 0.00 0.00 0.00 0.00 0.01 0.03 0.14 0.33 0.42 0.33 0.16 0.07 0.05 0.03 0.01 0.00 0.00 0.00 0.00 0.00 0.00 0.02 0.10 0.31 0.67 1.17 1.81 2.55 3.28 3.91 4.36 4.55 4.47 4.26 4.05 3.82 3.50 2.92 2.05 1.10 0.41 0.10 0.01 0.00 0.00 0.00 0.00 0.00 0.00 0.00 0.00 0.00 0.00 0.00 0.00 0.00 0.00 0.00 0.00 0.00 0.00 0.00 0.00 0.00 0.00 0.00 0.00 0.00 0.00 0.00 0.01 0.03 0.06 0.10 0.15 0.00 0.00 0.00
0.00 0.00 0.00 0.00 0.00 0.00 0.03 0.16 0.38 0.49 0.37 0.15 0.03 0.01 0.00 0.00 0.00 0.00 0.00 0.00 0.00 0.00 0.01 0.04 0.17 0.46 0.94 1.54 2.23 2.94 3.54 3.85 3.81 3.54 3.28 3.18 3.26 3.38 3.27 2.70 1.74 0.82 0.27 0.05 0.01 0.00 0.00 0.00 0.00 0.00 0.00 0.00 0.00 0.00 0.00 0.00 0.00 0.00 0.00 0.00 0.00 0.00 0.00 0.00 0.00 0.00 0.00 0.00 0.00 0.00 0.00 0.01 0.02 0.05 0.10 0.15 0.00 0.00 0.00
0.00 0.00 0.00 0.00 0.00 0.00 0.04 0.16 0.36 0.45 0.33 0.13 0.02 0.00 0.00 0.00 0.00 0.00 0.00 0.00 0.00 0.00 0.00 0.01 0.09 0.31 0.73 1.32 2.03 2.78 3.39 3.58 3.32 2.89 2.62 2.63 2.91 3.30 3.57 3.38 2.59 1.52 0.64 0.18 0.03 0.00 0.00 0.00 0.00 0.00 0.00 0.00 0.00 0.00 0.00 0.00 0.00 0.00 0.00 0.00 0.00 0.00 0.00 0.00 0.00 0.00 0.00 0.00 0.00 0.00 0.00 0.00 0.02 0.05 0.09 0.15 0.00 0.00 0.00
0.00 0.00 0.00 0.00 0.00 0.00 0.03 0.12 0.24 0.29 0.21 0.08 0.01 0.00 0.00 0.00 0.00 0.00 0.00 0.00 0.00 0.00 0.00 0.00 0.04 0.19 0.54 1.10 1.82 2.59 3.20 3.36 3.03 2.55 2.30 2.42 2.83 3.39 3.89 4.04 3.56 2.48 1.27 0.45 0.10 0.01 0.00 0.00 0.00 0.00 0.00 0.00 0.00 0.00 0.00 0.00 0.00 0.00 0.00 0.00 0.00 0.00 0.00 0.00 0.00 0.00 0.00 0.00 0.00 0.00 0.00 0.00 0.02 0.04 0.09 0.14 0.00 0.00 0.00
0.00 0.00 0.00 0.00 0.00 0.00 0.02 0.05 0.11 0.12 0.08 0.03 0.00 0.00 0.00 0.00 0.00 0.00 0.00 0.00 0.00 0.00 0.00 0.00 0.02 0.11 0.36 0.85 1.52 2.25 2.85 3.08 2.84 2.41 2.22 2.43 2.95 3.61 4.23 4.63 4.46 3.52 2.11 0.90 0.26 0.05 0.01 0.00 0.00 0.00 0.00 0.00 0.00 0.00 0.00 0.00 0.00 0.00 0.00 0.00 0.00 0.00 0.00 0.00 0.00 0.00 0.00 0.00 0.00 0.00 0.00 0.00 0.01 0.04 0.08 0.13 0.00 0.00 0.00
0.00 0.00 0.00 0.00 0.00 0.00 0.00 0.02 0.03 0.03 0.02 0.01 0.00 0.00 0.00 0.00 0.00 0.00 0.00 0.00 0.00 0.00 0.00 0.00 0.01 0.05 0.22 0.61 1.18 1.82 2.38 2.70 2.64 2.36 2.24 2.53 3.16 3.91 4.59 5.07 5.12 4.41 3.01 1.53 0.55 0.14 0.02 0.00 0.00 0.00 0.00 0.00 0.00 0.00 0.00 0.00 0.00 0.00 0.00 0.00 0.00 0.00 0.00 0.00 0.00 0.00 0.00 0.00 0.00 0.00 0.00 0.00 0.01 0.04 0.08 0.12 0.00 0.00 0.00
0.00 0.00 0.00 0.00 0.00 0.00 0.00 0.00 0.00 0.00 0.00 0.00 0.00 0.00 0.00 0.00 0.00 0.00 0.00 0.00 0.00 0.00 0.00 0.00 0.00 0.02 0.13 0.42 0.88 1.40 1.89 2.26 2.38 2.29 2.26 2.61 3.33 4.17 4.89 5.40 5.55 5.06 3.80 2.19 0.92 0.28 0.06 0.01 0.00 0.00 0.00 0.00 0.00 0.00 0.00 0.00 0.00 0.00 0.00 0.00 0.00 0.00 0.00 0.00 0.00 0.00 0.00 0.00 0.00 0.00 0.00 0.00 0.01 0.04 0.07 0.11 0.00 0.00 0.00
0.00 0.00 0.00 0.00 0.00 0.00 0.00 0.00 0.00 0.00 0.00 0.00 0.00 0.00 0.00 0.00 0.00 0.00 0.00 0.00 0.00 0.00 0.00 0.00 0.00 0.01 0.08 0.28 0.62 1.04 1.45 1.84 2.09 2.15 2.22 2.59 3.35 4.27 5.07 5.62 5.82 5.45 4.31 2.67 1.22 0.41 0.10 0.02 0.00 0.00 0.00 0.00 0.00 0.00 0.00 0.00 0.00 0.00 0.00 0.00 0.00 0.00 0.00 0.00 0.00 0.00 0.00 0.00 0.00 0.00 0.00 0.00 0.02 0.04 0.07 0.11 0.00 0.00 0.00
0.00 0.00 0.00 0.00 0.00 0.00 0.00 0.00 0.00 0.00 0.00 0.00 0.00 0.00 0.00 0.00 0.00 0.00 0.00 0.00 0.00 0.00 0.00 0.00 0.00 0.00 0.04 0.17 0.43 0.76 1.12 1.48 1.77 1.93 2.09 2.51 3.27 4.23 5.13 5.76 5.98 5.63 4.52 2.88 1.38 0.50 0.15 0.04 0.01 0.00 0.00 0.00 0.00 0.00 0.00 0.00 0.00 0.00 0.00 0.00 0.00 0.00 0.00 0.00 0.00 0.00 0.00 0.00 0.00 0.00 0.00 0.01 0.02 0.04 0.07 0.11 0.00 0.00 0.00
0.00 0.00 0.00 0.00 0.00 0.00 0.00 0.00 0.00 0.00 0.00 0.00 0.00 0.00 0.00 0.00 0.00 0.00 0.00 0.00 0.00 0.00 0.00 0.00 0.00 0.00 0.02 0.10 0.30 0.58 0.89 1.19 1.45 1.65 1.94 2.47 3.29 4.27 5.20 5.85 6.07 5.71 4.61 2.97 1.49 0.61 0.22 0.07 0.02 0.00 0.00 0.00 0.00 0.00 0.00 0.00 0.00 0.00 0.00 0.00 0.00 0.00 0.00 0.00 0.00 0.00 0.00 0.00 0.00 0.00 0.00 0.01 0.02 0.04 0.07 0.10 0.00 0.00 0.00
0.00 0.00 0.00 0.00 0.00 0.00 0.00 0.00 0.00 0.00 0.00 0.00 0.00 0.00 0.00 0.00 0.00 0.00 0.00 0.00 0.00 0.00 0.00 0.00 0.00 0.00 0.01 0.07 0.23 0.47 0.75 1.00 1.21 1.45 1.86 2.59 3.54 4.53 5.38 5.95 6.14 5.78 4.70 3.12 1.69 0.81 0.37 0.15 0.05 0.01 0.00 0.00 0.00 0.00 0.00 0.00 0.00 0.00 0.00 0.00 0.00 0.00 0.00 0.00 0.00 0.00 0.00 0.00 0.00 0.00 0.00 0.01 0.02 0.04 0.07 0.10 0.00 0.00 0.00
0.00 0.00 0.00 0.00 0.00 0.00 0.00 0.00 0.00 0.00 0.00 0.00 0.00 0.00 0.00 0.00 0.00 0.00 0.00 0.00 0.00 0.00 0.00 0.00 0.00 0.00 0.01 0.06 0.20 0.43 0.68 0.92 1.12 1.38 1.93 2.86 3.98 4.97 5.68 6.09 6.21 5.86 4.86 3.44 2.17 1.31 0.74 0.36 0.15 0.06 0.02 0.00 0.00 0.00 0.00 0.00 0.00 0.00 0.00 0.00 0.00 0.00 0.00 0.00 0.00 0.00 0.00 0.00 0.00 0.00 0.00 0.01 0.02 0.04 0.07 0.10 0.00 0.00 0.00
0.00 0.00 0.00 0.00 0.00 0.00 0.00 0.00 0.00 0.00 0.00 0.00 0.00 0.00 0.00 0.00 0.00 0.00 0.00 0.00 0.00 0.00 0.00 0.00 0.00 0.00 0.02 0.07 0.21 0.42 0.67 0.91 1.13 1.46 2.15 3.23 4.46 5.42 5.98 6.24 6.28 5.94 5.11 4.02 3.07 2.28 1.50 0.83 0.40 0.18 0.08 0.03 0.01 0.00 0.00 0.00 0.00 0.00 0.00 0.00 0.00 0.00 0.00 0.00 0.00 0.00 0.00 0.00 0.00 0.00 0.00 0.00 0.02 0.04 0.07 0.10 0.00 0.00 0.00
0.00 0.00 0.00 0.00 0.00 0.00 0.00 0.00 0.00 0.00 0.00 0.00 0.00 0.00 0.00 0.00 0.00 0.00 0.00 0.00 0.00 0.00 0.00 0.00 0.00 0.00 0.03 0.09 0.23 0.43 0.68 0.92 1.20 1.66 2.49 3.67 4.88 5.75 6.19 6.34 6.28 5.94 5.32 4.68 4.18 3.56 2.63 1.64 0.90 0.47 0.23 0.09 0.03 0.01 0.00 0.00 0.00 0.00 0.00 0.00 0.00 0.00 0.00 0.00 0.00 0.00 0.00 0.00 0.00 0.00 0.00 0.00 0.01 0.03 0.06 0.09 0.00 0.00 0.00
0.00 0.00 0.00 0.00 0.00 0.00 0.00 0.00 0.00 0.00 0.00 0.00 0.00 0.00 0.00 0.00 0.00 0.00 0.00 0.00 0.00 0.00 0.00 0.00 0.00 0.01 0.04 0.12 0.26 0.47 0.71 0.98 1.36 1.98 2.95 4.15 5.25 5.97 6.29 6.35 6.18 5.70 5.12 4.81 4.76 4.52 3.76 2.70 1.73 1.02 0.53 0.23 0.08 0.02 0.00 0.00 0.00 0.00 0.00 0.00 0.00 0.00 0.00 0.00 0.00 0.00 0.00 0.00 0.00 0.00 0.00 0.00 0.01 0.03 0.05 0.08 0.00 0.00 0.00
0.00 0.00 0.00 0.00 0.00 0.00 0.00 0.00 0.00 0.00 0.00 0.00 0.00 0.00 0.00 0.00 0.00 0.00 0.00 0.00 0.00 0.00 0.00 0.00 0.01 0.02 0.07 0.17 0.34 0.56 0.83 1.16 1.64 2.43 3.52 4.69 5.62 6.14 6.34 6.32 5.99 5.22 4.38 4.07 4.32 4.61 4.43 3.71 2.73 1.77 0.98 0.44 0.15 0.04 0.00 0.00 0.00 0.00 0.00 0.00 0.00 0.00 0.00 0.00 0.00 0.00 0.00 0.00 0.00 0.00 0.00 0.00 0.01 0.02 0.04 0.07 0.00 0.00 0.00
0.00 0.00 0.00 0.00 0.00 0.00 0.00 0.00 0.00 0.00 0.00 0.00 0.00 0.00 0.00 0.00 0.00 0.00 0.00 0.00 0.00 0.00 0.00 0.01 0.02 0.06 0.13 0.27 0.47 0.74 1.07 1.50 2.12 3.03 4.16 5.23 5.95 6.27 6.35 6.26 5.80 4.78 3.62 3.11 3.46 4.16 4.57 4.34 3.56 2.52 1.50 0.71 0.25 0.06 0.01 0.00 0.00 0.00 0.00 0.00 0.00 0.00 0.00 0.00 0.00 0.00 0.00 0.00 0.00 0.00 0.00 0.00 0.00 0.02 0.04 0.06 0.00 0.00 0.00
0.00 0.00 0.00 0.00 0.00 0.00 0.00 0.00 0.00 0.00 0.00 0.00 0.00 0.00 0.00 0.00 0.00 0.00 0.00 0.00 0.00 0.00 0.01 0.02 0.06 0.13 0.23 0.40 0.65 0.98 1.41 1.97 2.75 3.75 4.82 5.69 6.18 6.34 6.32 6.18 5.68 4.61 3.38 2.84 3.22 4.02 4.57 4.52 3.92 2.98 1.92 0.99 0.39 0.11 0.02 0.00 0.00 0.00 0.00 0.00 0.00 0.00 0.00 0.00 0.00 0.00 0.00 0.00 0.00 0.00 0.00 0.00 0.00 0.01 0.03 0.05 0.00 0.00 0.00
0.00 0.00 0.00 0.00 0.00 0.00 0.00 0.00 0.00 0.00 0.00 0.00 0.00 0.00 0.00 0.00 0.00 0.00 0.00 0.01 0.01 0.02 0.04 0.09 0.17 0.28 0.41 0.61 0.89 1.29 1.82 2.53 3.44 4.45 5.38 6.01 6.30 6.35 6.28 6.10 5.61 4.64 3.60 3.27 3.74 4.38 4.61 4.34 3.75 2.98 2.08 1.21 0.57 0.21 0.05 0.01 0.00 0.00 0.00 0.00 0.00 0.00 0.00 0.00 0.00 0.00 0.00 0.00 0.00 0.00 0.00 0.00 0.00 0.01 0.02 0.04 0.00 0.00 0.00
0.00 0.00 0.00 0.00 0.00 0.00 0.00 0.00 0.00 0.00 0.00 0.00 0.00 0.00 0.00 0.00 0.00 0.01 0.03 0.04 0.06 0.11 0.17 0.29 0.45 0.63 0.83 1.07 1.39 1.83 2.44 3.22 4.14 5.06 5.79 6.20 6.35 6.33 6.23 6.03 5.57 4.69 3.80 3.66 4.20 4.64 4.49 3.91 3.23 2.59 1.95 1.31 0.77 0.36 0.12 0.03 0.00 0.00 0.00 0.00 0.00 0.00 0.00 0.00 0.00 0.00 0.00 0.00 0.00 0.00 0.00 0.00 0.00 0.01 0.02 0.04 0.00 0.00 0.00
0.00 0.00 0.00 0.00 0.00 0.00 0.00 0.00 0.00 0.00 0.00 0.00 0.00 0.00 0.00 0.01 0.02 0.05 0.09 0.14 0.20 0.30 0.45 0.67 0.97 1.31 1.65 2.00 2.38 2.84 3.43 4.13 4.89 5.57 6.05 6.30 6.33 6.24 6.10 5.93 5.55 4.73 3.85 3.63 4.07 4.36 4.02 3.31 2.61 2.08 1.69 1.33 0.95 0.55 0.23 0.06 0.01 0.00 0.00 0.00 0.00 0.00 0.00 0.00 0.00 0.00 0.00 0.00 0.00 0.00 0.00 0.00 0.00 0.00 0.01 0.03 0.00 0.00 0.00
0.00 0.00 0.00 0.00 0.00 0.00 0.00 0.00 0.00 0.00 0.00 0.00 0.00 0.00 0.01 0.02 0.06 0.13 0.21 0.30 0.42 0.59 0.86 1.23 1.70 2.23 2.78 3.31 3.78 4.21 4.66 5.14 5.61 5.99 6.23 6.32 6.22 5.97 5.75 5.70 5.51 4.81 3.87 3.41 3.55 3.65 3.28 2.64 2.06 1.70 1.49 1.33 1.08 0.72 0.34 0.10 0.01 0.00 0.00 0.00 0.00 0.00 0.00 0.00 0.00 0.00 0.00 0.00 0.00 0.00 0.00 0.00 0.00 0.00 0.01 0.02 0.00 0.00 0.00
0.00 0.00 0.00 0.00 0.00 0.00 0.00 0.00 0.00 0.00 0.00 0.00 0.00 0.01 0.03 0.07 0.14 0.25 0.37 0.52 0.70 0.98 1.39 1.93 2.57 3.25 3.94 4.58 5.08 5.43 5.68 5.91 6.11 6.25 6.31 6.26 5.95 5.42 5.08 5.20 5.34 4.90 4.02 3.34 3.07 2.89 2.51 2.04 1.68 1.48 1.39 1.31 1.11 0.76 0.37 0.11 0.02 0.00 0.00 0.00 0.00 0.00 0.00 0.00 0.00 0.00 0.00 0.00 0.00 0.00 0.00 0.00 0.00 0.00 0.01 0.02 0.00 0.00 0.00
0.00 0.00 0.00 0.00 0.00 0.00 0.00 0.00 0.00 0.00 0.01 0.02 0.04 0.06 0.10 0.17 0.28 0.42 0.59 0.78 1.05 1.47 2.08 2.82 3.57 4.27 4.92 5.48 5.88 6.10 6.22 6.28 6.32 6.33 6.30 6.10 5.51 4.63 4.14 4.44 4.95 4.92 4.34 3.63 3.02 2.47 2.00 1.66 1.47 1.36 1.30 1.21 1.00 0.66 0.31 0.09 0.01 0.00 0.00 0.00 0.00 0.00 0.00 0.00 0.00 0.00 0.00 0.00 0.00 0.00 0.00 0.00 0.00 0.00 0.00 0.01 0.00 0.00 0.00
0.00 0.00 0.00 0.00 0.00 0.00 0.00 0.00 0.01 0.03 0.06 0.10 0.14 0.19 0.26 0.36 0.50 0.66 0.86 1.12 1.52 2.12 2.95 3.85 4.62 5.21 5.67 6.01 6.23 6.34 6.38 6.38 6.36 6.32 6.23 5.90 5.05 3.86 3.22 3.62 4.45 4.87 4.71 4.16 3.35 2.48 1.84 1.51 1.36 1.27 1.17 1.04 0.80 0.47 0.20 0.05 0.01 0.00 0.00 0.00 0.00 0.00 0.00 0.00 0.00 0.00 0.00 0.00 0.00 0.00 0.00 0.00 0.00 0.00 0.00 0.01 0.00 0.00 0.00
0.00 0.00 0.00 0.00 0.00 0.00 0.00 0.02 0.06 0.14 0.22 0.29 0.35 0.42 0.51 0.65 0.80 0.98 1.22 1.60 2.16 2.94 3.90 4.82 5.49 5.90 6.13 6.28 6.35 6.39 6.40 6.39 6.34 6.26 6.13 5.76 4.83 3.54 2.77 3.10 4.06 4.82 4.99 4.56 3.66 2.61 1.84 1.48 1.32 1.19 1.04 0.85 0.58 0.30 0.10 0.02 0.00 0.00 0.00 0.00 0.00 0.00 0.00 0.00 0.00 0.00 0.00 0.00 0.00 0.00 0.00 0.00 0.00 0.00 0.00 0.00 0.00 0.00 0.00
0.00 0.00 0.00 0.00 0.00 0.01 0.03 0.09 0.21 0.38 0.52 0.62 0.67 0.75 0.87 1.04 1.21 1.41 1.73 2.22 2.92 3.80 4.75 5.54 6.03 6.25 6.33 6.37 6.39 6.40 6.40 6.38 6.29 6.13 5.94 5.63 4.88 3.77 2.96 3.07 3.94 4.85 5.15 4.66 3.61 2.48 1.73 1.42 1.29 1.14 0.92 0.67 0.40 0.17 0.05 0.01 0.00 0.00 0.00 0.00 0.00 0.00 0.00 0.00 0.00 0.00 0.00 0.00 0.00 0.00 0.00 0.00 0.00 0.00 0.00 0.00 0.00 0.00 0.00
0.00 0.00 0.00 0.00 0.00 0.02 0.08 0.22 0.47 0.76 1.00 1.16 1.27 1.37 1.50 1.64 1.76 1.94 2.30 2.88 3.65 4.52 5.36 5.96 6.24 6.33 6.36 6.38 6.39 6.40 6.39 6.35 6.18 5.90 5.63 5.39 4.96 4.22 3.52 3.40 4.04 4.89 5.17 4.51 3.29 2.18 1.57 1.37 1.25 1.05 0.78 0.51 0.27 0.10 0.02 0.00 0.00 0.00 0.00 0.00 0.00 0.00 0.00 0.00 0.00 0.00 0.00 0.00 0.00 0.00 0.00 0.00 0.00 0.00 0.00 0.00 0.00 0.00 0.00
0.00 0.00 0.00 0.00 0.01 0.04 0.16 0.41 0.78 1.21 1.63 2.03 2.34 2.51 2.54 2.48 2.37 2.38 2.74 3.45 4.28 5.07 5.72 6.12 6.26 6.29 6.32 6.36 6.39 6.40 6.38 6.29 6.05 5.67 5.33 5.13 4.92 4.53 4.05 3.82 4.18 4.86 5.08 4.39 3.18 2.20 1.71 1.50 1.28 0.98 0.67 0.41 0.21 0.08 0.02 0.00 0.00 0.00 0.00 0.00 0.00 0.00 0.00 0.00 0.00 0.00 0.00 0.00 0.00 0.00 0.00 0.00 0.00 0.00 0.00 0.00 0.00 0.00 0.00
0.00 0.00 0.00 0.00 0.01 0.06 0.23 0.57 1.03 1.58 2.24 2.98 3.59 3.81 3.65 3.27 2.87 2.69 3.06 3.89 4.80 5.48 5.92 6.14 6.20 6.23 6.29 6.34 6.38 6.39 6.36 6.23 5.96 5.58 5.24 5.04 4.90 4.71 4.39 4.13 4.28 4.80 5.05 4.56 3.62 2.84 2.35 1.93 1.49 1.10 0.78 0.51 0.30 0.15 0.06 0.01 0.00 0.00 0.00 0.00 0.00 0.00 0.00 0.00 0.00 0.00 0.00 0.00 0.00 0.00 0.00 0.00 0.00 0.00 0.00 0.00 0.00 0.00 0.00
0.00 0.00 0.00 0.00 0.01 0.06 0.24 0.60 1.08 1.65 2.42 3.35 4.11 4.36 4.11 3.62 3.16 3.02 3.41 4.21 5.02 5.56 5.85 6.00 6.10 6.19 6.28 6.35 6.38 6.39 6.35 6.22 5.98 5.68 5.36 5.11 4.98 4.88 4.67 4.40 4.42 4.79 5.08 4.87 4.32 3.76 3.17 2.48 1.85 1.45 1.17 0.88 0.60 0.35 0.16 0.05 0.01 0.00 0.00 0.00 0.00 0.00 0.00 0.00 0.00 0.01 0.01 0.01 0.00 0.00 0.00 0.00 0.00 0.00 0.00 0.00 0.00 0.00 0.00
0.00 0.00 0.00 0.00 0.00 0.04 0.18 0.47 0.87 1.34 1.96 2.75 3.42 3.68 3.56 3.30 3.15 3.27 3.69 4.27 4.82 5.21 5.47 5.67 5.86 6.06 6.22 6.32 6.38 6.39 6.36 6.26 6.10 5.86 5.53 5.21 5.09 5.12 5.02 4.76 4.64 4.76 4.92 4.88 4.67 4.28 3.61 2.79 2.17 1.90 1.73 1.45 1.05 0.66 0.34 0.14 0.05 0.02 0.00 0.00 0.00 0.00 0.00 0.00 0.01 0.03 0.04 0.04 0.02 0.01 0.00 0.00 0.00 0.00 0.00 0.00 0.00 0.00 0.00
0.00 0.00 0.00 0.00 0.00 0.02 0.10 0.28 0.53 0.81 1.16 1.61 2.04 2.30 2.40 2.50 2.72 3.10 3.55 3.96 4.29 4.58 4.84 5.11 5.41 5.72 5.99 6.21 6.34 6.39 6.38 6.33 6.23 6.04 5.71 5.36 5.28 5.43 5.47 5.25 4.95 4.69 4.50 4.41 4.37 4.10 3.46 2.74 2.35 2.35 2.38 2.11 1.59 1.05 0.62 0.33 0.17 0.08 0.04 0.02 0.02 0.02 0.02 0.02 0.03 0.06 0.09 0.09 0.05 0.01 0.00 0.00 0.00 0.00 0.00 0.00 0.00 0.00 0.00
0.00 0.00 0.00 0.00 0.00 0.01 0.04 0.12 0.23 0.35 0.49 0.68 0.89 1.11 1.35 1.65 2.05 2.52 2.97 3.33 3.60 3.86 4.12 4.42 4.79 5.20 5.62 6.00 6.26 6.37 6.39 6.38 6.32 6.17 5.89 5.62 5.59 5.78 5.90 5.75 5.35 4.78 4.22 3.91 3.81 3.53 2.96 2.47 2.47 2.87 3.14 2.89 2.25 1.56 1.04 0.67 0.42 0.26 0.17 0.14 0.16 0.18 0.18 0.14 0.11 0.11 0.13 0.12 0.06 0.02 0.00 0.00 0.00 0.00 0.00 0.00 0.00 0.00 0.00
0.00 0.00 0.00 0.00 0.00 0.00 0.01 0.03 0.06 0.10 0.15 0.21 0.32 0.48 0.73 1.05 1.44 1.87 2.29 2.64 2.92 3.16 3.42 3.74 4.16 4.66 5.22 5.75 6.14 6.33 6.38 6.38 6.35 6.23 6.01 5.83 5.86 6.04 6.18 6.11 5.77 5.17 4.50 4.03 3.71 3.23 2.62 2.34 2.69 3.43 3.93 3.74 3.04 2.25 1.61 1.13 0.81 0.61 0.52 0.53 0.61 0.66 0.62 0.49 0.32 0.22 0.17 0.12 0.06 0.02 0.00 0.00 0.00 0.00 0.00 0.00 0.00 0.00 0.00
0.00 0.00 0.00 0.00 0.00 0.00 0.00 0.00 0.01 0.02 0.03 0.06 0.11 0.22 0.40 0.65 0.97 1.36 1.76 2.10 2.37 2.60 2.85 3.18 3.63 4.18 4.82 5.47 5.96 6.21 6.29 6.32 6.33 6.23 6.02 5.83 5.82 6.01 6.20 6.26 6.10 5.72 5.24 4.80 4.30 3.60 2.91 2.70 3.14 3.89 4.40 4.30 3.72 2.99 2.32 1.78 1.41 1.23 1.22 1.33 1.48 1.51 1.35 1.05 0.72 0.45 0.26 0.13 0.05 0.01 0.00 0.00 0.00 0.00 0.00 0.00 0.00 0.00 0.00
0.00 0.00 0.00 0.00 0.00 0.00 0.00 0.00 0.00 0.00 0.01 0.02 0.04 0.09 0.18 0.34 0.59 0.96 1.37 1.72 1.99 2.21 2.45 2.76 3.19 3.74 4.43 5.15 5.73 6.02 6.13 6.22 6.29 6.22 5.94 5.55 5.30 5.42 5.77 6.08 6.20 6.12 5.91 5.63 5.17 4.49 3.89 3.70 3.90 4.20 4.32 4.18 3.87 3.50 3.07 2.64 2.33 2.22 2.30 2.49 2.64 2.54 2.19 1.71 1.21 0.77 0.44 0.21 0.07 0.01 0.00 0.00 0.00 0.00 0.00 0.00 0.00 0.00 0.00
0.00 0.00 0.00 0.00 0.00 0.00 0.00 0.00 0.00 0.00 0.00 0.00 0.01 0.03 0.06 0.14 0.32 0.64 1.04 1.42 1.70 1.91 2.13 2.42 2.80 3.33 4.03 4.84 5.52 5.88 6.03 6.16 6.27 6.22 5.83 5.07 4.35 4.19 4.67 5.39 5.95 6.20 6.21 6.09 5.82 5.43 5.10 4.95 4.83 4.51 4.00 3.58 3.48 3.58 3.62 3.54 3.44 3.41 3.51 3.66 3.69 3.46 2.95 2.30 1.63 1.08 0.65 0.32 0.10 0.01 0.00 0.00 0.00 0.00 0.00 0.00 0.00 0.00 0.00
0.00 0.00 0.00 0.00 0.00 0.00 0.00 0.00 0.00 0.00 0.00 0.00 0.00 0.00 0.01 0.05 0.16 0.39 0.74 1.11 1.41 1.63 1.83 2.09 2.44 2.93 3.64 4.52 5.33 5.82 6.03 6.18 6.29 6.22 5.68 4.54 3.26 2.66 3.12 4.25 5.39 6.06 6.26 6.24 6.15 6.04 5.95 5.87 5.59 4.88 3.90 3.18 3.07 3.38 3.76 4.07 4.26 4.34 4.40 4.42 4.31 3.99 3.43 2.66 1.89 1.27 0.80 0.40 0.13 0.02 0.00 0.00 0.00 0.00 0.00 0.00 0.00 0.00 0.00
0.00 0.00 0.00 0.00 0.00 0.00 0.00 0.00 0.00 0.00 0.00 0.00 0.00 0.00 0.00 0.01 0.07 0.22 0.50 0.85 1.17 1.39 1.58 1.80 2.10 2.57 3.28 4.22 5.11 5.68 5.94 6.12 6.27 6.17 5.48 4.08 2.47 1.55 1.87 3.20 4.79 5.85 6.25 6.31 6.30 6.30 6.29 6.23 5.90 5.11 4.07 3.34 3.20 3.37 3.65 4.06 4.45 4.68 4.77 4.71 4.45 4.06 3.51 2.75 1.97 1.35 0.86 0.43 0.15 0.03 0.00 0.00 0.00 0.00 0.00 0.01 0.00 0.00 0.00
0.00 0.00 0.00 0.00 0.00 0.00 0.00 0.00 0.00 0.00 0.00 0.00 0.00 0.00 0.00 0.00 0.03 0.13 0.36 0.70 1.02 1.26 1.42 1.59 1.86 2.32 3.05 4.00 4.86 5.33 5.57 5.87 6.17 6.10 5.35 3.90 2.34 1.45 1.67 2.89 4.44 5.58 6.10 6.28 6.35 6.37 6.32 6.14 5.72 5.01 4.29 3.97 3.93 3.82 3.69 3.86 4.27 4.63 4.81 4.74 4.42 3.98 3.42 2.73 2.00 1.41 0.94 0.53 0.24 0.10 0.04 0.01 0.00 0.00 0.00 0.01 0.00 0.00 0.00
0.00 0.00 0.00 0.00 0.00 0.00 0.00 0.00 0.00 0.00 0.00 0.00 0.00 0.00 0.00 0.00 0.01 0.09 0.30 0.62 0.95 1.19 1.35 1.48 1.74 2.23 2.99 3.92 4.65 4.96 5.15 5.59 6.06 6.07 5.37 4.11 2.92 2.39 2.62 3.41 4.34 5.08 5.63 6.04 6.29 6.35 6.21 5.80 5.19 4.67 4.52 4.71 4.79 4.42 3.94 3.88 4.20 4.51 4.63 4.57 4.35 3.97 3.44 2.79 2.13 1.60 1.20 0.84 0.53 0.31 0.16 0.07 0.02 0.00 0.00 0.01 0.00 0.00 0.00
0.00 0.00 0.00 0.00 0.00 0.00 0.00 0.00 0.00 0.00 0.00 0.00 0.00 0.00 0.00 0.00 0.01 0.07 0.24 0.54 0.88 1.15 1.31 1.44 1.70 2.22 2.99 3.85 4.47 4.76 5.04 5.56 6.05 6.06 5.42 4.46 3.76 3.67 3.95 4.24 4.35 4.48 4.92 5.55 6.03 6.22 6.03 5.40 4.65 4.37 4.75 5.24 5.15 4.50 3.93 3.94 4.26 4.35 4.19 4.07 4.00 3.80 3.40 2.87 2.33 1.92 1.62 1.32 0.99 0.68 0.42 0.22 0.09 0.02 0.00 0.01 0.00 0.00 0.00
0.00 0.00 0.00 0.00 0.00 0.00 0.00 0.00 0.00 0.00 0.00 0.00 0.00 0.00 0.00 0.00 0.00 0.04 0.18 0.45 0.82 1.13 1.33 1.49 1.77 2.29 2.99 3.68 4.23 4.68 5.18 5.72 6.10 6.02 5.44 4.70 4.35 4.49 4.80 4.87 4.60 4.35 4.52 5.06 5.64 5.95 5.75 5.03 4.28 4.23 4.88 5.38 4.95 3.93 3.34 3.61 4.07 4.02 3.60 3.32 3.27 3.22 3.05 2.77 2.43 2.16 1.97 1.75 1.44 1.10 0.78 0.47 0.21 0.06 0.01 0.01 0.00 0.00 0.00
0.00 0.00 0.00 0.00 0.00 0.00 0.00 0.00 0.00 0.00 0.00 0.00 0.00 0.00 0.00 0.00 0.00 0.02 0.13 0.39 0.78 1.15 1.44 1.71 2.06 2.56 3.12 3.59 4.02 4.58 5.24 5.79 6.07 5.94 5.46 4.96 4.76 4.89 5.15 5.30 5.18 4.93 4.80 4.95 5.32 5.58 5.35 4.66 4.06 4.15 4.88 5.30 4.64 3.32 2.59 2.99 3.65 3.66 3.13 2.68 2.52 2.57 2.68 2.67 2.48 2.29 2.19 2.06 1.80 1.48 1.15 0.76 0.39 0.13 0.02 0.01 0.00 0.00 0.00
0.00 0.00 0.00 0.00 0.00 0.00 0.00 0.00 0.00 0.00 0.00 0.00 0.00 0.00 0.00 0.00 0.00 0.02 0.11 0.36 0.76 1.19 1.59 2.01 2.48 2.99 3.42 3.70 4.01 4.56 5.24 5.75 5.92 5.77 5.47 5.27 5.23 5.24 5.30 5.46 5.61 5.58 5.38 5.23 5.28 5.29 4.93 4.31 3.90 4.10 4.82 5.26 4.64 3.27 2.39 2.68 3.43 3.59 3.09 2.52 2.27 2.42 2.77 2.89 2.69 2.49 2.48 2.44 2.20 1.83 1.45 1.02 0.56 0.22 0.05 0.01 0.00 0.00 0.00
0.00 0.00 0.00 0.00 0.00 0.00 0.00 0.00 0.00 0.00 0.00 0.00 0.00 0.00 0.00 0.00 0.00 0.01 0.10 0.33 0.73 1.17 1.63 2.16 2.73 3.24 3.56 3.74 4.02 4.58 5.25 5.71 5.77 5.57 5.40 5.47 5.57 5.41 5.11 5.03 5.25 5.48 5.51 5.44 5.40 5.23 4.75 4.14 3.82 4.06 4.78 5.30 4.93 3.82 2.95 3.04 3.68 3.95 3.58 2.99 2.66 2.79 3.14 3.22 2.96 2.82 2.95 2.99 2.68 2.19 1.71 1.23 0.72 0.31 0.08 0.02 0.00 0.00 0.00
0.00 0.00 0.00 0.00 0.00 0.00 0.00 0.00 0.00 0.00 0.00 0.00 0.00 0.00 0.00 0.00 0.00 0.01 0.07 0.27 0.62 1.05 1.51 2.05 2.65 3.10 3.27 3.32 3.60 4.22 4.98 5.53 5.66 5.52 5.44 5.57 5.65 5.33 4.69 4.26 4.28 4.52 4.76 5.01 5.20 5.16 4.76 4.18 3.81 4.02 4.70 5.28 5.20 4.51 3.86 3.82 4.23 4.48 4.28 3.80 3.33 3.16 3.21 3.15 2.98 3.06 3.39 3.51 3.17 2.58 1.99 1.43 0.86 0.39 0.11 0.02 0.00 0.00 0.00
0.00 0.00 0.00 0.00 0.00 0.00 0.00 0.00 0.00 0.00 0.00 0.00 0.00 0.00 0.00 0.00 0.00 0.00 0.05 0.19 0.49 0.88 1.33 1.85 2.38 2.69 2.62 2.46 2.63 3.26 4.15 4.98 5.46 5.57 5.58 5.65 5.66 5.34 4.69 4.02 3.58 3.36 3.44 3.84 4.30 4.56 4.48 4.05 3.65 3.79 4.44 5.06 5.19 4.87 4.50 4.42 4.60 4.75 4.69 4.37 3.83 3.26 2.89 2.68 2.66 2.99 3.52 3.79 3.55 2.96 2.28 1.63 1.00 0.46 0.14 0.03 0.00 0.00 0.00
0.00 0.00 0.00 0.00 0.00 0.00 0.00 0.00 0.00 0.00 0.00 0.00 0.00 0.00 0.00 0.00 0.00 0.00 0.02 0.13 0.37 0.75 1.21 1.73 2.17 2.27 1.94 1.55 1.56 2.11 3.10 4.25 5.11 5.46 5.52 5.57 5.64 5.56 5.21 4.58 3.70 2.77 2.30 2.47 2.95 3.44 3.69 3.46 3.09 3.22 3.93 4.61 4.85 4.73 4.54 4.47 4.51 4.56 4.57 4.42 3.97 3.29 2.68 2.33 2.31 2.70 3.36 3.83 3.76 3.21 2.49 1.79 1.12 0.54 0.17 0.04 0.00 0.00 0.00
0.00 0.00 0.00 0.00 0.00 0.00 0.00 0.00 0.00 0.00 0.00 0.00 0.00 0.00 0.00 0.00 0.00 0.00 0.01 0.09 0.30 0.66 1.13 1.66 2.02 1.95 1.45 0.94 0.82 1.30 2.38 3.75 4.75 5.07 5.03 5.08 5.34 5.61 5.68 5.31 4.27 2.85 1.80 1.56 1.92 2.52 2.91 2.78 2.43 2.60 3.34 4.03 4.27 4.20 4.06 3.97 3.94 3.96 4.00 3.99 3.82 3.41 2.89 2.45 2.29 2.58 3.21 3.74 3.75 3.27 2.60 1.92 1.25 0.64 0.23 0.06 0.00 0.00 0.00
0.00 0.00 0.00 0.00 0.00 0.00 0.00 0.00 0.00 0.00 0.00 0.00 0.00 0.00 0.00 0.00 0.00 0.00 0.01 0.07 0.22 0.52 0.97 1.49 1.82 1.71 1.21 0.68 0.51 0.97 2.13 3.57 4.51 4.58 4.26 4.22 4.63 5.23 5.70 5.67 4.79 3.23 1.80 1.22 1.50 2.17 2.62 2.53 2.23 2.34 2.92 3.41 3.53 3.43 3.29 3.17 3.11 3.13 3.21 3.31 3.44 3.46 3.28 2.96 2.73 2.82 3.20 3.53 3.50 3.15 2.65 2.06 1.40 0.76 0.31 0.09 0.00 0.00 0.00
0.00 0.00 0.00 0.00 0.00 0.00 0.00 0.00 0.00 0.00 0.00 0.00 0.00 0.00 0.00 0.00 0.00 0.00 0.01 0.04 0.14 0.36 0.75 1.25 1.61 1.58 1.18 0.69 0.50 0.97 2.16 3.57 4.39 4.25 3.65 3.40 3.79 4.58 5.37 5.70 5.11 3.63 2.01 1.17 1.35 2.06 2.61 2.66 2.41 2.35 2.56 2.74 2.72 2.59 2.44 2.32 2.28 2.33 2.44 2.62 2.92 3.27 3.49 3.50 3.36 3.25 3.24 3.20 3.08 2.92 2.65 2.18 1.54 0.88 0.38 0.13 0.00 0.00 0.00
0.00 0.00 0.00 0.00 0.00 0.00 0.00 0.00 0.00 0.00 0.00 0.00 0.00 0.00 0.00 0.00 0.00 0.00 0.00 0.03 0.10 0.30 0.65 1.13 1.54 1.63 1.35 0.91 0.75 1.22 2.35 3.65 4.39 4.23 3.57 3.13 3.28 3.99 4.90 5.46 5.15 3.87 2.24 1.20 1.19 1.84 2.47 2.66 2.48 2.23 2.09 2.02 1.93 1.80 1.65 1.55 1.55 1.66 1.82 2.03 2.38 2.88 3.40 3.76 3.82 3.63 3.29 2.95 2.73 2.65 2.50 2.14 1.58 0.95 0.44 0.16 0.00 0.00 0.00
0.00 0.00 0.00 0.00 0.00 0.00 0.00 0.00 0.00 0.00 0.00 0.00 0.00 0.00 0.00 0.00 0.00 0.00 0.01 0.04 0.15 0.38 0.74 1.20 1.62 1.80 1.66 1.35 1.25 1.66 2.58 3.66 4.33 4.29 3.78 3.26 3.09 3.45 4.18 4.76 4.67 3.72 2.30 1.22 1.03 1.53 2.12 2.35 2.19 1.85 1.55 1.37 1.24 1.12 0.97 0.88 0.92 1.06 1.23 1.44 1.80 2.35 3.03 3.62 3.88 3.73 3.30 2.85 2.55 2.38 2.19 1.92 1.51 0.99 0.50 0.19 0.00 0.00 0.00
0.00 0.00 0.00 0.00 0.00 0.00 0.00 0.00 0.00 0.00 0.00 0.00 0.00 0.00 0.00 0.00 0.00 0.00 0.02 0.08 0.24 0.51 0.89 1.30 1.67 1.89 1.90 1.80 1.79 2.05 2.63 3.38 3.92 3.95 3.57 3.07 2.70 2.71 3.11 3.56 3.65 3.13 2.14 1.23 0.96 1.29 1.72 1.86 1.68 1.37 1.07 0.87 0.73 0.60 0.46 0.38 0.42 0.53 0.67 0.85 1.17 1.73 2.47 3.17 3.56 3.48 3.09 2.69 2.38 2.10 1.84 1.65 1.45 1.08 0.62 0.27 0.00 0.00 0.00
0.00 0.00 0.00 0.00 0.00 0.00 0.00 0.00 0.00 0.00 0.00 0.00 0.00 0.00 0.00 0.00 0.00 0.00 0.03 0.11 0.28 0.56 0.90 1.24 1.52 1.72 1.83 1.92 2.00 2.12 2.37 2.82 3.20 3.20 2.85 2.43 2.10 1.97 2.08 2.35 2.55 2.42 1.89 1.27 1.00 1.13 1.33 1.32 1.13 0.87 0.65 0.49 0.37 0.27 0.17 0.12 0.13 0.19 0.27 0.38 0.62 1.10 1.80 2.54 3.02 3.03 2.70 2.36 2.11 1.84 1.62 1.53 1.50 1.31 0.91 0.48 0.00 0.00 0.00
0.00 0.00 0.00 0.00 0.00 0.00 0.00 0.00 0.00 0.00 0.00 0.00 0.00 0.00 0.00 0.00 0.00 0.00 0.03 0.10 0.24 0.46 0.73 1.00 1.22 1.39 1.54 1.72 1.85 1.90 2.03 2.35 2.66 2.64 2.33 2.02 1.83 1.68 1.57 1.62 1.78 1.85 1.65 1.28 1.01 0.93 0.91 0.80 0.62 0.45 0.31 0.21 0.14 0.08 0.04 0.02 0.03 0.05 0.08 0.14 0.28 0.59 1.15 1.87 2.44 2.59 2.39 2.12 1.91 1.72 1.59 1.60 1.70 1.67 1.36 0.83 0.00 0.00 0.00
0.00 0.00 0.00 0.00 0.00 0.00 0.00 0.00 0.00 0.00 0.00 0.00 0.00 0.00 0.00 0.00 0.00 0.00 0.02 0.06 0.16 0.34 0.56 0.79 0.99 1.16 1.33 1.52 1.65 1.72 1.92 2.31 2.64 2.66 2.43 2.21 2.04 1.79 1.49 1.31 1.33 1.40 1.33 1.09 0.83 0.63 0.50 0.38 0.27 0.17 0.10 0.06 0.03 0.02 0.01 0.00 0.00 0.01 0.03 0.05 0.11 0.27 0.65 1.28 1.92 2.26 2.26 2.11 1.95 1.80 1.70 1.74 1.91 2.01 1.76 1.17 0.00 0.00 0.00
0.00 0.00 0.00 0.00 0.00 0.00 0.00 0.00 0.00 0.00 0.00 0.00 0.00 0.00 0.00 0.00 0.00 0.00 0.01 0.03 0.11 0.29 0.53 0.78 0.99 1.17 1.37 1.57 1.69 1.82 2.15 2.60 2.90 2.92 2.79 2.60 2.30 1.85 1.38 1.05 0.95 0.94 0.88 0.71 0.50 0.33 0.21 0.13 0.08 0.04 0.02 0.01 0.00 0.00 0.00 0.00 0.00 0.00 0.01 0.02 0.04 0.12 0.36 0.83 1.43 1.90 2.10 2.13 2.07 1.95 1.82 1.81 1.97 2.09 1.86 1.27 0.00 0.00 0.00
0.00 0.00 0.00 0.00 0.00 0.00 0.00 0.00 0.00 0.00 0.00 0.00 0.00 0.00 0.00 0.00 0.00 0.00 0.00 0.03 0.12 0.33 0.61 0.89 1.11 1.33 1.59 1.87 2.06 2.24 2.57 2.89 2.99 2.93 2.84 2.62 2.17 1.60 1.06 0.71 0.57 0.52 0.44 0.32 0.21 0.12 0.06 0.03 0.01 0.01 0.00 0.00 0.00 0.00 0.00 0.00 0.00 0.00 0.00 0.01 0.02 0.07 0.21 0.52 0.95 1.36 1.65 1.86 1.99 1.97 1.86 1.80 1.85 1.84 1.56 1.04 0.00 0.00 0.00
0.00 0.00 0.00 0.00 0.00 0.00 0.00 0.00 0.00 0.00 0.00 0.00 0.00 0.00 0.00 0.00 0.00 0.00 0.01 0.05 0.18 0.42 0.72 1.00 1.23 1.47 1.82 2.24 2.60 2.84 2.98 2.93 2.70 2.49 2.38 2.15 1.68 1.12 0.66 0.38 0.26 0.21 0.16 0.10 0.05 0.03 0.01 0.00 0.00 0.00 0.00 0.00 0.00 0.00 0.00 0.00 0.00 0.00 0.00 0.00 0.01 0.05 0.14 0.30 0.52 0.76 1.02 1.31 1.61 1.77 1.75 1.66 1.55 1.36 1.03 0.64 0.00 0.00 0.00
0.00 0.00 0.00 0.00 0.00 0.00 0.00 0.00 0.00 0.00 0.00 0.00 0.00 0.00 0.00 0.00 0.00 0.00 0.01 0.08 0.26 0.54 0.83 1.08 1.28 1.51 1.91 2.48 3.02 3.27 3.12 2.65 2.12 1.77 1.62 1.44 1.09 0.66 0.33 0.15 0.08 0.06 0.04 0.02 0.01 0.00 0.00 0.00 0.00 0.00 0.00 0.00 0.00 0.00 0.00 0.00 0.00 0.00 0.00 0.00 0.01 0.04 0.10 0.17 0.26 0.37 0.54 0.81 1.13 1.35 1.39 1.30 1.11 0.83 0.53 0.29 0.00 0.00 0.00
0.00 0.00 0.00 0.00 0.00 0.00 0.00 0.00 0.00 0.00 0.00 0.00 0.00 0.00 0.00 0.00 0.00 0.00 0.03 0.13 0.36 0.67 0.96 1.17 1.32 1.51 1.85 2.43 3.01 3.19 2.80 2.09 1.45 1.10 0.98 0.89 0.68 0.39 0.15 0.05 0.01 0.01 0.00 0.00 0.00 0.00 0.00 0.00 0.00 0.00 0.00 0.00 0.00 0.00 0.00 0.00 0.00 0.00 0.00 0.00 0.01 0.03 0.07 0.12 0.18 0.26 0.40 0.59 0.77 0.88 0.88 0.80 0.63 0.41 0.22 0.11 0.00 0.00 0.00
0.00 0.00 0.00 0.00 0.01 0.01 0.01 0.01 0.01 0.00 0.00 0.00 0.00 0.00 0.00 0.00 0.00 0.01 0.05 0.20 0.48 0.82 1.10 1.31 1.47 1.58 1.76 2.11 2.52 2.59 2.12 1.42 0.90 0.67 0.65 0.67 0.55 0.32 0.11 0.02 0.00 0.00 0.00 0.00 0.00 0.00 0.00 0.00 0.00 0.00 0.00 0.00 0.00 0.00 0.00 0.00 0.00 0.00 0.00 0.00 0.01 0.03 0.06 0.11 0.19 0.32 0.48 0.60 0.63 0.59 0.50 0.41 0.30 0.19 0.10 0.06 0.00 0.00 0.00
0.00 0.00 0.00 0.01 0.02 0.03 0.03 0.03 0.02 0.01 0.01 0.01 0.01 0.01 0.01 0.00 0.00 0.01 0.08 0.28 0.61 0.97 1.26 1.52 1.73 1.79 1.68 1.67 1.83 1.82 1.43 0.89 0.55 0.49 0.62 0.75 0.69 0.42 0.16 0.03 0.00 0.00 0.00 0.00 0.00 0.00 0.00 0.00 0.00 0.00 0.00 0.00 0.00 0.00 0.00 0.00 0.00 0.00 0.00 0.01 0.01 0.03 0.07 0.14 0.27 0.44 0.61 0.69 0.64 0.50 0.36 0.25 0.18 0.12 0.08 0.07 0.00 0.00 0.00
0.00 0.00 0.00 0.02 0.04 0.06 0.06 0.05 0.04 0.04 0.03 0.03 0.03 0.02 0.02 0.01 0.01 0.02 0.12 0.36 0.72 1.07 1.38 1.73 2.04 2.03 1.67 1.36 1.35 1.34 1.07 0.68 0.48 0.56 0.84 1.08 1.01 0.64 0.26 0.06 0.00 0.00 0.00 0.00 0.00 0.00 0.00 0.00 0.00 0.00 0.00 0.00 0.00 0.00 0.00 0.00 0.00 0.00 0.01 0.02 0.03 0.06 0.11 0.21 0.37 0.57 0.72 0.77 0.68 0.50 0.33 0.22 0.16 0.12 0.09 0.08 0.00 0.00 0.00
0.00 0.00 0.00 0.03 0.06 0.08 0.09 0.08 0.08 0.07 0.06 0.06 0.05 0.04 0.03 0.01 0.01 0.05 0.18 0.45 0.80 1.15 1.52 1.98 2.38 2.35 1.87 1.43 1.30 1.24 0.99 0.70 0.63 0.87 1.27 1.50 1.33 0.82 0.33 0.08 0.01 0.00 0.00 0.00 0.00 0.00 0.00 0.00 0.00 0.00 0.00 0.00 0.00 0.00 0.00 0.00 0.01 0.02 0.04 0.06 0.08 0.12 0.18 0.30 0.47 0.67 0.80 0.81 0.69 0.49 0.31 0.21 0.16 0.12 0.10 0.08 0.00 0.00 0.00
0.00 0.00 0.00 0.05 0.08 0.10 0.11 0.11 0.11 0.10 0.09 0.09 0.08 0.06 0.04 0.02 0.03 0.10 0.27 0.54 0.88 1.26 1.75 2.36 2.84 2.86 2.41 1.89 1.55 1.23 0.89 0.70 0.84 1.28 1.72 1.82 1.44 0.82 0.32 0.07 0.01 0.00 0.00 0.00 0.00 0.00 0.00 0.00 0.00 0.00 0.00 0.01 0.01 0.00 0.01 0.01 0.03 0.06 0.10 0.13 0.17 0.20 0.26 0.38 0.55 0.73 0.83 0.81 0.67 0.46 0.28 0.18 0.14 0.11 0.09 0.07 0.00 0.00 0.00
0.00 0.00 0.00 0.05 0.09 0.12 0.13 0.13 0.13 0.12 0.12 0.11 0.09 0.06 0.03 0.02 0.05 0.17 0.37 0.61 0.89 1.35 2.04 2.83 3.37 3.42 3.04 2.44 1.78 1.12 0.66 0.60 0.99 1.60 1.99 1.85 1.28 0.66 0.24 0.05 0.01 0.00 0.00 0.00 0.00 0.00 0.00 0.00 0.00 0.01 0.02 0.02 0.02 0.02 0.03 0.05 0.09 0.14 0.20 0.24 0.26 0.28 0.33 0.44 0.60 0.75 0.83 0.78 0.62 0.41 0.24 0.16 0.12 0.10 0.08 0.06 0.00 0.00 0.00
0.00 0.00 0.00 0.06 0.10 0.13 0.14 0.14 0.14 0.13 0.13 0.11 0.08 0.05 0.02 0.03 0.09 0.25 0.44 0.59 0.79 1.29 2.17 3.11 3.65 3.68 3.34 2.70 1.82 0.95 0.47 0.59 1.19 1.82 1.97 1.58 0.95 0.44 0.15 0.03 0.00 0.00 0.00 0.00 0.00 0.00 0.00 0.00 0.01 0.02 0.04 0.06 0.06 0.06 0.08 0.12 0.18 0.25 0.32 0.35 0.35 0.34 0.38 0.49 0.63 0.75 0.79 0.71 0.55 0.35 0.21 0.13 0.10 0.08 0.07 0.05 0.00 0.00 0.00
0.00 0.00 0.00 0.06 0.10 0.12 0.14 0.14 0.14 0.13 0.11 0.09 0.06 0.03 0.02 0.05 0.17 0.36 0.52 0.56 0.66 1.15 2.07 3.01 3.48 3.46 3.14 2.54 1.66 0.81 0.42 0.72 1.46 1.99 1.83 1.21 0.63 0.26 0.09 0.02 0.00 0.00 0.00 0.00 0.00 0.00 0.00 0.00 0.02 0.05 0.09 0.12 0.13 0.13 0.16 0.22 0.30 0.37 0.41 0.42 0.39 0.38 0.42 0.52 0.65 0.72 0.72 0.62 0.45 0.28 0.17 0.11 0.09 0.07 0.05 0.04 0.00 0.00 0.00
0.00 0.00 0.00 0.05 0.09 0.12 0.13 0.14 0.13 0.11 0.09 0.06 0.03 0.01 0.02 0.09 0.30 0.57 0.72 0.70 0.74 1.16 1.92 2.64 2.97 2.90 2.59 2.05 1.32 0.65 0.45 0.91 1.70 2.09 1.73 1.04 0.51 0.22 0.07 0.01 0.00 0.00 0.00 0.00 0.00 0.00 0.00 0.01 0.04 0.09 0.16 0.21 0.23 0.24 0.28 0.35 0.42 0.46 0.46 0.43 0.40 0.40 0.45 0.54 0.63 0.66 0.62 0.51 0.37 0.23 0.14 0.09 0.07 0.06 0.04 0.03 0.00 0.00 0.00
0.00 0.00 0.00 0.04 0.08 0.10 0.12 0.12 0.10 0.08 0.05 0.03 0.01 0.01 0.03 0.16 0.49 0.89 1.12 1.08 1.08 1.36 1.81 2.15 2.25 2.12 1.83 1.38 0.85 0.45 0.49 1.07 1.80 2.08 1.71 1.10 0.62 0.29 0.09 0.01 0.00 0.00 0.00 0.00 0.00 0.00 0.01 0.03 0.07 0.15 0.23 0.30 0.34 0.37 0.41 0.47 0.51 0.50 0.45 0.40 0.38 0.40 0.46 0.54 0.58 0.58 0.52 0.42 0.29 0.18 0.11 0.08 0.06 0.04 0.03 0.02 0.00 0.00 0.00
0.00 0.00 0.00 0.03 0.06 0.08 0.09 0.08 0.07 0.04 0.03 0.01 0.00 0.01 0.06 0.27 0.71 1.22 1.49 1.45 1.37 1.44 1.55 1.54 1.44 1.30 1.07 0.74 0.41 0.27 0.51 1.14 1.80 2.00 1.69 1.18 0.72 0.35 0.11 0.02 0.00 0.00 0.00 0.00 0.00 0.01 0.02 0.05 0.12 0.21 0.31 0.39 0.44 0.49 0.54 0.57 0.56 0.51 0.43 0.37 0.36 0.39 0.45 0.50 0.51 0.48 0.42 0.33 0.23 0.15 0.09 0.07 0.05 0.04 0.02 0.01 0.00 0.00 0.00
0.00 0.00 0.00 0.02 0.04 0.05 0.05 0.05 0.03 0.02 0.01 0.00 0.00 0.02 0.12 0.43 0.94 1.43 1.61 1.47 1.29 1.18 1.06 0.89 0.75 0.66 0.53 0.33 0.16 0.16 0.47 1.10 1.73 1.94 1.66 1.15 0.66 0.30 0.09 0.01 0.00 0.00 0.00 0.00 0.00 0.01 0.04 0.09 0.17 0.27 0.36 0.45 0.52 0.59 0.63 0.62 0.57 0.48 0.40 0.35 0.34 0.38 0.42 0.44 0.43 0.40 0.34 0.27 0.19 0.12 0.08 0.06 0.05 0.03 0.01 0.00 0.00 0.00 0.00
0.00 0.00 0.00 0.01 0.02 0.02 0.02 0.02 0.01 0.01 0.00 0.00 0.01 0.06 0.24 0.64 1.17 1.52 1.50 1.24 0.96 0.74 0.54 0.38 0.32 0.31 0.27 0.15 0.06 0.11 0.43 1.05 1.67 1.89 1.61 1.06 0.55 0.21 0.05 0.01 0.00 0.00 0.00 0.00 0.01 0.03 0.07 0.14 0.22 0.31 0.40 0.49 0.57 0.63 0.66 0.63 0.54 0.44 0.37 0.33 0.33 0.35 0.38 0.38 0.36 0.33 0.28 0.22 0.15 0.10 0.07 0.05 0.03 0.02 0.01 0.00 0.00 0.00 0.00
0.00 0.00 0.00 0.00 0.01 0.01 0.01 0.00 0.00 0.00 0.00 0.00 0.02 0.13 0.41 0.88 1.32 1.50 1.33 1.02 0.70 0.43 0.22 0.12 0.11 0.14 0.13 0.08 0.04 0.14 0.50 1.10 1.63 1.74 1.42 0.90 0.44 0.14 0.03 0.00 0.00 0.00 0.00 0.01 0.03 0.06 0.11 0.18 0.25 0.33 0.41 0.49 0.57 0.63 0.65 0.59 0.49 0.40 0.35 0.32 0.32 0.33 0.34 0.33 0.30 0.27 0.22 0.17 0.12 0.08 0.06 0.04 0.02 0.01 0.00 0.00 0.00 0.00 0.00
0.00 0.00 0.00 0.00 0.00 0.00 0.00 0.00 0.00 0.00 0.00 0.01 0.06 0.25 0.63 1.09 1.39 1.41 1.19 0.89 0.58 0.30 0.11 0.03 0.03 0.05 0.05 0.03 0.04 0.21 0.66 1.24 1.57 1.44 1.03 0.62 0.29 0.09 0.01 0.00 0.00 0.00 0.01 0.03 0.05 0.10 0.15 0.21 0.28 0.34 0.40 0.47 0.54 0.59 0.59 0.52 0.44 0.36 0.32 0.30 0.30 0.30 0.30 0.28 0.25 0.21 0.17 0.13 0.09 0.06 0.04 0.02 0.01 0.00 0.00 0.00 0.00 0.00 0.00
0.00 0.00 0.00 0.00 0.00 0.00 0.00 0.00 0.00 0.00 0.01 0.03 0.14 0.40 0.82 1.22 1.41 1.36 1.14 0.84 0.52 0.24 0.07 0.01 0.00 0.01 0.01 0.01 0.08 0.33 0.83 1.32 1.39 1.03 0.59 0.30 0.14 0.04 0.01 0.00 0.00 0.01 0.02 0.05 0.09 0.13 0.19 0.24 0.28 0.33 0.38 0.44 0.50 0.53 0.52 0.46 0.39 0.33 0.30 0.29 0.28 0.28 0.26 0.23 0.20 0.17 0.13 0.09 0.06 0.04 0.02 0.01 0.00 0.00 0.00 0.00 0.00 0.00 0.00
0.00 0.00 0.00 0.00 0.00 0.00 0.00 0.00 0.00 0.00 0.03 0.11 0.30 0.59 0.94 1.25 1.43 1.40 1.18 0.81 0.44 0.17 0.04 0.00 0.00 0.00 0.00 0.02 0.13 0.46 0.94 1.25 1.10 0.65 0.27 0.09 0.04 0.01 0.00 0.00 0.01 0.02 0.04 0.08 0.12 0.16 0.21 0.24 0.28 0.31 0.35 0.39 0.43 0.46 0.46 0.41 0.36 0.32 0.29 0.27 0.26 0.24 0.22 0.19 0.16 0.13 0.09 0.06 0.04 0.02 0.01 0.00 0.00 0.00 0.00 0.00 0.00 0.00 0.00
0.00 0.00 0.00 0.00 0.00 0.00 0.00 0.00 0.00 0.02 0.09 0.27 0.54 0.78 0.98 1.20 1.39 1.42 1.19 0.78 0.39 0.13 0.03 0.00 0.00 0.00 0.00 0.04 0.19 0.53 0.91 1.02 0.75 0.36 0.11 0.02 0.00 0.00 0.00 0.00 0.01 0.03 0.06 0.10 0.14 0.18 0.21 0.24 0.26 0.28 0.31 0.34 0.37 0.39 0.39 0.37 0.33 0.30 0.27 0.25 0.22 0.20 0.18 0.15 0.12 0.09 0.06 0.04 0.02 0.01 0.00 0.00 0.00 0.00 0.00 0.00 0.00 0.00 0.00
0.00 0.00 0.00 0.00 0.00 0.00 0.00 0.00 0.02 0.09 0.25 0.50 0.76 0.90 0.96 1.09 1.26 1.30 1.12 0.80 0.44 0.17 0.04 0.00 0.00 0.00 0.00 0.04 0.19 0.46 0.68 0.66 0.42 0.17 0.04 0.00 0.00 0.00 0.00 0.01 0.02 0.05 0.08 0.12 0.15 0.18 0.20 0.22 0.24 0.25 0.27 0.29 0.31 0.32 0.32 0.31 0.29 0.26 0.24 0.21 0.18 0.16 0.13 0.11 0.09 0.06 0.04 0.02 0.01 0.00 0.00 0.00 0.00 0.00 0.00 0.00 0.00 0.00 0.00
0.00 0.00 0.00 0.00 0.00 0.00 0.00 0.01 0.08 0.27 0.55 0.81 0.94 0.94 0.95 1.03 1.12 1.15 1.12 0.98 0.67 0.31 0.09 0.02 0.01 0.01 0.02 0.06 0.17 0.33 0.43 0.37 0.22 0.09 0.03 0.01 0.00 0.00 0.01 0.01 0.03 0.06 0.09 0.12 0.14 0.16 0.18 0.20 0.21 0.22 0.23 0.24 0.25 0.26 0.25 0.25 0.23 0.21 0.19 0.16 0.14 0.11 0.09 0.07 0.05 0.03 0.02 0.01 0.00 0.00 0.00 0.00 0.00 0.00 0.00 0.00 0.00 0.00 0.00
0.00 0.00 0.00 0.00 0.00 0.00 0.00 0.02 0.17 0.51 0.93 1.15 1.12 1.05 1.08 1.14 1.16 1.20 1.30 1.29 0.97 0.48 0.15 0.06 0.07 0.08 0.07 0.09 0.19 0.32 0.38 0.34 0.22 0.11 0.04 0.01 0.00 0.00 0.01 0.02 0.04 0.06 0.09 0.11 0.12 0.14 0.15 0.17 0.18 0.19 0.20 0.20 0.20 0.20 0.20 0.19 0.17 0.16 0.13 0.11 0.09 0.07 0.06 0.04 0.03 0.02 0.01 0.00 0.00 0.00 0.00 0.00 0.00 0.00 0.00 0.00 0.00 0.00 0.00
0.00 0.00 0.00 0.00 0.00 0.00 0.00 0.04 0.24 0.68 1.17 1.37 1.30 1.26 1.34 1.41 1.41 1.44 1.54 1.48 1.08 0.54 0.19 0.14 0.20 0.23 0.19 0.17 0.27 0.45 0.57 0.52 0.34 0.16 0.06 0.02 0.00 0.01 0.02 0.03 0.04 0.06 0.07 0.08 0.09 0.10 0.12 0.13 0.15 0.16 0.16 0.16 0.16 0.15 0.15 0.14 0.12 0.11 0.09 0.07 0.05 0.04 0.03 0.02 0.01 0.01 0.00 0.00 0.00 0.00 0.00 0.00 0.00 0.00 0.00 0.00 0.00 0.00 0.00
0.00 0.00 0.00 0.00 0.00 0.00 0.01 0.06 0.25 0.66 1.10 1.34 1.39 1.44 1.55 1.64 1.67 1.67 1.62 1.38 0.92 0.43 0.18 0.20 0.34 0.39 0.32 0.26 0.37 0.63 0.82 0.73 0.45 0.19 0.05 0.01 0.00 0.01 0.01 0.02 0.03 0.04 0.05 0.06 0.06 0.07 0.08 0.10 0.11 0.12 0.13 0.13 0.12 0.12 0.11 0.09 0.08 0.07 0.05 0.04 0.03 0.02 0.01 0.01 0.00 0.00 0.00 0.00 0.00 0.00 0.00 0.00 0.00 0.00 0.00 0.00 0.00 0.00 0.00
0.00 0.00 0.00 0.00 0.00 0.01 0.03 0.08 0.22 0.49 0.83 1.14 1.38 1.54 1.67 1.78 1.81 1.70 1.44 1.06 0.61 0.26 0.13 0.21 0.36 0.44 0.37 0.30 0.43 0.75 0.96 0.84 0.48 0.18 0.04 0.01 0.00 0.01 0.01 0.01 0.02 0.02 0.03 0.03 0.03 0.04 0.05 0.06 0.08 0.09 0.10 0.10 0.09 0.08 0.07 0.06 0.05 0.03 0.02 0.02 0.01 0.01 0.00 0.00 0.00 0.00 0.00 0.00 0.00 0.00 0.00 0.00 0.00 0.00 0.00 0.00 0.00 0.00 0.00
0.00 0.00 0.00 0.00 0.01 0.04 0.10 0.17 0.26 0.40 0.68 1.08 1.49 1.73 1.83 1.88 1.83 1.56 1.12 0.67 0.32 0.11 0.07 0.14 0.27 0.34 0.30 0.26 0.42 0.74 0.94 0.79 0.43 0.14 0.02 0.00 0.00 0.00 0.00 0.01 0.01 0.01 0.01 0.01 0.01 0.02 0.02 0.03 0.04 0.05 0.06 0.06 0.06 0.05 0.04 0.03 0.02 0.02 0.01 0.00 0.00 0.00 0.00 0.00 0.00 0.00 0.00 0.00 0.00 0.00 0.00 0.00 0.00 0.00 0.00 0.00 0.00 0.00 0.00
0.00 0.00 0.00 0.01 0.04 0.15 0.32 0.49 0.59 0.69 0.96 1.41 1.87 2.08 2.05 1.94 1.72 1.32 0.80 0.36 0.12 0.03 0.03 0.07 0.13 0.17 0.16 0.17 0.32 0.59 0.73 0.59 0.31 0.09 0.01 0.00 0.00 0.00 0.00 0.00 0.00 0.00 0.00 0.00 0.00 0.01 0.01 0.01 0.02 0.02 0.03 0.03 0.03 0.02 0.02 0.02 0.01 0.01 0.00 0.00 0.00 0.00 0.00 0.00 0.00 0.00 0.00 0.00 0.00 0.00 0.00 0.00 0.00 0.00 0.00 0.00 0.00 0.00 0.00
0.00 0.00 0.00 0.03 0.15 0.41 0.78 1.10 1.29 1.45 1.72 2.11 2.42 2.41 2.15 1.82 1.45 0.99 0.51 0.18 0.04 0.01 0.01 0.02 0.04 0.05 0.05 0.08 0.18 0.34 0.42 0.33 0.16 0.05 0.01 0.00 0.00 0.00 0.00 0.00 0.00 0.00 0.00 0.00 0.00 0.00 0.00 0.00 0.01 0.01 0.01 0.01 0.01 0.01 0.01 0.01 0.00 0.00 0.00 0.00 0.00 0.00 0.00 0.00 0.00 0.00 0.00 0.00 0.00 0.00 0.00 0.00 0.00 0.00 0.00 0.00 0.00 0.00 0.00
0.00 0.00 0.00 0.11 0.36 0.82 1.36 1.80 2.10 2.33 2.59 2.84 2.91 2.64 2.14 1.59 1.08 0.63 0.28 0.08 0.01 0.00 0.00 0.00 0.01 0.01 0.01 0.02 0.06 0.12 0.16 0.12 0.06 0.02 0.00 0.00 0.00 0.00 0.00 0.00 0.00 0.00 0.00 0.00 0.00 0.00 0.00 0.00 0.00 0.00 0.00 0.00 0.00 0.00 0.00 0.00 0.00 0.00 0.00 0.00 0.00 0.00 0.00 0.00 0.00 0.00 0.00 0.00 0.00 0.00 0.00 0.00 0.00 0.00 0.00 0.00 0.00 0.00 0.00
0.00 0.00 0.00 0.00 0.00 0.00 0.00 0.00 0.00 0.00 0.00 0.00 0.00 0.00 0.00 0.00 0.00 0.00 0.00 0.00 0.00 0.00 0.00 0.00 0.00 0.00 0.00 0.00 0.00 0.00 0.00 0.00 0.00 0.00 0.00 0.00 0.00 0.00 0.00 0.00 0.00 0.00 0.00 0.00 0.00 0.00 0.00 0.00 0.00 0.00 0.00 0.00 0.00 0.00 0.00 0.00 0.00 0.00 0.00 0.00 0.00 0.00 0.00 0.00 0.00 0.00 0.00 0.00 0.00 0.00 0.00 0.00 0.00 0.00 0.00 0.00 0.00 0.00 0.00
0.00 0.00 0.00 0.00 0.00 0.00 0.00 0.00 0.00 0.00 0.00 0.00 0.00 0.00 0.00 0.00 0.00 0.00 0.00 0.00 0.00 0.00 0.00 0.00 0.00 0.00 0.00 0.00 0.00 0.00 0.00 0.00 0.00 0.00 0.00 0.00 0.00 0.00 0.00 0.00 0.00 0.00 0.00 0.00 0.00 0.00 0.00 0.00 0.00 0.00 0.00 0.00 0.00 0.00 0.00 0.00 0.00 0.00 0.00 0.00 0.00 0.00 0.00 0.00 0.00 0.00 0.00 0.00 0.00 0.00 0.00 0.00 0.00 0.00 0.00 0.00 0.00 0.00 0.00
0.00 0.00 0.00 0.00 0.00 0.00 0.00 0.00 0.00 0.00 0.00 0.00 0.00 0.00 0.00 0.00 0.00 0.00 0.00 0.00 0.00 0.00 0.00 0.00 0.00 0.00 0.00 0.00 0.00 0.00 0.00 0.00 0.00 0.00 0.00 0.00 0.00 0.00 0.00 0.00 0.00 0.00 0.00 0.00 0.00 0.00 0.00 0.00 0.00 0.00 0.00 0.00 0.00 0.00 0.00 0.00 0.00 0.00 0.00 0.00 0.00 0.00 0.00 0.00 0.00 0.00 0.00 0.00 0.00 0.00 0.00 0.00 0.00 0.00 0.00 0.00 0.00 0.00 0.00
