---
Star Rating [Stars] Valid 1600 NZST ~Z75~(0400Z)~Z~ MON 5 Jan 2026 ~Z75~[52hrFcst@2110z]~Z~
Model= RASP Region= NZ Grid= d1 Reskm= 6.0 Indexs= 1 79 1 99 Proj= lambert 6000 6000 -35.0000 -42.0000 176.0000 -38.5000 176.0000
Day= 2026 1 5 MON ValidLST= 1600 NZST ValidZ= 400 Fcst= 52.0 Init= 46 Param= stars Unit= Stars Mult= 1 Min= 0.00 Max= 6.02
0.00 0.00 0.00 0.00 0.00 0.00 0.00 0.00 0.00 0.00 0.00 0.00 0.00 0.00 0.00 0.00 0.00 0.00 0.00 0.00 0.00 0.00 0.00 0.00 0.00 0.00 0.00 0.00 0.00 0.00 0.00 0.00 0.00 0.00 0.00 0.00 0.00 0.00 0.00 0.00 0.00 0.00 0.00 0.00 0.00 0.00 0.00 0.00 0.00 0.00 0.00 0.00 0.00 0.00 0.00 0.00 0.00 0.00 0.00 0.00 0.00 0.00 0.00 0.00 0.00 0.00 0.00 0.00 0.00 0.00 0.00 0.00 0.00 0.00 0.00 0.00 0.00 0.00 0.00
0.00 0.00 0.00 0.00 0.00 0.00 0.00 0.00 0.00 0.00 0.00 0.00 0.00 0.00 0.00 0.00 0.00 0.00 0.00 0.00 0.00 0.00 0.00 0.00 0.00 0.00 0.00 0.00 0.00 0.00 0.00 0.00 0.00 0.00 0.00 0.00 0.00 0.00 0.00 0.00 0.00 0.00 0.00 0.00 0.00 0.00 0.00 0.00 0.00 0.00 0.00 0.00 0.00 0.00 0.00 0.00 0.00 0.00 0.00 0.00 0.00 0.00 0.00 0.00 0.00 0.00 0.00 0.00 0.00 0.00 0.00 0.00 0.00 0.00 0.00 0.00 0.00 0.00 0.00
0.00 0.00 0.00 0.00 0.00 0.00 0.00 0.00 0.00 0.00 0.00 0.00 0.00 0.00 0.00 0.00 0.00 0.00 0.00 0.00 0.00 0.00 0.00 0.00 0.00 0.00 0.00 0.00 0.00 0.00 0.00 0.00 0.00 0.00 0.00 0.00 0.00 0.00 0.00 0.00 0.00 0.00 0.00 0.00 0.00 0.00 0.00 0.00 0.00 0.00 0.00 0.00 0.00 0.00 0.00 0.00 0.00 0.00 0.00 0.00 0.00 0.00 0.00 0.00 0.00 0.00 0.00 0.00 0.00 0.00 0.00 0.00 0.00 0.00 0.00 0.00 0.00 0.00 0.00
0.00 0.00 0.00 0.02 0.03 0.04 0.06 0.11 0.15 0.15 0.13 0.11 0.12 0.12 0.08 0.03 0.01 0.00 0.00 0.00 0.00 0.00 0.02 0.09 0.27 0.54 0.84 1.10 1.28 1.36 1.39 1.45 1.54 1.57 1.46 1.18 0.83 0.56 0.37 0.22 0.10 0.03 0.01 0.00 0.00 0.00 0.00 0.00 0.00 0.00 0.00 0.00 0.00 0.00 0.00 0.00 0.00 0.00 0.00 0.00 0.00 0.00 0.00 0.00 0.00 0.00 0.00 0.00 0.00 0.00 0.00 0.00 0.02 0.04 0.07 0.12 0.00 0.00 0.00
0.00 0.00 0.00 0.00 0.00 0.01 0.02 0.04 0.08 0.10 0.08 0.04 0.03 0.03 0.02 0.01 0.00 0.00 0.00 0.00 0.00 0.00 0.01 0.07 0.23 0.52 0.86 1.15 1.30 1.26 1.10 0.92 0.83 0.88 0.94 0.87 0.70 0.55 0.44 0.31 0.17 0.07 0.02 0.00 0.00 0.00 0.00 0.00 0.00 0.00 0.00 0.00 0.00 0.00 0.00 0.00 0.00 0.00 0.00 0.00 0.00 0.00 0.00 0.00 0.00 0.00 0.00 0.00 0.00 0.00 0.00 0.00 0.01 0.02 0.06 0.10 0.00 0.00 0.00
0.00 0.00 0.00 0.00 0.00 0.00 0.01 0.03 0.07 0.10 0.07 0.03 0.01 0.00 0.00 0.00 0.00 0.00 0.00 0.00 0.00 0.00 0.00 0.04 0.18 0.45 0.82 1.16 1.35 1.39 1.27 1.01 0.72 0.58 0.59 0.60 0.54 0.49 0.45 0.39 0.28 0.15 0.05 0.01 0.00 0.00 0.00 0.00 0.00 0.00 0.00 0.00 0.00 0.00 0.00 0.00 0.00 0.00 0.00 0.00 0.00 0.00 0.00 0.00 0.00 0.00 0.00 0.00 0.00 0.00 0.00 0.00 0.00 0.01 0.04 0.09 0.00 0.00 0.00
0.00 0.00 0.00 0.00 0.00 0.00 0.00 0.03 0.07 0.09 0.07 0.03 0.00 0.00 0.00 0.00 0.00 0.00 0.00 0.00 0.00 0.00 0.00 0.02 0.11 0.35 0.72 1.10 1.39 1.57 1.59 1.35 0.89 0.52 0.40 0.41 0.42 0.42 0.44 0.45 0.39 0.26 0.12 0.04 0.01 0.00 0.00 0.00 0.00 0.00 0.00 0.00 0.00 0.00 0.00 0.00 0.00 0.00 0.00 0.00 0.00 0.00 0.00 0.00 0.00 0.00 0.00 0.00 0.00 0.00 0.00 0.00 0.00 0.01 0.03 0.08 0.00 0.00 0.00
0.00 0.00 0.00 0.00 0.00 0.00 0.00 0.02 0.04 0.05 0.04 0.02 0.00 0.00 0.00 0.00 0.00 0.00 0.00 0.00 0.00 0.00 0.00 0.01 0.06 0.24 0.56 0.95 1.30 1.59 1.74 1.58 1.07 0.56 0.30 0.29 0.35 0.40 0.45 0.50 0.50 0.41 0.24 0.10 0.02 0.00 0.00 0.00 0.00 0.00 0.00 0.00 0.00 0.00 0.00 0.00 0.00 0.00 0.00 0.00 0.00 0.00 0.00 0.00 0.00 0.00 0.00 0.00 0.00 0.00 0.00 0.00 0.00 0.01 0.03 0.06 0.00 0.00 0.00
0.00 0.00 0.00 0.00 0.00 0.00 0.00 0.00 0.01 0.02 0.01 0.00 0.00 0.00 0.00 0.00 0.00 0.00 0.00 0.00 0.00 0.00 0.00 0.00 0.03 0.14 0.38 0.72 1.07 1.41 1.65 1.59 1.14 0.59 0.27 0.23 0.32 0.40 0.47 0.54 0.61 0.57 0.39 0.19 0.06 0.01 0.00 0.00 0.00 0.00 0.00 0.00 0.00 0.00 0.00 0.00 0.00 0.00 0.00 0.00 0.00 0.00 0.00 0.00 0.00 0.00 0.00 0.00 0.00 0.00 0.00 0.00 0.00 0.00 0.02 0.05 0.00 0.00 0.00
0.00 0.00 0.00 0.00 0.00 0.00 0.00 0.00 0.00 0.00 0.00 0.00 0.00 0.00 0.00 0.00 0.00 0.00 0.00 0.00 0.00 0.00 0.00 0.00 0.01 0.06 0.22 0.49 0.82 1.16 1.42 1.42 1.08 0.60 0.27 0.20 0.29 0.41 0.50 0.60 0.71 0.72 0.55 0.28 0.10 0.02 0.00 0.00 0.00 0.00 0.00 0.00 0.00 0.00 0.00 0.00 0.00 0.00 0.00 0.00 0.00 0.00 0.00 0.00 0.00 0.00 0.00 0.00 0.00 0.00 0.00 0.00 0.00 0.00 0.01 0.04 0.00 0.00 0.00
0.00 0.00 0.00 0.00 0.00 0.00 0.00 0.00 0.00 0.00 0.00 0.00 0.00 0.00 0.00 0.00 0.00 0.00 0.00 0.00 0.00 0.00 0.00 0.00 0.00 0.03 0.12 0.33 0.61 0.91 1.13 1.17 0.94 0.57 0.28 0.18 0.26 0.40 0.53 0.68 0.84 0.88 0.68 0.36 0.13 0.03 0.01 0.00 0.00 0.00 0.00 0.00 0.00 0.00 0.00 0.00 0.00 0.00 0.00 0.00 0.00 0.00 0.00 0.00 0.00 0.00 0.00 0.00 0.00 0.00 0.00 0.00 0.00 0.00 0.01 0.03 0.00 0.00 0.00
0.00 0.00 0.00 0.00 0.00 0.00 0.00 0.00 0.00 0.00 0.00 0.00 0.00 0.00 0.00 0.00 0.00 0.00 0.00 0.00 0.00 0.00 0.00 0.00 0.00 0.01 0.07 0.21 0.44 0.68 0.85 0.88 0.76 0.53 0.31 0.20 0.24 0.38 0.57 0.79 1.03 1.08 0.83 0.43 0.15 0.04 0.01 0.00 0.00 0.00 0.00 0.00 0.00 0.00 0.00 0.00 0.00 0.00 0.00 0.00 0.00 0.00 0.00 0.00 0.00 0.00 0.00 0.00 0.00 0.00 0.00 0.00 0.00 0.00 0.01 0.02 0.00 0.00 0.00
0.00 0.00 0.00 0.00 0.00 0.00 0.00 0.00 0.00 0.00 0.00 0.00 0.00 0.00 0.00 0.00 0.00 0.00 0.00 0.00 0.00 0.00 0.00 0.00 0.00 0.00 0.03 0.13 0.29 0.47 0.60 0.63 0.59 0.48 0.35 0.24 0.23 0.35 0.59 0.91 1.23 1.31 1.01 0.52 0.17 0.03 0.01 0.00 0.00 0.00 0.00 0.00 0.00 0.00 0.00 0.00 0.00 0.00 0.00 0.00 0.00 0.00 0.00 0.00 0.00 0.00 0.00 0.00 0.00 0.00 0.00 0.00 0.00 0.00 0.00 0.01 0.00 0.00 0.00
0.00 0.00 0.00 0.00 0.00 0.00 0.00 0.00 0.00 0.00 0.00 0.00 0.00 0.00 0.00 0.00 0.00 0.00 0.00 0.00 0.00 0.00 0.00 0.00 0.00 0.00 0.01 0.07 0.18 0.32 0.42 0.46 0.45 0.42 0.36 0.28 0.25 0.34 0.59 0.99 1.40 1.55 1.26 0.70 0.24 0.04 0.00 0.00 0.00 0.00 0.00 0.00 0.00 0.00 0.00 0.00 0.00 0.00 0.00 0.00 0.00 0.00 0.00 0.00 0.00 0.00 0.00 0.00 0.00 0.00 0.00 0.00 0.00 0.00 0.00 0.01 0.00 0.00 0.00
0.00 0.00 0.00 0.00 0.00 0.00 0.00 0.00 0.00 0.00 0.00 0.00 0.00 0.00 0.00 0.00 0.00 0.00 0.00 0.00 0.00 0.00 0.00 0.00 0.00 0.00 0.01 0.04 0.13 0.23 0.32 0.35 0.36 0.36 0.36 0.34 0.32 0.39 0.62 1.04 1.53 1.78 1.53 0.91 0.34 0.07 0.01 0.00 0.00 0.00 0.00 0.00 0.00 0.00 0.00 0.00 0.00 0.00 0.00 0.00 0.00 0.00 0.00 0.00 0.00 0.00 0.00 0.00 0.00 0.00 0.00 0.00 0.00 0.00 0.00 0.00 0.00 0.00 0.00
0.00 0.00 0.00 0.00 0.00 0.00 0.00 0.00 0.00 0.00 0.00 0.00 0.00 0.00 0.00 0.00 0.00 0.00 0.00 0.00 0.00 0.00 0.00 0.00 0.00 0.00 0.01 0.04 0.12 0.21 0.27 0.30 0.31 0.35 0.40 0.45 0.49 0.57 0.76 1.15 1.65 1.96 1.75 1.08 0.43 0.11 0.02 0.01 0.01 0.00 0.00 0.00 0.00 0.00 0.00 0.00 0.00 0.00 0.00 0.00 0.00 0.00 0.00 0.00 0.00 0.00 0.00 0.00 0.00 0.00 0.00 0.00 0.00 0.00 0.00 0.00 0.00 0.00 0.00
0.00 0.00 0.00 0.00 0.00 0.00 0.00 0.00 0.00 0.00 0.00 0.00 0.00 0.00 0.00 0.00 0.00 0.00 0.00 0.00 0.00 0.00 0.00 0.00 0.00 0.00 0.02 0.07 0.15 0.23 0.27 0.29 0.32 0.39 0.50 0.63 0.76 0.89 1.07 1.38 1.82 2.08 1.81 1.11 0.47 0.14 0.06 0.04 0.03 0.01 0.00 0.00 0.00 0.00 0.00 0.00 0.00 0.00 0.00 0.00 0.00 0.00 0.00 0.00 0.00 0.00 0.00 0.00 0.00 0.00 0.00 0.00 0.00 0.00 0.00 0.00 0.00 0.00 0.00
0.00 0.00 0.00 0.00 0.00 0.00 0.00 0.00 0.00 0.00 0.00 0.00 0.00 0.00 0.00 0.00 0.00 0.00 0.00 0.00 0.00 0.00 0.00 0.00 0.00 0.00 0.03 0.09 0.19 0.26 0.28 0.30 0.35 0.46 0.63 0.82 1.06 1.32 1.55 1.78 2.03 2.06 1.66 1.00 0.46 0.21 0.15 0.14 0.11 0.06 0.02 0.00 0.00 0.00 0.00 0.00 0.00 0.00 0.00 0.00 0.00 0.00 0.00 0.00 0.00 0.00 0.00 0.00 0.00 0.00 0.00 0.00 0.00 0.00 0.00 0.00 0.00 0.00 0.00
0.00 0.00 0.00 0.00 0.00 0.00 0.00 0.00 0.00 0.00 0.00 0.00 0.00 0.00 0.00 0.00 0.00 0.00 0.00 0.00 0.00 0.00 0.00 0.00 0.00 0.01 0.04 0.12 0.21 0.27 0.29 0.32 0.40 0.56 0.76 1.00 1.34 1.76 2.14 2.33 2.28 1.91 1.34 0.83 0.54 0.41 0.38 0.38 0.32 0.18 0.07 0.02 0.00 0.00 0.00 0.00 0.00 0.00 0.00 0.00 0.00 0.00 0.00 0.00 0.00 0.00 0.00 0.00 0.00 0.00 0.00 0.00 0.00 0.00 0.00 0.00 0.00 0.00 0.00
0.00 0.00 0.00 0.00 0.00 0.00 0.00 0.00 0.00 0.00 0.00 0.00 0.00 0.00 0.00 0.00 0.00 0.00 0.00 0.00 0.00 0.00 0.00 0.00 0.00 0.02 0.07 0.14 0.23 0.27 0.29 0.34 0.47 0.67 0.90 1.20 1.63 2.20 2.74 2.97 2.63 1.82 1.07 0.75 0.75 0.79 0.79 0.76 0.63 0.40 0.18 0.06 0.01 0.00 0.00 0.00 0.00 0.00 0.00 0.00 0.00 0.00 0.00 0.00 0.00 0.00 0.00 0.00 0.00 0.00 0.00 0.00 0.00 0.00 0.00 0.00 0.00 0.00 0.00
0.00 0.00 0.00 0.00 0.00 0.00 0.00 0.00 0.00 0.00 0.00 0.00 0.00 0.00 0.00 0.00 0.00 0.00 0.00 0.00 0.00 0.00 0.00 0.00 0.02 0.05 0.10 0.17 0.24 0.28 0.31 0.40 0.56 0.80 1.10 1.49 1.99 2.63 3.31 3.63 3.12 1.97 1.01 0.77 0.98 1.16 1.17 1.10 0.92 0.63 0.33 0.13 0.04 0.01 0.00 0.00 0.00 0.00 0.00 0.00 0.00 0.00 0.00 0.00 0.00 0.00 0.00 0.00 0.00 0.00 0.00 0.00 0.00 0.00 0.00 0.00 0.00 0.00 0.00
0.00 0.00 0.00 0.00 0.00 0.00 0.00 0.00 0.00 0.00 0.00 0.00 0.00 0.00 0.00 0.00 0.00 0.00 0.00 0.00 0.00 0.00 0.00 0.01 0.04 0.08 0.14 0.20 0.25 0.29 0.35 0.47 0.67 0.96 1.35 1.84 2.38 3.01 3.74 4.15 3.65 2.32 1.13 0.78 1.01 1.24 1.28 1.19 1.02 0.78 0.49 0.25 0.10 0.03 0.00 0.00 0.00 0.00 0.00 0.00 0.00 0.00 0.00 0.00 0.00 0.00 0.00 0.00 0.00 0.00 0.00 0.00 0.00 0.00 0.00 0.00 0.00 0.00 0.00
0.00 0.00 0.00 0.00 0.00 0.00 0.00 0.00 0.00 0.00 0.00 0.00 0.00 0.00 0.00 0.00 0.00 0.00 0.00 0.00 0.01 0.01 0.02 0.04 0.06 0.10 0.15 0.20 0.26 0.31 0.40 0.54 0.79 1.16 1.66 2.21 2.70 3.22 3.93 4.45 4.05 2.70 1.33 0.75 0.85 1.06 1.12 1.07 0.98 0.84 0.63 0.39 0.19 0.07 0.02 0.00 0.00 0.00 0.00 0.00 0.00 0.00 0.00 0.00 0.00 0.00 0.00 0.00 0.00 0.00 0.00 0.00 0.00 0.00 0.00 0.00 0.00 0.00 0.00
0.00 0.00 0.00 0.00 0.00 0.00 0.00 0.00 0.00 0.00 0.00 0.00 0.00 0.00 0.00 0.00 0.00 0.01 0.01 0.02 0.03 0.05 0.07 0.09 0.10 0.12 0.16 0.22 0.29 0.37 0.46 0.63 0.94 1.44 2.07 2.62 2.95 3.29 3.93 4.56 4.34 3.07 1.59 0.78 0.70 0.86 0.95 0.95 0.92 0.86 0.73 0.53 0.31 0.15 0.05 0.01 0.00 0.00 0.00 0.00 0.00 0.00 0.00 0.00 0.00 0.00 0.00 0.00 0.00 0.00 0.00 0.00 0.00 0.00 0.00 0.00 0.00 0.00 0.00
0.00 0.00 0.00 0.00 0.00 0.00 0.00 0.00 0.00 0.00 0.00 0.00 0.00 0.00 0.00 0.00 0.01 0.02 0.04 0.06 0.09 0.13 0.17 0.18 0.19 0.20 0.24 0.32 0.41 0.49 0.59 0.80 1.23 1.90 2.62 3.10 3.25 3.43 4.03 4.73 4.66 3.51 2.00 1.02 0.74 0.81 0.89 0.91 0.91 0.86 0.75 0.60 0.43 0.25 0.10 0.03 0.00 0.00 0.00 0.00 0.00 0.00 0.00 0.00 0.00 0.00 0.00 0.00 0.00 0.00 0.00 0.00 0.00 0.00 0.00 0.00 0.00 0.00 0.00
0.00 0.00 0.00 0.00 0.00 0.00 0.00 0.00 0.00 0.00 0.00 0.00 0.00 0.00 0.00 0.01 0.02 0.05 0.08 0.12 0.17 0.22 0.28 0.32 0.34 0.37 0.43 0.52 0.60 0.66 0.76 1.06 1.66 2.47 3.18 3.52 3.56 3.73 4.36 5.08 5.09 4.08 2.61 1.50 1.03 0.94 0.94 0.94 0.90 0.82 0.71 0.61 0.49 0.33 0.15 0.04 0.01 0.00 0.00 0.00 0.00 0.00 0.00 0.00 0.00 0.00 0.00 0.00 0.00 0.00 0.00 0.00 0.00 0.00 0.00 0.00 0.00 0.00 0.00
0.00 0.00 0.00 0.00 0.00 0.00 0.00 0.00 0.00 0.00 0.00 0.00 0.00 0.00 0.01 0.03 0.05 0.08 0.12 0.17 0.22 0.29 0.38 0.46 0.52 0.57 0.64 0.72 0.79 0.86 1.03 1.44 2.13 2.91 3.44 3.58 3.59 3.92 4.69 5.45 5.51 4.65 3.30 2.14 1.48 1.18 1.04 0.95 0.86 0.75 0.65 0.57 0.48 0.34 0.17 0.05 0.01 0.00 0.00 0.00 0.00 0.00 0.00 0.00 0.00 0.00 0.00 0.00 0.00 0.00 0.00 0.00 0.00 0.00 0.00 0.00 0.00 0.00 0.00
0.00 0.00 0.00 0.00 0.00 0.00 0.00 0.00 0.00 0.00 0.00 0.01 0.01 0.02 0.03 0.06 0.09 0.13 0.17 0.22 0.28 0.36 0.46 0.57 0.66 0.72 0.78 0.86 0.98 1.18 1.49 1.96 2.55 3.06 3.24 3.16 3.16 3.64 4.59 5.47 5.68 5.04 3.91 2.78 1.93 1.41 1.12 0.92 0.76 0.64 0.55 0.49 0.42 0.29 0.14 0.04 0.01 0.00 0.00 0.00 0.00 0.00 0.00 0.00 0.00 0.00 0.00 0.00 0.00 0.00 0.00 0.00 0.00 0.00 0.00 0.00 0.00 0.00 0.00
0.00 0.00 0.00 0.00 0.00 0.00 0.00 0.00 0.01 0.01 0.02 0.03 0.04 0.05 0.08 0.11 0.14 0.19 0.24 0.30 0.38 0.48 0.59 0.69 0.75 0.78 0.83 0.94 1.19 1.62 2.15 2.63 2.99 3.09 2.92 2.66 2.59 2.99 3.93 4.95 5.43 5.16 4.35 3.29 2.28 1.56 1.13 0.86 0.66 0.52 0.43 0.36 0.29 0.18 0.09 0.02 0.00 0.00 0.00 0.00 0.00 0.00 0.00 0.00 0.00 0.00 0.00 0.00 0.00 0.00 0.00 0.00 0.00 0.00 0.00 0.00 0.00 0.00 0.00
0.00 0.00 0.00 0.00 0.00 0.00 0.00 0.01 0.04 0.07 0.09 0.09 0.09 0.09 0.12 0.16 0.21 0.27 0.36 0.47 0.57 0.67 0.77 0.82 0.83 0.85 0.94 1.13 1.46 2.01 2.64 3.15 3.39 3.32 3.01 2.66 2.42 2.47 3.06 4.04 4.82 5.02 4.58 3.63 2.51 1.65 1.14 0.81 0.57 0.40 0.28 0.21 0.14 0.08 0.03 0.01 0.00 0.00 0.00 0.00 0.00 0.00 0.00 0.00 0.00 0.00 0.00 0.00 0.00 0.00 0.00 0.00 0.00 0.00 0.00 0.00 0.00 0.00 0.00
0.00 0.00 0.00 0.00 0.00 0.00 0.02 0.06 0.13 0.20 0.24 0.22 0.18 0.15 0.16 0.20 0.28 0.41 0.56 0.70 0.81 0.89 0.95 0.96 0.96 1.06 1.32 1.63 1.91 2.25 2.71 3.19 3.59 3.74 3.57 3.18 2.72 2.37 2.49 3.21 4.13 4.70 4.58 3.76 2.65 1.75 1.19 0.81 0.52 0.30 0.16 0.09 0.05 0.02 0.01 0.00 0.00 0.00 0.00 0.00 0.00 0.00 0.00 0.00 0.00 0.00 0.00 0.00 0.00 0.00 0.00 0.00 0.00 0.00 0.00 0.00 0.00 0.00 0.00
0.00 0.00 0.00 0.00 0.00 0.01 0.06 0.15 0.30 0.44 0.52 0.51 0.44 0.35 0.28 0.30 0.42 0.61 0.82 0.98 1.07 1.13 1.17 1.19 1.25 1.50 2.01 2.53 2.72 2.66 2.71 3.11 3.74 4.19 4.14 3.69 3.12 2.66 2.53 2.92 3.69 4.35 4.39 3.69 2.68 1.82 1.25 0.81 0.47 0.23 0.10 0.05 0.03 0.01 0.00 0.00 0.00 0.00 0.00 0.00 0.00 0.00 0.00 0.00 0.00 0.00 0.00 0.00 0.00 0.00 0.00 0.00 0.00 0.00 0.00 0.00 0.00 0.00 0.00
0.00 0.00 0.00 0.00 0.00 0.03 0.12 0.29 0.52 0.76 0.95 1.07 1.05 0.88 0.68 0.58 0.67 0.88 1.12 1.28 1.36 1.40 1.45 1.53 1.71 2.13 2.86 3.58 3.79 3.43 3.12 3.39 4.08 4.55 4.39 3.87 3.41 3.15 3.05 3.21 3.68 4.16 4.16 3.54 2.63 1.85 1.27 0.79 0.42 0.20 0.12 0.10 0.08 0.04 0.01 0.00 0.00 0.00 0.00 0.00 0.00 0.00 0.00 0.00 0.00 0.00 0.00 0.00 0.00 0.00 0.00 0.00 0.00 0.00 0.00 0.00 0.00 0.00 0.00
0.00 0.00 0.00 0.00 0.01 0.04 0.17 0.40 0.69 1.01 1.40 1.79 1.95 1.77 1.39 1.09 1.04 1.21 1.44 1.60 1.67 1.71 1.78 1.93 2.24 2.81 3.65 4.47 4.75 4.32 3.81 3.92 4.47 4.74 4.43 3.93 3.71 3.73 3.76 3.80 3.97 4.16 4.04 3.45 2.65 1.93 1.33 0.82 0.46 0.29 0.24 0.23 0.17 0.08 0.02 0.00 0.00 0.00 0.00 0.00 0.00 0.00 0.00 0.00 0.00 0.00 0.00 0.00 0.00 0.00 0.00 0.00 0.00 0.00 0.00 0.00 0.00 0.00 0.00
0.00 0.00 0.00 0.00 0.01 0.05 0.18 0.40 0.69 1.04 1.57 2.21 2.59 2.47 2.02 1.58 1.39 1.47 1.67 1.84 1.93 1.98 2.08 2.31 2.76 3.45 4.28 5.02 5.28 4.93 4.43 4.39 4.75 4.88 4.53 4.11 4.04 4.24 4.40 4.39 4.33 4.26 4.00 3.44 2.73 2.03 1.40 0.94 0.70 0.59 0.50 0.40 0.27 0.14 0.04 0.01 0.00 0.00 0.00 0.00 0.00 0.00 0.00 0.00 0.00 0.00 0.00 0.00 0.00 0.00 0.00 0.00 0.00 0.00 0.00 0.00 0.00 0.00 0.00
0.00 0.00 0.00 0.00 0.00 0.03 0.13 0.30 0.51 0.79 1.25 1.89 2.36 2.37 2.03 1.64 1.44 1.48 1.66 1.85 2.01 2.15 2.32 2.61 3.14 3.84 4.57 5.13 5.35 5.19 4.91 4.88 5.11 5.15 4.76 4.29 4.20 4.52 4.82 4.81 4.57 4.26 3.88 3.34 2.68 1.98 1.39 1.10 1.08 1.03 0.85 0.62 0.39 0.20 0.09 0.03 0.01 0.00 0.00 0.00 0.00 0.00 0.00 0.00 0.00 0.00 0.00 0.00 0.00 0.00 0.00 0.00 0.00 0.00 0.00 0.00 0.00 0.00 0.00
0.00 0.00 0.00 0.00 0.00 0.01 0.06 0.16 0.28 0.42 0.67 1.07 1.42 1.53 1.40 1.21 1.12 1.19 1.37 1.59 1.84 2.09 2.34 2.67 3.15 3.74 4.31 4.75 5.03 5.18 5.26 5.42 5.59 5.52 5.01 4.35 4.13 4.51 4.99 5.02 4.59 4.04 3.51 2.99 2.41 1.78 1.34 1.29 1.45 1.46 1.20 0.86 0.55 0.33 0.18 0.10 0.05 0.02 0.01 0.01 0.00 0.00 0.00 0.00 0.00 0.00 0.01 0.01 0.01 0.00 0.00 0.00 0.00 0.00 0.00 0.00 0.00 0.00 0.00
0.00 0.00 0.00 0.00 0.00 0.00 0.02 0.06 0.10 0.15 0.23 0.37 0.54 0.64 0.65 0.65 0.70 0.82 0.98 1.20 1.47 1.76 2.06 2.37 2.75 3.19 3.65 4.10 4.55 5.00 5.42 5.77 5.97 5.83 5.25 4.48 4.14 4.52 5.07 5.07 4.45 3.65 2.98 2.51 2.13 1.80 1.63 1.73 1.91 1.83 1.49 1.09 0.75 0.50 0.33 0.21 0.14 0.09 0.06 0.04 0.02 0.02 0.02 0.01 0.01 0.01 0.01 0.01 0.01 0.00 0.00 0.00 0.00 0.00 0.00 0.00 0.00 0.00 0.00
0.00 0.00 0.00 0.00 0.00 0.00 0.00 0.01 0.02 0.03 0.04 0.07 0.12 0.16 0.21 0.29 0.41 0.55 0.69 0.86 1.10 1.38 1.65 1.90 2.18 2.54 2.99 3.51 4.10 4.74 5.35 5.80 6.02 5.92 5.46 4.84 4.55 4.84 5.25 5.11 4.34 3.37 2.62 2.24 2.19 2.27 2.39 2.50 2.48 2.19 1.71 1.26 0.92 0.67 0.47 0.34 0.27 0.24 0.19 0.13 0.09 0.09 0.08 0.06 0.03 0.02 0.01 0.01 0.01 0.00 0.00 0.00 0.00 0.00 0.00 0.00 0.00 0.00 0.00
0.00 0.00 0.00 0.00 0.00 0.00 0.00 0.00 0.00 0.00 0.00 0.00 0.01 0.03 0.07 0.14 0.26 0.39 0.51 0.66 0.87 1.11 1.33 1.52 1.73 2.07 2.54 3.07 3.68 4.36 5.01 5.49 5.73 5.71 5.46 5.13 4.99 5.20 5.41 5.12 4.30 3.36 2.73 2.55 2.76 3.09 3.22 3.12 2.88 2.46 1.88 1.36 1.00 0.76 0.58 0.48 0.48 0.49 0.43 0.31 0.25 0.26 0.25 0.19 0.11 0.06 0.03 0.02 0.01 0.00 0.00 0.00 0.00 0.00 0.00 0.00 0.00 0.00 0.00
0.00 0.00 0.00 0.00 0.00 0.00 0.00 0.00 0.00 0.00 0.00 0.00 0.00 0.01 0.02 0.07 0.16 0.28 0.41 0.57 0.77 0.99 1.15 1.27 1.44 1.76 2.21 2.69 3.21 3.82 4.47 5.00 5.30 5.34 5.15 4.87 4.73 4.91 5.12 4.90 4.24 3.62 3.39 3.49 3.74 3.91 3.73 3.32 2.95 2.57 1.99 1.36 0.93 0.73 0.68 0.75 0.86 0.89 0.76 0.57 0.48 0.49 0.47 0.37 0.26 0.18 0.11 0.06 0.02 0.00 0.00 0.00 0.00 0.00 0.00 0.00 0.00 0.00 0.00
0.00 0.00 0.00 0.00 0.00 0.00 0.00 0.00 0.00 0.00 0.00 0.00 0.00 0.00 0.01 0.03 0.09 0.19 0.34 0.51 0.72 0.91 1.03 1.12 1.26 1.54 1.92 2.32 2.73 3.27 3.96 4.64 5.09 5.14 4.76 4.12 3.66 3.72 4.10 4.27 4.12 4.06 4.31 4.60 4.65 4.38 3.83 3.24 2.87 2.54 1.95 1.25 0.79 0.70 0.92 1.25 1.46 1.38 1.09 0.80 0.69 0.70 0.66 0.55 0.44 0.36 0.25 0.13 0.04 0.01 0.00 0.00 0.00 0.00 0.00 0.00 0.00 0.00 0.00
0.00 0.00 0.00 0.00 0.00 0.00 0.00 0.00 0.00 0.00 0.00 0.00 0.00 0.00 0.00 0.01 0.05 0.13 0.27 0.46 0.65 0.81 0.91 0.98 1.12 1.35 1.67 1.99 2.34 2.86 3.66 4.56 5.21 5.25 4.56 3.39 2.41 2.20 2.68 3.39 3.99 4.55 5.10 5.35 5.09 4.42 3.66 3.03 2.64 2.30 1.82 1.31 0.98 0.99 1.38 1.86 2.00 1.69 1.23 0.92 0.82 0.80 0.75 0.67 0.59 0.51 0.37 0.19 0.06 0.01 0.00 0.00 0.00 0.00 0.00 0.00 0.00 0.00 0.00
0.00 0.00 0.00 0.00 0.00 0.00 0.00 0.00 0.00 0.00 0.00 0.00 0.00 0.00 0.00 0.00 0.02 0.09 0.22 0.39 0.55 0.67 0.74 0.82 0.96 1.17 1.43 1.69 2.00 2.56 3.50 4.61 5.42 5.48 4.58 3.05 1.68 1.16 1.58 2.64 3.88 4.89 5.47 5.56 5.12 4.34 3.52 2.81 2.27 1.97 1.87 1.85 1.77 1.77 2.05 2.34 2.20 1.66 1.16 0.96 0.93 0.89 0.80 0.71 0.66 0.57 0.40 0.20 0.06 0.01 0.00 0.00 0.00 0.00 0.00 0.00 0.00 0.00 0.00
0.00 0.00 0.00 0.00 0.00 0.00 0.00 0.00 0.00 0.00 0.00 0.00 0.00 0.00 0.00 0.00 0.01 0.06 0.18 0.34 0.47 0.53 0.56 0.63 0.78 0.99 1.21 1.43 1.73 2.35 3.41 4.64 5.55 5.64 4.71 3.12 1.67 1.04 1.35 2.41 3.74 4.75 5.18 5.15 4.81 4.25 3.52 2.65 1.94 1.79 2.18 2.65 2.81 2.84 2.92 2.86 2.34 1.59 1.11 1.04 1.09 1.04 0.89 0.76 0.69 0.59 0.42 0.22 0.08 0.02 0.01 0.00 0.00 0.00 0.00 0.00 0.00 0.00 0.00
0.00 0.00 0.00 0.00 0.00 0.00 0.00 0.00 0.00 0.00 0.00 0.00 0.00 0.00 0.00 0.00 0.01 0.05 0.16 0.31 0.41 0.43 0.42 0.47 0.61 0.82 1.04 1.25 1.59 2.28 3.39 4.67 5.59 5.69 4.83 3.38 2.14 1.69 1.98 2.72 3.49 3.96 4.08 4.10 4.11 3.94 3.37 2.47 1.77 1.83 2.51 3.18 3.50 3.67 3.80 3.59 2.86 1.93 1.32 1.19 1.27 1.24 1.05 0.86 0.76 0.69 0.54 0.32 0.14 0.06 0.03 0.01 0.00 0.00 0.00 0.00 0.00 0.00 0.00
0.00 0.00 0.00 0.00 0.00 0.00 0.00 0.00 0.00 0.00 0.00 0.00 0.00 0.00 0.00 0.00 0.01 0.04 0.14 0.27 0.37 0.38 0.34 0.36 0.47 0.68 0.92 1.18 1.59 2.34 3.47 4.72 5.60 5.68 4.84 3.52 2.55 2.41 2.82 3.21 3.22 2.89 2.64 2.78 3.15 3.31 2.98 2.30 1.82 2.02 2.71 3.28 3.57 3.85 4.16 4.12 3.47 2.49 1.71 1.39 1.39 1.38 1.17 0.93 0.81 0.79 0.67 0.44 0.24 0.13 0.08 0.05 0.02 0.01 0.00 0.00 0.00 0.00 0.00
0.00 0.00 0.00 0.00 0.00 0.00 0.00 0.00 0.00 0.00 0.00 0.00 0.00 0.00 0.00 0.00 0.00 0.03 0.10 0.23 0.34 0.37 0.33 0.31 0.39 0.59 0.85 1.18 1.68 2.50 3.63 4.78 5.57 5.62 4.80 3.55 2.72 2.74 3.27 3.60 3.23 2.34 1.69 1.74 2.18 2.47 2.43 2.14 1.96 2.21 2.73 3.04 3.10 3.29 3.69 3.88 3.49 2.67 1.90 1.54 1.51 1.44 1.16 0.84 0.70 0.70 0.64 0.48 0.33 0.24 0.17 0.11 0.05 0.02 0.00 0.00 0.00 0.00 0.00
0.00 0.00 0.00 0.00 0.00 0.00 0.00 0.00 0.00 0.00 0.00 0.00 0.00 0.00 0.00 0.00 0.00 0.01 0.07 0.20 0.34 0.42 0.40 0.37 0.43 0.61 0.88 1.23 1.80 2.67 3.73 4.74 5.42 5.49 4.80 3.72 2.98 3.00 3.52 3.92 3.60 2.58 1.60 1.26 1.40 1.65 1.86 1.94 1.98 2.20 2.51 2.56 2.37 2.35 2.67 2.96 2.81 2.26 1.72 1.55 1.60 1.48 1.07 0.64 0.46 0.48 0.52 0.50 0.44 0.38 0.30 0.20 0.11 0.04 0.01 0.00 0.00 0.00 0.00
0.00 0.00 0.00 0.00 0.00 0.00 0.00 0.00 0.00 0.00 0.00 0.00 0.00 0.00 0.00 0.00 0.00 0.01 0.06 0.18 0.34 0.46 0.52 0.56 0.66 0.83 1.07 1.40 1.91 2.68 3.58 4.40 4.97 5.07 4.59 3.87 3.45 3.50 3.85 4.14 3.93 3.09 2.07 1.41 1.21 1.34 1.61 1.83 1.91 2.03 2.18 2.11 1.83 1.65 1.78 2.02 2.02 1.73 1.47 1.51 1.65 1.49 0.99 0.51 0.31 0.37 0.52 0.62 0.63 0.57 0.47 0.33 0.19 0.08 0.02 0.00 0.00 0.00 0.00
0.00 0.00 0.00 0.00 0.00 0.00 0.00 0.00 0.00 0.00 0.00 0.00 0.00 0.00 0.00 0.00 0.00 0.01 0.04 0.14 0.29 0.45 0.61 0.78 0.98 1.19 1.39 1.59 1.89 2.38 3.02 3.66 4.14 4.22 3.93 3.64 3.67 3.85 3.93 3.86 3.65 3.17 2.51 1.98 1.75 1.76 1.89 1.97 1.96 1.95 2.00 1.98 1.80 1.56 1.49 1.63 1.75 1.70 1.64 1.72 1.79 1.56 1.05 0.56 0.37 0.48 0.71 0.86 0.88 0.81 0.69 0.50 0.29 0.13 0.04 0.00 0.00 0.00 0.00
0.00 0.00 0.00 0.00 0.00 0.00 0.00 0.00 0.00 0.00 0.00 0.00 0.00 0.00 0.00 0.00 0.00 0.00 0.03 0.09 0.22 0.39 0.62 0.90 1.19 1.42 1.54 1.55 1.55 1.71 2.11 2.64 3.08 3.22 3.13 3.17 3.45 3.61 3.40 3.01 2.74 2.58 2.43 2.34 2.33 2.31 2.25 2.16 2.05 1.99 2.03 2.13 2.13 1.93 1.76 1.85 2.09 2.23 2.27 2.29 2.21 1.88 1.35 0.85 0.61 0.70 0.94 1.09 1.09 1.02 0.89 0.67 0.40 0.18 0.05 0.01 0.00 0.00 0.00
0.00 0.00 0.00 0.00 0.00 0.00 0.00 0.00 0.00 0.00 0.00 0.00 0.00 0.00 0.00 0.00 0.00 0.00 0.01 0.06 0.16 0.33 0.57 0.87 1.18 1.37 1.36 1.19 0.98 0.94 1.18 1.65 2.15 2.48 2.67 2.90 3.16 3.15 2.78 2.26 1.88 1.73 1.81 2.02 2.17 2.19 2.13 2.07 2.02 2.01 2.11 2.29 2.39 2.27 2.11 2.21 2.53 2.77 2.85 2.86 2.74 2.40 1.88 1.32 0.98 0.97 1.13 1.22 1.19 1.11 1.01 0.81 0.51 0.23 0.06 0.01 0.00 0.00 0.00
0.00 0.00 0.00 0.00 0.00 0.00 0.00 0.00 0.00 0.00 0.00 0.00 0.00 0.00 0.00 0.00 0.00 0.00 0.01 0.04 0.13 0.28 0.52 0.81 1.08 1.19 1.06 0.78 0.50 0.40 0.58 1.02 1.55 2.02 2.43 2.82 3.09 3.12 2.87 2.37 1.73 1.23 1.12 1.27 1.43 1.52 1.62 1.73 1.84 1.95 2.11 2.29 2.39 2.32 2.21 2.31 2.60 2.84 2.97 3.05 3.05 2.85 2.41 1.84 1.41 1.28 1.33 1.33 1.21 1.09 1.02 0.89 0.60 0.28 0.08 0.01 0.00 0.00 0.00
0.00 0.00 0.00 0.00 0.00 0.00 0.00 0.00 0.00 0.00 0.00 0.00 0.00 0.00 0.00 0.00 0.00 0.00 0.00 0.03 0.10 0.25 0.49 0.79 1.04 1.09 0.91 0.60 0.32 0.21 0.37 0.78 1.26 1.65 2.01 2.47 2.99 3.40 3.52 3.10 2.17 1.23 0.74 0.68 0.78 0.96 1.20 1.43 1.63 1.82 2.00 2.11 2.14 2.07 2.01 2.09 2.31 2.54 2.72 2.89 3.04 3.06 2.79 2.29 1.83 1.64 1.59 1.47 1.25 1.07 1.01 0.93 0.68 0.34 0.10 0.02 0.00 0.00 0.00
0.00 0.00 0.00 0.00 0.00 0.00 0.00 0.00 0.00 0.00 0.00 0.00 0.00 0.00 0.00 0.00 0.00 0.00 0.00 0.02 0.08 0.21 0.46 0.78 1.04 1.08 0.92 0.65 0.40 0.29 0.44 0.82 1.17 1.29 1.36 1.74 2.45 3.23 3.71 3.48 2.53 1.41 0.68 0.42 0.51 0.79 1.10 1.31 1.46 1.62 1.75 1.77 1.71 1.63 1.62 1.71 1.92 2.18 2.42 2.64 2.88 3.06 3.00 2.63 2.24 2.03 1.91 1.66 1.34 1.11 1.04 1.01 0.79 0.43 0.15 0.03 0.00 0.00 0.00
0.00 0.00 0.00 0.00 0.00 0.00 0.00 0.00 0.00 0.00 0.00 0.00 0.00 0.00 0.00 0.00 0.00 0.00 0.00 0.01 0.05 0.17 0.42 0.74 1.00 1.07 0.97 0.78 0.61 0.55 0.71 1.04 1.20 1.01 0.79 0.94 1.53 2.30 2.88 2.90 2.29 1.40 0.67 0.36 0.46 0.82 1.17 1.34 1.35 1.35 1.35 1.30 1.22 1.16 1.17 1.29 1.54 1.86 2.15 2.39 2.65 2.93 3.02 2.82 2.53 2.36 2.23 1.94 1.54 1.27 1.21 1.18 0.95 0.55 0.21 0.04 0.00 0.00 0.00
0.00 0.00 0.00 0.00 0.00 0.00 0.00 0.00 0.00 0.00 0.00 0.00 0.00 0.00 0.00 0.00 0.00 0.00 0.00 0.01 0.04 0.16 0.39 0.68 0.91 1.01 0.99 0.91 0.85 0.86 1.00 1.22 1.22 0.88 0.49 0.42 0.70 1.16 1.60 1.79 1.61 1.15 0.67 0.40 0.49 0.85 1.21 1.33 1.21 1.03 0.91 0.85 0.81 0.78 0.80 0.91 1.16 1.49 1.78 2.03 2.32 2.64 2.84 2.78 2.59 2.49 2.45 2.25 1.90 1.61 1.50 1.41 1.13 0.67 0.27 0.07 0.00 0.00 0.00
0.00 0.00 0.00 0.00 0.00 0.00 0.00 0.00 0.00 0.00 0.00 0.00 0.00 0.00 0.00 0.00 0.00 0.00 0.00 0.01 0.06 0.19 0.40 0.61 0.77 0.88 0.93 0.97 1.02 1.07 1.12 1.22 1.17 0.86 0.45 0.23 0.25 0.44 0.70 0.92 1.00 0.93 0.74 0.56 0.56 0.80 1.09 1.17 0.99 0.74 0.58 0.53 0.53 0.53 0.52 0.59 0.76 1.00 1.23 1.47 1.80 2.21 2.52 2.57 2.46 2.39 2.45 2.45 2.27 2.01 1.79 1.58 1.26 0.78 0.34 0.09 0.00 0.00 0.00
0.00 0.00 0.00 0.00 0.00 0.00 0.00 0.00 0.00 0.00 0.00 0.00 0.00 0.00 0.00 0.00 0.00 0.00 0.00 0.02 0.09 0.23 0.40 0.53 0.63 0.72 0.84 0.99 1.13 1.19 1.18 1.20 1.19 0.97 0.57 0.25 0.14 0.22 0.37 0.53 0.68 0.81 0.85 0.75 0.63 0.68 0.84 0.90 0.77 0.56 0.40 0.35 0.34 0.32 0.29 0.30 0.39 0.51 0.64 0.83 1.17 1.65 2.09 2.29 2.26 2.20 2.29 2.43 2.44 2.24 1.93 1.65 1.33 0.89 0.43 0.14 0.00 0.00 0.00
0.00 0.00 0.00 0.00 0.00 0.00 0.00 0.00 0.00 0.00 0.00 0.00 0.00 0.00 0.00 0.00 0.00 0.00 0.00 0.02 0.10 0.23 0.37 0.46 0.53 0.62 0.77 0.99 1.19 1.29 1.30 1.33 1.35 1.14 0.71 0.32 0.17 0.19 0.27 0.34 0.46 0.66 0.83 0.80 0.63 0.54 0.58 0.62 0.56 0.42 0.29 0.22 0.18 0.15 0.12 0.11 0.14 0.20 0.26 0.37 0.62 1.07 1.59 1.95 2.04 2.00 2.05 2.20 2.30 2.21 1.97 1.72 1.46 1.06 0.61 0.27 0.00 0.00 0.00
0.00 0.00 0.00 0.00 0.00 0.00 0.00 0.00 0.00 0.00 0.00 0.00 0.00 0.00 0.00 0.00 0.00 0.00 0.00 0.02 0.08 0.19 0.32 0.42 0.49 0.57 0.71 0.94 1.18 1.33 1.38 1.42 1.39 1.13 0.68 0.32 0.18 0.16 0.17 0.18 0.25 0.42 0.61 0.65 0.53 0.41 0.38 0.39 0.35 0.26 0.17 0.10 0.07 0.05 0.03 0.03 0.06 0.11 0.14 0.17 0.28 0.60 1.08 1.54 1.78 1.80 1.78 1.85 1.97 2.03 1.99 1.89 1.71 1.37 0.92 0.53 0.00 0.00 0.00
0.00 0.00 0.00 0.00 0.00 0.00 0.00 0.00 0.00 0.00 0.00 0.00 0.00 0.00 0.00 0.00 0.00 0.00 0.00 0.01 0.06 0.16 0.30 0.41 0.48 0.53 0.63 0.83 1.07 1.25 1.31 1.27 1.11 0.81 0.46 0.23 0.14 0.12 0.10 0.08 0.12 0.23 0.36 0.41 0.35 0.26 0.22 0.19 0.16 0.11 0.06 0.03 0.02 0.01 0.01 0.03 0.09 0.16 0.17 0.13 0.13 0.29 0.66 1.13 1.47 1.58 1.56 1.57 1.69 1.89 2.06 2.10 1.99 1.70 1.28 0.83 0.00 0.00 0.00
0.00 0.00 0.00 0.00 0.00 0.00 0.00 0.00 0.00 0.00 0.00 0.00 0.00 0.00 0.00 0.00 0.00 0.00 0.00 0.01 0.06 0.18 0.34 0.45 0.49 0.50 0.56 0.71 0.93 1.10 1.10 0.93 0.67 0.40 0.20 0.12 0.11 0.11 0.08 0.06 0.08 0.14 0.20 0.22 0.18 0.13 0.09 0.07 0.04 0.03 0.01 0.00 0.00 0.00 0.01 0.05 0.13 0.21 0.21 0.14 0.08 0.14 0.38 0.76 1.12 1.32 1.38 1.43 1.58 1.84 2.11 2.21 2.11 1.84 1.44 0.97 0.00 0.00 0.00
0.00 0.00 0.00 0.00 0.00 0.00 0.00 0.00 0.00 0.00 0.00 0.00 0.00 0.00 0.00 0.00 0.00 0.00 0.00 0.02 0.09 0.23 0.40 0.50 0.51 0.49 0.52 0.64 0.83 0.96 0.89 0.62 0.33 0.14 0.06 0.06 0.09 0.10 0.08 0.05 0.07 0.09 0.11 0.10 0.07 0.05 0.03 0.01 0.01 0.00 0.00 0.00 0.00 0.00 0.02 0.06 0.13 0.20 0.20 0.13 0.07 0.08 0.21 0.47 0.77 1.00 1.16 1.29 1.47 1.76 2.04 2.14 1.98 1.65 1.26 0.85 0.00 0.00 0.00
0.00 0.00 0.00 0.00 0.00 0.00 0.00 0.00 0.00 0.00 0.00 0.00 0.00 0.00 0.00 0.00 0.00 0.00 0.00 0.04 0.13 0.30 0.45 0.52 0.51 0.49 0.52 0.63 0.78 0.85 0.70 0.41 0.16 0.04 0.02 0.03 0.06 0.06 0.05 0.04 0.04 0.05 0.05 0.03 0.02 0.01 0.00 0.00 0.00 0.00 0.00 0.00 0.00 0.00 0.01 0.04 0.09 0.13 0.14 0.11 0.07 0.07 0.13 0.27 0.48 0.69 0.87 1.04 1.24 1.52 1.77 1.84 1.64 1.26 0.88 0.57 0.00 0.00 0.00
0.00 0.00 0.00 0.00 0.00 0.00 0.00 0.00 0.00 0.00 0.00 0.00 0.00 0.00 0.00 0.00 0.00 0.00 0.01 0.06 0.19 0.37 0.50 0.52 0.50 0.49 0.53 0.63 0.76 0.76 0.56 0.27 0.08 0.01 0.00 0.01 0.02 0.02 0.02 0.01 0.01 0.02 0.01 0.01 0.00 0.00 0.00 0.00 0.00 0.00 0.00 0.00 0.00 0.00 0.00 0.01 0.03 0.06 0.08 0.09 0.09 0.08 0.12 0.21 0.34 0.50 0.65 0.78 0.94 1.14 1.33 1.37 1.16 0.81 0.51 0.33 0.00 0.00 0.00
0.00 0.00 0.00 0.00 0.00 0.00 0.00 0.00 0.00 0.00 0.00 0.00 0.00 0.00 0.00 0.00 0.00 0.00 0.02 0.10 0.26 0.44 0.54 0.54 0.50 0.49 0.54 0.66 0.78 0.73 0.47 0.19 0.05 0.01 0.00 0.00 0.00 0.00 0.00 0.00 0.00 0.00 0.00 0.00 0.00 0.00 0.00 0.00 0.00 0.00 0.00 0.00 0.00 0.00 0.00 0.00 0.01 0.02 0.04 0.07 0.10 0.12 0.15 0.23 0.34 0.46 0.55 0.63 0.70 0.79 0.87 0.84 0.68 0.45 0.28 0.20 0.00 0.00 0.00
0.00 0.00 0.00 0.00 0.00 0.00 0.00 0.00 0.00 0.00 0.00 0.00 0.00 0.00 0.00 0.00 0.00 0.00 0.04 0.15 0.34 0.53 0.62 0.61 0.58 0.56 0.60 0.71 0.80 0.71 0.44 0.17 0.04 0.02 0.03 0.02 0.01 0.00 0.00 0.00 0.00 0.00 0.00 0.00 0.00 0.00 0.00 0.00 0.00 0.00 0.00 0.00 0.00 0.00 0.00 0.00 0.00 0.01 0.02 0.06 0.10 0.14 0.20 0.28 0.38 0.48 0.55 0.58 0.58 0.58 0.54 0.47 0.35 0.24 0.18 0.17 0.00 0.00 0.00
0.00 0.00 0.00 0.00 0.00 0.00 0.00 0.00 0.00 0.00 0.00 0.00 0.00 0.00 0.00 0.00 0.00 0.01 0.06 0.21 0.43 0.63 0.74 0.78 0.78 0.78 0.79 0.81 0.78 0.63 0.37 0.15 0.07 0.08 0.10 0.07 0.03 0.01 0.00 0.00 0.00 0.00 0.00 0.00 0.00 0.00 0.00 0.00 0.00 0.00 0.00 0.00 0.00 0.00 0.00 0.00 0.00 0.00 0.01 0.05 0.10 0.16 0.23 0.32 0.43 0.53 0.57 0.57 0.54 0.48 0.39 0.29 0.21 0.17 0.17 0.18 0.00 0.00 0.00
0.00 0.00 0.00 0.00 0.00 0.00 0.00 0.00 0.00 0.00 0.00 0.00 0.00 0.00 0.00 0.00 0.00 0.02 0.09 0.27 0.50 0.72 0.87 0.98 1.06 1.10 1.09 0.98 0.76 0.49 0.26 0.13 0.15 0.24 0.27 0.21 0.10 0.04 0.01 0.00 0.00 0.00 0.00 0.00 0.00 0.00 0.00 0.00 0.00 0.00 0.00 0.00 0.00 0.00 0.00 0.00 0.00 0.00 0.01 0.04 0.09 0.17 0.25 0.36 0.48 0.57 0.60 0.56 0.51 0.43 0.33 0.24 0.19 0.18 0.19 0.19 0.00 0.00 0.00
0.00 0.00 0.00 0.00 0.00 0.00 0.00 0.00 0.00 0.00 0.00 0.00 0.00 0.00 0.00 0.00 0.01 0.04 0.14 0.33 0.57 0.79 0.97 1.15 1.30 1.42 1.43 1.22 0.81 0.40 0.17 0.14 0.28 0.50 0.59 0.47 0.26 0.12 0.04 0.01 0.00 0.00 0.00 0.00 0.00 0.00 0.00 0.00 0.00 0.00 0.00 0.00 0.00 0.00 0.00 0.00 0.00 0.00 0.01 0.03 0.08 0.15 0.25 0.37 0.50 0.60 0.61 0.55 0.47 0.38 0.29 0.21 0.18 0.19 0.20 0.20 0.00 0.00 0.00
0.00 0.00 0.00 0.00 0.00 0.00 0.00 0.00 0.00 0.00 0.00 0.00 0.00 0.00 0.00 0.00 0.02 0.08 0.22 0.42 0.64 0.85 1.06 1.30 1.55 1.74 1.74 1.44 0.89 0.39 0.14 0.18 0.45 0.80 0.96 0.79 0.48 0.23 0.08 0.02 0.00 0.00 0.00 0.00 0.00 0.00 0.00 0.00 0.00 0.00 0.00 0.00 0.00 0.00 0.00 0.00 0.00 0.00 0.01 0.03 0.08 0.15 0.24 0.36 0.50 0.60 0.60 0.52 0.43 0.34 0.26 0.19 0.18 0.19 0.20 0.19 0.00 0.00 0.00
0.00 0.00 0.00 0.00 0.00 0.00 0.00 0.00 0.00 0.00 0.00 0.00 0.00 0.00 0.00 0.01 0.04 0.14 0.31 0.49 0.65 0.85 1.13 1.48 1.83 2.04 1.95 1.53 0.92 0.39 0.15 0.23 0.59 1.01 1.18 0.99 0.63 0.31 0.12 0.03 0.00 0.00 0.00 0.00 0.00 0.00 0.00 0.00 0.00 0.00 0.00 0.00 0.00 0.00 0.00 0.00 0.00 0.01 0.02 0.05 0.09 0.15 0.23 0.35 0.47 0.54 0.52 0.45 0.37 0.30 0.23 0.18 0.17 0.18 0.19 0.18 0.00 0.00 0.00
0.00 0.00 0.00 0.00 0.00 0.00 0.00 0.00 0.00 0.00 0.00 0.00 0.00 0.00 0.00 0.02 0.08 0.21 0.37 0.48 0.57 0.76 1.13 1.63 2.09 2.27 2.06 1.57 0.96 0.44 0.20 0.33 0.73 1.09 1.16 0.93 0.61 0.32 0.12 0.03 0.00 0.00 0.00 0.00 0.00 0.00 0.00 0.00 0.00 0.00 0.00 0.00 0.00 0.00 0.00 0.00 0.00 0.01 0.03 0.07 0.11 0.16 0.24 0.33 0.41 0.44 0.42 0.37 0.31 0.26 0.20 0.16 0.15 0.16 0.17 0.16 0.00 0.00 0.00
0.00 0.00 0.00 0.00 0.00 0.00 0.00 0.00 0.00 0.00 0.00 0.00 0.00 0.00 0.00 0.04 0.13 0.28 0.40 0.43 0.45 0.65 1.10 1.72 2.24 2.39 2.15 1.66 1.05 0.51 0.28 0.47 0.89 1.11 0.99 0.73 0.49 0.28 0.11 0.03 0.00 0.00 0.00 0.00 0.00 0.00 0.00 0.00 0.00 0.00 0.00 0.00 0.00 0.00 0.00 0.01 0.01 0.02 0.05 0.08 0.12 0.18 0.25 0.32 0.36 0.36 0.33 0.30 0.27 0.23 0.18 0.15 0.14 0.15 0.15 0.14 0.00 0.00 0.00
0.00 0.00 0.00 0.00 0.00 0.00 0.00 0.00 0.00 0.00 0.00 0.00 0.00 0.00 0.01 0.07 0.21 0.39 0.49 0.48 0.52 0.75 1.21 1.77 2.20 2.29 2.07 1.61 1.02 0.51 0.35 0.63 1.02 1.10 0.86 0.59 0.41 0.24 0.10 0.02 0.00 0.00 0.00 0.00 0.00 0.00 0.00 0.00 0.00 0.00 0.00 0.00 0.00 0.01 0.01 0.02 0.03 0.04 0.07 0.10 0.14 0.19 0.26 0.30 0.31 0.30 0.27 0.25 0.24 0.21 0.17 0.13 0.12 0.13 0.12 0.11 0.00 0.00 0.00
0.00 0.00 0.00 0.00 0.00 0.00 0.00 0.00 0.00 0.00 0.00 0.00 0.00 0.00 0.02 0.12 0.33 0.58 0.73 0.77 0.87 1.10 1.42 1.71 1.88 1.84 1.62 1.22 0.75 0.38 0.39 0.77 1.13 1.12 0.84 0.60 0.43 0.24 0.08 0.01 0.00 0.00 0.00 0.00 0.00 0.00 0.00 0.00 0.00 0.00 0.00 0.00 0.01 0.02 0.03 0.04 0.06 0.07 0.09 0.11 0.15 0.21 0.26 0.29 0.28 0.26 0.24 0.23 0.21 0.18 0.15 0.12 0.10 0.10 0.10 0.08 0.00 0.00 0.00
0.00 0.00 0.00 0.00 0.00 0.00 0.00 0.00 0.00 0.00 0.00 0.00 0.00 0.01 0.05 0.19 0.47 0.81 1.04 1.16 1.26 1.38 1.43 1.39 1.29 1.15 0.96 0.68 0.38 0.23 0.40 0.85 1.22 1.21 0.96 0.71 0.47 0.23 0.07 0.01 0.00 0.00 0.00 0.00 0.00 0.00 0.00 0.00 0.00 0.00 0.00 0.01 0.02 0.03 0.05 0.07 0.08 0.10 0.11 0.14 0.18 0.23 0.27 0.28 0.26 0.23 0.21 0.20 0.19 0.16 0.12 0.10 0.08 0.07 0.06 0.05 0.00 0.00 0.00
0.00 0.00 0.00 0.00 0.00 0.00 0.00 0.00 0.00 0.00 0.00 0.00 0.00 0.02 0.10 0.31 0.64 0.98 1.21 1.31 1.33 1.27 1.09 0.86 0.69 0.58 0.46 0.29 0.14 0.12 0.35 0.81 1.22 1.31 1.10 0.77 0.44 0.19 0.05 0.01 0.00 0.00 0.00 0.00 0.00 0.00 0.00 0.00 0.00 0.00 0.01 0.01 0.03 0.05 0.08 0.10 0.11 0.12 0.14 0.16 0.20 0.24 0.26 0.25 0.23 0.20 0.18 0.18 0.16 0.13 0.10 0.07 0.06 0.05 0.03 0.02 0.00 0.00 0.00
0.00 0.00 0.00 0.00 0.00 0.00 0.00 0.00 0.00 0.00 0.00 0.00 0.01 0.05 0.19 0.47 0.80 1.03 1.12 1.11 1.03 0.85 0.60 0.39 0.29 0.28 0.24 0.14 0.06 0.08 0.29 0.70 1.10 1.25 1.07 0.71 0.36 0.13 0.03 0.00 0.00 0.00 0.00 0.00 0.00 0.01 0.01 0.02 0.01 0.01 0.01 0.03 0.05 0.07 0.10 0.12 0.13 0.14 0.16 0.19 0.22 0.25 0.24 0.22 0.19 0.17 0.15 0.14 0.13 0.11 0.08 0.05 0.03 0.02 0.01 0.01 0.00 0.00 0.00
0.00 0.00 0.00 0.00 0.00 0.00 0.00 0.00 0.00 0.00 0.00 0.00 0.02 0.11 0.33 0.65 0.90 0.95 0.85 0.74 0.61 0.43 0.23 0.12 0.11 0.13 0.13 0.08 0.03 0.08 0.30 0.67 0.99 1.06 0.87 0.55 0.26 0.08 0.02 0.00 0.00 0.00 0.00 0.00 0.01 0.01 0.03 0.03 0.03 0.03 0.03 0.04 0.06 0.09 0.11 0.13 0.15 0.16 0.18 0.20 0.23 0.23 0.21 0.18 0.15 0.13 0.12 0.11 0.10 0.07 0.05 0.03 0.02 0.01 0.00 0.00 0.00 0.00 0.00
0.00 0.00 0.00 0.00 0.00 0.00 0.00 0.00 0.00 0.00 0.00 0.01 0.05 0.20 0.49 0.80 0.92 0.78 0.55 0.40 0.30 0.18 0.07 0.03 0.03 0.05 0.05 0.03 0.03 0.13 0.40 0.74 0.92 0.83 0.59 0.35 0.17 0.05 0.01 0.00 0.00 0.00 0.00 0.00 0.01 0.03 0.05 0.05 0.05 0.04 0.04 0.05 0.07 0.10 0.12 0.14 0.16 0.17 0.19 0.21 0.22 0.21 0.18 0.15 0.12 0.10 0.08 0.08 0.06 0.05 0.03 0.01 0.01 0.00 0.00 0.00 0.00 0.00 0.00
0.00 0.00 0.00 0.00 0.00 0.00 0.00 0.00 0.00 0.00 0.00 0.02 0.10 0.31 0.63 0.88 0.85 0.59 0.33 0.20 0.13 0.07 0.02 0.00 0.00 0.01 0.01 0.01 0.04 0.19 0.48 0.76 0.79 0.57 0.32 0.17 0.08 0.03 0.00 0.00 0.00 0.00 0.00 0.01 0.03 0.05 0.07 0.07 0.06 0.05 0.05 0.07 0.09 0.11 0.13 0.15 0.16 0.18 0.20 0.21 0.20 0.18 0.14 0.11 0.08 0.07 0.06 0.05 0.04 0.02 0.01 0.00 0.00 0.00 0.00 0.00 0.00 0.00 0.00
0.00 0.00 0.00 0.00 0.00 0.00 0.00 0.00 0.00 0.00 0.01 0.06 0.19 0.43 0.72 0.89 0.77 0.47 0.23 0.13 0.08 0.04 0.01 0.00 0.00 0.00 0.00 0.01 0.07 0.25 0.51 0.66 0.57 0.33 0.14 0.05 0.02 0.01 0.00 0.00 0.00 0.00 0.01 0.02 0.04 0.06 0.08 0.08 0.06 0.06 0.06 0.08 0.10 0.12 0.14 0.16 0.17 0.18 0.20 0.20 0.18 0.15 0.11 0.08 0.06 0.05 0.04 0.03 0.02 0.01 0.00 0.00 0.00 0.00 0.00 0.00 0.00 0.00 0.00
0.00 0.00 0.00 0.00 0.00 0.00 0.00 0.00 0.00 0.01 0.05 0.15 0.31 0.53 0.75 0.86 0.72 0.45 0.25 0.18 0.12 0.05 0.01 0.00 0.00 0.00 0.00 0.02 0.09 0.27 0.46 0.49 0.35 0.16 0.05 0.01 0.00 0.00 0.00 0.00 0.00 0.01 0.02 0.03 0.06 0.07 0.08 0.08 0.07 0.06 0.08 0.10 0.13 0.14 0.15 0.17 0.18 0.18 0.18 0.17 0.15 0.12 0.08 0.06 0.04 0.03 0.02 0.02 0.01 0.00 0.00 0.00 0.00 0.00 0.00 0.00 0.00 0.00 0.00
0.00 0.00 0.00 0.00 0.00 0.00 0.00 0.00 0.01 0.04 0.11 0.25 0.41 0.56 0.71 0.80 0.71 0.50 0.36 0.31 0.22 0.10 0.03 0.00 0.00 0.00 0.00 0.02 0.09 0.22 0.33 0.30 0.17 0.06 0.01 0.00 0.00 0.00 0.00 0.00 0.00 0.01 0.02 0.04 0.06 0.07 0.08 0.07 0.07 0.07 0.09 0.12 0.15 0.16 0.17 0.17 0.17 0.17 0.16 0.14 0.11 0.08 0.06 0.04 0.03 0.02 0.01 0.01 0.00 0.00 0.00 0.00 0.00 0.00 0.00 0.00 0.00 0.00 0.00
0.00 0.00 0.00 0.00 0.00 0.00 0.00 0.00 0.02 0.08 0.19 0.32 0.42 0.50 0.62 0.73 0.74 0.65 0.57 0.52 0.39 0.20 0.06 0.01 0.00 0.00 0.00 0.02 0.07 0.15 0.18 0.14 0.07 0.02 0.00 0.00 0.00 0.00 0.00 0.00 0.00 0.01 0.02 0.04 0.05 0.06 0.07 0.07 0.07 0.08 0.10 0.13 0.15 0.16 0.17 0.16 0.16 0.14 0.12 0.09 0.07 0.05 0.03 0.02 0.01 0.01 0.00 0.00 0.00 0.00 0.00 0.00 0.00 0.00 0.00 0.00 0.00 0.00 0.00
0.00 0.00 0.00 0.00 0.00 0.00 0.00 0.01 0.04 0.13 0.23 0.32 0.36 0.40 0.53 0.71 0.85 0.88 0.86 0.77 0.57 0.30 0.10 0.01 0.00 0.00 0.00 0.03 0.09 0.16 0.16 0.11 0.05 0.01 0.00 0.00 0.00 0.00 0.00 0.00 0.00 0.01 0.02 0.03 0.04 0.04 0.05 0.06 0.07 0.08 0.10 0.12 0.14 0.15 0.14 0.14 0.13 0.10 0.08 0.05 0.04 0.02 0.02 0.01 0.01 0.00 0.00 0.00 0.00 0.00 0.00 0.00 0.00 0.00 0.00 0.00 0.00 0.00 0.00
0.00 0.00 0.00 0.00 0.00 0.00 0.00 0.02 0.07 0.16 0.25 0.30 0.32 0.37 0.52 0.74 0.96 1.06 1.05 0.92 0.65 0.33 0.10 0.01 0.00 0.00 0.01 0.06 0.18 0.30 0.32 0.22 0.10 0.03 0.00 0.00 0.00 0.00 0.00 0.00 0.00 0.00 0.01 0.01 0.02 0.02 0.03 0.04 0.06 0.08 0.09 0.11 0.12 0.12 0.11 0.10 0.09 0.07 0.04 0.03 0.01 0.01 0.01 0.00 0.00 0.00 0.00 0.00 0.00 0.00 0.00 0.00 0.00 0.00 0.00 0.00 0.00 0.00 0.00
0.00 0.00 0.00 0.00 0.00 0.00 0.00 0.03 0.09 0.19 0.29 0.37 0.43 0.51 0.65 0.85 1.03 1.09 1.02 0.84 0.55 0.26 0.08 0.01 0.00 0.00 0.01 0.09 0.27 0.49 0.55 0.40 0.18 0.05 0.01 0.00 0.00 0.00 0.00 0.00 0.00 0.00 0.00 0.00 0.01 0.01 0.02 0.03 0.04 0.06 0.08 0.09 0.09 0.08 0.08 0.06 0.05 0.04 0.02 0.01 0.00 0.00 0.00 0.00 0.00 0.00 0.00 0.00 0.00 0.00 0.00 0.00 0.00 0.00 0.00 0.00 0.00 0.00 0.00
0.00 0.00 0.00 0.00 0.00 0.00 0.01 0.04 0.12 0.25 0.41 0.59 0.72 0.81 0.92 1.05 1.09 1.01 0.84 0.61 0.36 0.15 0.04 0.01 0.00 0.00 0.01 0.08 0.29 0.57 0.68 0.51 0.24 0.06 0.01 0.00 0.00 0.00 0.00 0.00 0.00 0.00 0.00 0.00 0.00 0.00 0.01 0.01 0.03 0.04 0.05 0.06 0.06 0.05 0.04 0.03 0.02 0.01 0.01 0.00 0.00 0.00 0.00 0.00 0.00 0.00 0.00 0.00 0.00 0.00 0.00 0.00 0.00 0.00 0.00 0.00 0.00 0.00 0.00
0.00 0.00 0.00 0.00 0.00 0.02 0.05 0.12 0.20 0.36 0.63 0.93 1.11 1.17 1.21 1.22 1.13 0.90 0.62 0.37 0.18 0.06 0.01 0.00 0.00 0.00 0.01 0.06 0.22 0.47 0.60 0.48 0.23 0.06 0.01 0.00 0.00 0.00 0.00 0.00 0.00 0.00 0.00 0.00 0.00 0.00 0.00 0.01 0.01 0.02 0.03 0.03 0.03 0.03 0.02 0.01 0.01 0.00 0.00 0.00 0.00 0.00 0.00 0.00 0.00 0.00 0.00 0.00 0.00 0.00 0.00 0.00 0.00 0.00 0.00 0.00 0.00 0.00 0.00
0.00 0.00 0.00 0.00 0.02 0.07 0.19 0.34 0.48 0.67 0.99 1.33 1.48 1.44 1.35 1.25 1.06 0.76 0.44 0.20 0.07 0.02 0.00 0.00 0.00 0.00 0.00 0.03 0.12 0.28 0.39 0.32 0.16 0.04 0.00 0.00 0.00 0.00 0.00 0.00 0.00 0.00 0.00 0.00 0.00 0.00 0.00 0.00 0.00 0.01 0.01 0.01 0.02 0.01 0.01 0.01 0.00 0.00 0.00 0.00 0.00 0.00 0.00 0.00 0.00 0.00 0.00 0.00 0.00 0.00 0.00 0.00 0.00 0.00 0.00 0.00 0.00 0.00 0.00
0.00 0.00 0.00 0.01 0.04 0.17 0.41 0.69 0.93 1.15 1.45 1.71 1.73 1.56 1.35 1.15 0.88 0.57 0.28 0.10 0.02 0.00 0.00 0.00 0.00 0.00 0.00 0.01 0.05 0.12 0.18 0.16 0.08 0.02 0.00 0.00 0.00 0.00 0.00 0.00 0.00 0.00 0.00 0.00 0.00 0.00 0.00 0.00 0.00 0.00 0.00 0.00 0.00 0.00 0.00 0.00 0.00 0.00 0.00 0.00 0.00 0.00 0.00 0.00 0.00 0.00 0.00 0.00 0.00 0.00 0.00 0.00 0.00 0.00 0.00 0.00 0.00 0.00 0.00
0.00 0.00 0.00 0.03 0.09 0.27 0.59 0.95 1.27 1.55 1.83 1.99 1.88 1.60 1.30 0.99 0.67 0.37 0.15 0.04 0.01 0.00 0.00 0.00 0.00 0.00 0.00 0.00 0.01 0.04 0.05 0.05 0.03 0.01 0.00 0.00 0.00 0.00 0.00 0.00 0.00 0.00 0.00 0.00 0.00 0.00 0.00 0.00 0.00 0.00 0.00 0.00 0.00 0.00 0.00 0.00 0.00 0.00 0.00 0.00 0.00 0.00 0.00 0.00 0.00 0.00 0.00 0.00 0.00 0.00 0.00 0.00 0.00 0.00 0.00 0.00 0.00 0.00 0.00
0.00 0.00 0.00 0.00 0.00 0.00 0.00 0.00 0.00 0.00 0.00 0.00 0.00 0.00 0.00 0.00 0.00 0.00 0.00 0.00 0.00 0.00 0.00 0.00 0.00 0.00 0.00 0.00 0.00 0.00 0.00 0.00 0.00 0.00 0.00 0.00 0.00 0.00 0.00 0.00 0.00 0.00 0.00 0.00 0.00 0.00 0.00 0.00 0.00 0.00 0.00 0.00 0.00 0.00 0.00 0.00 0.00 0.00 0.00 0.00 0.00 0.00 0.00 0.00 0.00 0.00 0.00 0.00 0.00 0.00 0.00 0.00 0.00 0.00 0.00 0.00 0.00 0.00 0.00
0.00 0.00 0.00 0.00 0.00 0.00 0.00 0.00 0.00 0.00 0.00 0.00 0.00 0.00 0.00 0.00 0.00 0.00 0.00 0.00 0.00 0.00 0.00 0.00 0.00 0.00 0.00 0.00 0.00 0.00 0.00 0.00 0.00 0.00 0.00 0.00 0.00 0.00 0.00 0.00 0.00 0.00 0.00 0.00 0.00 0.00 0.00 0.00 0.00 0.00 0.00 0.00 0.00 0.00 0.00 0.00 0.00 0.00 0.00 0.00 0.00 0.00 0.00 0.00 0.00 0.00 0.00 0.00 0.00 0.00 0.00 0.00 0.00 0.00 0.00 0.00 0.00 0.00 0.00
0.00 0.00 0.00 0.00 0.00 0.00 0.00 0.00 0.00 0.00 0.00 0.00 0.00 0.00 0.00 0.00 0.00 0.00 0.00 0.00 0.00 0.00 0.00 0.00 0.00 0.00 0.00 0.00 0.00 0.00 0.00 0.00 0.00 0.00 0.00 0.00 0.00 0.00 0.00 0.00 0.00 0.00 0.00 0.00 0.00 0.00 0.00 0.00 0.00 0.00 0.00 0.00 0.00 0.00 0.00 0.00 0.00 0.00 0.00 0.00 0.00 0.00 0.00 0.00 0.00 0.00 0.00 0.00 0.00 0.00 0.00 0.00 0.00 0.00 0.00 0.00 0.00 0.00 0.00
