---
Thermal Updraft Velocity (W*) [cm/sec] Valid 1600 NZST ~Z75~(0400Z)~Z~ MON 5 Jan 2026 ~Z75~[52hrFcst@2110z]~Z~
Model= RASP Region= NZ Grid= d1 Reskm= 6.0 Indexs= 1 79 1 99 Proj= lambert 6000 6000 -35.0000 -42.0000 176.0000 -38.5000 176.0000
Day= 2026 1 5 MON ValidLST= 1600 NZST ValidZ= 400 Fcst= 52.0 Init= 46 Param= wstar Unit= cm/sec Mult= 1 Min= 0 Max= 232
23 32 0 0 60 169 137 134 148 86 94 165 143 150 28 0 0 0 0 0 0 0 0 161 130 140 139 124 115 145 136 148 171 187 144 135 134 120 117 118 0 0 14 32 33 30 28 28 28 29 31 35 40 44 48 51 55 59 61 65 67 69 69 70 72 74 75 77 79 81 82 83 84 84 84 85 85 85 85
25 35 31 13 90 60 60 167 64 158 90 60 148 141 152 5 0 0 0 0 0 0 0 0 131 129 128 127 127 133 143 167 185 176 158 146 135 123 116 118 0 0 30 36 33 28 25 25 28 29 32 36 41 45 49 52 56 60 62 66 69 70 71 71 73 75 76 77 79 81 82 84 84 84 84 84 84 85 85
28 38 39 37 36 37 38 59 160 69 66 59 63 160 44 7 13 13 13 19 25 28 0 0 140 137 132 132 124 125 132 146 165 78 149 166 153 138 126 127 127 0 26 32 30 26 25 27 28 31 33 38 43 47 51 54 58 61 64 67 71 72 72 73 74 76 77 78 79 81 82 83 83 84 84 84 84 84 85
25 34 36 35 34 37 39 59 56 64 73 51 37 40 27 19 21 22 22 27 30 33 31 17 0 138 133 127 121 116 108 104 120 133 168 169 161 152 134 125 119 0 0 19 19 26 27 31 32 34 37 43 47 51 54 58 61 63 66 68 71 74 74 75 75 76 78 78 79 80 81 81 82 82 82 83 84 84 85
20 28 30 31 29 31 35 53 55 44 34 27 33 31 24 19 21 24 25 30 33 35 36 37 43 131 133 126 123 115 108 96 99 118 151 154 147 147 149 111 110 111 0 15 0 27 29 32 34 36 40 46 50 53 56 59 62 64 67 69 71 73 76 76 76 76 78 79 80 80 80 81 81 81 81 82 84 84 84
14 22 24 26 26 29 32 35 59 165 35 32 35 29 19 6 13 17 19 27 32 35 36 44 48 51 131 131 129 127 111 110 98 112 145 145 143 141 141 141 116 113 115 0 0 23 26 30 32 35 38 43 47 52 56 59 61 64 66 69 71 72 74 76 76 76 76 78 80 80 80 81 81 81 81 81 83 84 84
9 16 19 22 24 26 28 31 50 171 51 37 31 19 5 2 8 13 16 25 31 36 38 41 50 45 132 134 131 123 111 100 96 97 120 136 139 139 140 137 134 119 118 0 24 23 23 29 32 34 38 43 47 51 56 59 62 64 67 69 71 72 73 74 76 76 76 77 79 80 80 80 80 80 80 81 82 83 84
0 7 15 19 23 25 25 25 26 41 43 25 15 6 0 0 0 5 8 21 29 35 39 42 44 45 44 133 133 125 119 108 98 101 116 132 137 138 136 136 142 123 120 0 28 26 17 28 31 33 37 42 46 50 55 59 62 65 67 69 71 72 73 73 74 76 76 76 77 80 80 80 80 80 80 80 82 83 84
13 18 21 24 27 28 27 25 24 21 21 15 6 0 0 0 0 0 5 19 27 33 38 41 44 45 44 130 134 137 139 128 124 112 119 131 135 135 138 138 140 149 126 125 0 30 18 24 29 33 36 42 46 50 54 59 62 65 67 69 71 72 72 73 73 76 76 76 77 79 80 80 80 80 80 80 81 82 83
26 27 28 30 34 33 32 29 25 22 20 13 0 0 0 0 0 0 0 16 25 31 36 41 44 46 43 44 129 144 153 145 137 115 123 131 132 133 135 135 138 155 139 134 128 0 26 21 28 33 36 41 46 50 54 59 62 65 67 69 70 71 72 72 73 75 76 76 76 78 80 80 80 80 79 80 81 81 83
34 35 35 37 39 39 36 32 29 24 16 3 0 0 0 0 0 0 0 14 22 29 35 39 43 46 44 43 133 147 154 149 129 117 117 129 132 134 136 137 140 158 112 136 129 0 0 28 26 32 36 41 46 50 55 59 62 65 67 69 70 71 72 72 73 74 76 75 76 77 79 79 79 79 79 79 80 81 82
41 40 41 41 43 41 38 35 31 26 17 5 0 0 0 0 0 0 0 9 21 26 33 38 42 45 44 42 137 142 143 140 132 123 123 120 132 135 138 141 143 157 111 99 135 111 0 0 31 28 36 41 46 50 55 59 62 64 67 68 70 71 72 72 73 75 75 75 75 76 77 79 79 79 79 79 79 80 81
43 42 42 42 42 40 38 35 32 26 18 3 0 0 0 0 0 0 0 5 16 24 31 37 41 44 43 42 50 136 133 134 135 131 127 127 131 135 140 145 150 172 114 99 98 113 112 0 0 25 35 41 45 50 55 59 62 64 66 68 70 71 72 73 73 74 75 75 75 75 76 77 79 79 79 78 79 79 81
38 37 37 36 37 36 35 33 30 26 20 10 0 0 0 0 0 0 0 6 17 24 32 37 41 44 44 42 49 131 132 135 138 140 138 132 123 133 140 151 159 162 119 55 48 49 68 96 0 32 31 41 46 50 54 59 62 64 66 68 70 71 72 73 73 74 75 74 74 75 75 76 78 79 78 78 78 79 81
27 26 28 28 27 28 31 31 30 27 22 17 6 0 0 0 0 0 0 10 20 26 34 38 42 44 44 43 48 128 128 135 140 142 142 138 125 124 134 156 167 160 173 45 30 45 64 95 0 0 24 42 47 49 53 57 61 64 66 68 70 71 72 72 73 74 74 74 74 74 75 75 77 79 78 78 78 79 81
0 0 0 5 10 19 26 28 29 28 25 21 16 3 0 0 0 0 3 12 21 28 34 38 42 44 44 43 50 129 133 135 141 143 145 145 143 133 138 161 174 175 185 40 36 83 124 120 121 0 32 43 48 49 52 56 61 63 65 68 69 70 71 72 72 73 74 74 74 74 74 75 76 77 78 78 78 78 80
0 0 0 0 0 9 22 27 28 28 26 24 19 11 0 0 0 0 6 17 24 29 34 39 42 44 44 43 49 134 135 136 143 146 148 149 153 152 155 154 170 173 191 51 89 93 36 126 126 0 40 48 47 48 52 56 61 63 66 67 69 70 71 71 71 72 74 73 73 74 74 74 75 76 78 77 77 78 80
0 0 0 0 0 5 18 25 27 27 26 23 21 17 12 7 6 8 14 23 28 32 36 41 44 47 44 44 148 143 140 140 147 149 151 154 161 164 167 159 163 188 167 26 96 9 0 144 133 133 0 50 48 47 52 57 61 63 65 67 69 70 70 71 71 72 73 73 73 73 74 74 75 75 76 77 77 77 79
0 0 0 0 0 4 16 22 25 25 24 23 22 20 18 17 17 16 18 26 30 34 40 45 49 53 51 50 146 143 140 140 147 148 149 146 163 168 176 157 154 170 0 0 0 0 0 163 141 138 143 27 51 47 53 57 61 63 65 67 69 70 70 71 71 71 72 73 73 73 74 74 74 74 75 75 77 77 79
0 0 0 0 0 6 13 19 22 22 22 22 22 22 21 21 19 19 22 28 32 36 43 49 54 58 57 63 142 140 138 139 145 145 148 155 163 171 172 159 147 67 0 95 92 71 108 144 168 141 141 152 40 47 55 57 60 63 65 67 68 70 70 71 71 71 72 72 73 74 74 74 74 74 74 74 77 77 78
0 0 0 0 0 3 10 16 20 19 19 22 23 24 25 24 23 22 24 30 34 38 45 52 58 63 68 145 142 141 137 137 142 143 148 157 164 166 164 161 157 32 0 0 155 165 185 190 192 158 144 151 48 48 54 57 60 63 65 67 68 69 70 70 71 71 71 71 72 73 74 74 74 74 73 73 75 77 78
5 0 0 0 0 8 15 18 19 19 20 21 23 25 27 26 25 24 25 31 36 39 48 56 62 68 146 146 145 146 139 135 138 141 149 158 164 158 154 157 148 48 0 0 152 163 183 170 184 176 153 154 48 50 53 58 60 63 65 67 68 69 69 70 70 70 71 71 71 73 73 74 74 73 73 73 74 76 78
16 11 0 0 16 20 21 23 24 25 25 26 27 28 30 28 25 23 24 30 36 39 49 55 65 164 139 142 146 148 144 136 134 139 152 163 164 152 147 146 139 89 14 66 143 158 177 173 168 177 165 154 58 51 50 57 61 64 65 67 68 69 69 69 70 70 70 70 71 73 73 73 73 73 73 73 74 75 78
19 17 15 15 21 24 24 26 27 28 29 30 31 31 32 31 27 20 21 30 35 33 38 54 132 124 130 134 142 148 143 134 129 137 153 165 161 147 140 136 125 69 26 36 133 151 162 158 167 166 161 146 148 64 50 57 62 64 66 67 68 68 69 69 69 69 69 69 70 72 72 73 73 73 72 73 73 74 77
23 21 20 20 24 26 27 29 30 31 32 33 33 33 34 33 30 25 18 0 33 131 135 132 130 125 125 132 143 146 137 128 126 138 155 163 156 141 137 146 162 69 44 46 81 137 162 157 162 166 162 148 146 66 52 57 63 64 66 67 68 68 69 69 69 69 69 69 70 71 72 72 72 72 72 72 73 74 76
26 25 24 24 27 29 30 31 32 34 35 36 35 35 35 35 35 29 131 139 145 142 139 133 128 127 133 143 146 137 127 123 132 148 160 155 149 138 141 151 146 111 81 120 130 147 161 156 160 167 161 150 151 160 62 60 63 64 66 67 68 68 68 68 68 68 68 69 69 71 71 71 71 72 72 72 73 74 75
28 28 28 28 30 32 33 34 34 35 36 37 36 36 36 35 39 129 131 134 136 138 135 131 127 130 142 153 141 124 117 122 141 161 159 150 145 144 149 155 168 166 73 125 134 146 154 147 158 164 158 154 155 164 72 60 62 64 66 67 68 68 68 68 68 68 68 68 69 70 70 70 71 71 71 72 73 73 75
31 31 31 32 33 35 35 36 36 35 36 36 36 37 34 37 124 122 130 132 132 132 130 130 132 136 143 142 131 119 120 138 166 174 157 147 125 116 159 163 180 176 61 100 149 143 152 152 151 154 153 154 158 166 70 64 61 62 64 65 68 68 68 68 68 68 68 68 68 70 70 69 70 70 70 71 72 74 75
33 34 34 35 36 37 37 38 37 37 36 35 34 15 30 129 127 126 128 130 129 125 126 131 135 136 131 126 122 125 137 118 100 107 110 80 90 112 146 177 188 182 69 121 128 140 148 143 144 144 144 169 133 66 64 60 61 63 64 65 65 67 68 68 67 67 67 67 68 69 69 69 69 69 70 70 72 73 74
35 36 37 38 38 38 38 39 38 40 37 32 134 138 142 127 130 127 127 129 127 124 127 136 133 127 119 119 125 146 145 174 153 160 81 73 85 0 68 141 180 106 160 134 125 130 137 134 133 133 94 99 87 56 56 57 59 61 62 65 65 66 66 67 67 66 66 66 68 68 68 68 68 69 69 69 71 73 74
37 38 39 39 40 40 40 39 40 48 136 129 130 124 128 137 135 129 129 131 130 130 134 136 127 117 115 127 119 112 115 122 109 124 68 93 139 0 0 92 177 118 143 154 140 127 131 131 129 125 56 66 54 53 55 57 59 61 62 63 65 66 65 64 64 65 65 66 67 68 67 67 67 68 68 69 71 72 74
38 39 40 41 42 42 43 43 58 133 131 128 126 126 125 127 133 131 133 134 132 133 135 132 124 115 124 135 98 83 109 104 74 166 166 128 69 0 43 81 106 156 120 151 136 126 128 127 127 64 40 80 52 52 53 55 57 60 62 63 64 65 65 64 63 64 65 65 65 68 67 67 67 67 68 68 70 72 74
39 40 41 42 43 45 46 72 132 133 129 121 116 117 117 119 130 135 137 136 133 135 134 130 126 138 148 177 188 113 85 91 138 154 143 99 80 73 46 77 77 173 79 135 72 90 129 115 97 42 29 84 50 49 50 52 55 57 59 61 63 64 64 65 63 63 65 65 64 66 67 66 66 67 67 68 69 71 73
40 41 42 43 45 48 49 77 127 130 120 112 117 132 117 118 127 143 138 140 141 140 138 134 133 157 85 128 173 165 83 135 121 150 93 76 59 64 37 52 139 163 169 20 20 50 101 66 62 17 38 130 58 46 46 48 51 53 55 57 59 62 63 63 63 64 66 64 64 64 66 66 66 66 67 67 69 71 73
41 42 43 44 47 50 52 131 131 129 110 128 119 149 144 143 87 111 145 140 134 135 133 134 145 108 176 171 168 154 83 85 64 64 58 51 38 47 54 72 103 63 114 48 38 19 36 26 44 59 77 121 136 56 43 45 48 50 52 54 56 57 58 58 59 62 64 65 63 63 63 64 66 66 66 66 68 70 72
41 42 43 45 49 52 55 67 125 127 112 127 151 150 145 143 144 146 145 139 141 139 137 128 148 160 160 160 155 153 116 88 69 87 97 61 48 55 49 60 97 127 134 52 44 50 54 32 86 127 85 102 70 50 51 44 47 49 50 52 55 56 57 56 53 52 66 71 62 63 62 63 64 66 66 66 67 69 71
42 43 44 46 49 52 55 57 120 126 115 108 107 129 130 121 121 122 128 136 141 147 148 150 149 152 156 159 152 151 150 128 125 160 88 52 94 50 63 130 80 55 37 41 41 18 29 60 131 112 124 114 103 81 54 45 43 45 47 48 51 54 57 58 56 56 135 75 63 62 63 63 63 65 65 65 66 68 70
42 43 45 46 49 52 54 57 54 57 116 109 105 99 105 110 118 122 123 129 136 139 142 141 151 143 148 155 151 153 151 174 181 166 115 53 62 116 164 68 36 44 43 60 133 47 0 0 74 97 111 110 108 107 107 101 45 31 36 32 36 42 49 55 60 55 145 142 63 62 63 63 63 64 65 65 66 67 70
42 44 45 47 49 52 54 56 55 54 49 110 105 105 109 113 120 124 126 126 129 132 135 138 138 141 146 153 159 165 159 168 176 183 164 124 111 156 171 127 48 40 79 63 41 48 34 71 144 127 126 124 105 106 107 110 103 92 0 0 0 0 0 0 0 56 139 69 62 63 63 64 64 63 64 64 65 67 69
43 44 46 47 49 51 53 54 55 55 54 54 52 104 109 111 122 124 124 123 122 127 135 135 136 137 149 154 164 174 168 169 172 175 162 172 164 133 157 116 135 49 34 31 73 130 158 154 153 128 124 118 121 124 110 108 107 108 108 82 40 0 137 130 124 130 75 64 61 63 63 64 64 64 63 64 65 66 68
43 45 46 48 50 52 53 55 56 57 57 58 58 58 58 56 61 117 121 123 123 129 131 132 129 137 152 151 154 159 158 159 162 159 148 160 158 163 158 177 133 109 116 70 64 173 66 37 20 66 119 23 128 128 114 113 106 122 68 109 0 143 136 127 128 126 133 73 60 63 63 64 64 64 65 66 66 67 68
43 45 47 48 51 52 54 56 58 60 60 61 62 62 62 60 60 116 124 126 130 134 133 128 130 141 149 160 148 150 151 156 154 155 149 148 13 150 158 177 86 89 165 167 164 176 128 63 0 115 122 66 0 0 110 113 109 135 132 139 138 150 136 125 124 121 130 75 60 63 63 64 65 65 66 67 67 67 68
44 45 47 49 51 53 55 57 59 62 63 64 64 64 64 64 63 69 124 128 132 135 129 127 129 140 149 153 157 147 150 156 156 157 149 151 0 45 85 164 158 156 144 161 169 111 164 0 161 29 11 0 0 0 0 146 146 144 140 138 142 156 144 124 124 121 146 68 58 61 63 64 65 66 67 69 68 68 68
44 46 48 49 51 54 55 57 61 64 66 66 66 66 65 65 64 64 73 130 131 132 127 125 127 135 144 150 147 138 144 151 155 169 158 104 0 42 53 26 157 156 160 164 169 38 0 0 0 0 16 24 58 0 34 145 142 133 116 142 143 141 142 123 139 132 137 66 58 60 63 64 65 66 68 70 69 69 69
45 47 48 50 52 53 55 58 62 65 68 69 68 67 66 66 66 67 74 130 130 130 129 124 126 126 135 139 144 139 146 153 170 167 160 57 0 40 0 13 163 163 162 165 165 143 154 164 0 0 98 150 147 67 67 67 27 0 70 140 157 142 130 119 130 136 132 60 57 61 64 64 65 66 68 71 70 69 69
46 48 49 50 52 54 56 58 62 66 68 69 69 68 66 67 68 67 67 135 129 128 128 126 126 130 137 142 143 134 163 172 172 166 153 158 24 35 46 43 167 165 156 158 131 129 143 62 0 135 140 148 0 144 139 144 58 0 70 123 149 143 134 127 128 131 120 38 41 60 67 64 64 65 67 70 69 68 68
48 49 50 51 53 54 56 58 62 65 67 68 68 67 67 67 67 66 67 131 129 127 125 127 129 132 135 141 140 144 152 173 174 166 158 133 32 155 155 154 68 33 26 0 145 151 145 46 0 58 132 142 137 140 146 139 142 141 28 0 87 154 143 135 132 148 154 155 146 139 69 69 66 65 66 68 68 68 68
49 50 51 52 53 55 56 58 61 64 66 67 67 66 66 66 66 66 66 75 127 125 119 122 125 127 137 135 142 147 149 172 175 170 149 0 0 126 142 149 153 0 0 152 156 149 138 157 114 153 134 148 128 139 142 136 137 126 133 69 63 109 144 109 118 148 147 50 147 145 144 70 67 66 66 67 67 67 68
50 51 51 52 54 55 57 58 60 62 64 65 65 65 65 65 66 66 66 74 129 123 122 116 122 126 134 137 141 146 153 176 159 179 177 115 0 0 51 152 160 0 45 0 127 0 0 134 0 135 139 129 23 114 128 123 117 57 18 40 124 125 77 54 0 0 50 144 146 148 149 157 74 67 67 66 67 67 67
50 51 52 53 54 56 57 58 60 61 63 63 64 64 64 65 65 66 65 66 131 120 118 112 119 123 132 142 147 149 156 159 162 177 171 144 138 142 153 127 172 163 0 0 34 0 96 149 0 125 144 144 0 61 110 99 57 21 11 18 112 99 19 10 22 117 117 144 149 118 124 139 78 74 66 66 66 66 67
51 51 52 53 54 56 57 58 59 60 61 62 63 63 63 64 64 65 64 66 133 122 121 122 132 136 142 149 155 150 150 89 178 170 140 138 138 149 145 167 166 162 153 41 123 0 0 0 113 141 140 144 124 6 0 9 39 71 14 57 97 51 15 13 16 22 140 152 151 161 144 150 145 73 66 66 66 66 67
51 51 52 53 55 56 57 58 59 60 60 61 61 62 63 63 64 65 64 73 132 122 128 129 136 150 155 164 159 0 139 119 131 123 0 68 164 170 145 152 124 157 135 151 157 159 153 151 147 141 143 149 151 156 115 91 127 97 115 125 43 28 18 21 30 31 143 150 147 144 149 149 143 72 66 65 66 66 66
50 51 52 53 54 56 57 58 58 59 59 59 60 60 61 61 62 63 64 66 68 129 134 132 131 138 154 100 0 43 62 0 131 126 116 127 29 130 0 20 93 121 115 145 153 121 140 0 122 142 148 150 152 155 158 144 162 155 155 155 137 119 89 70 12 35 133 133 142 143 145 144 139 72 64 65 66 66 66
50 51 52 53 54 56 57 57 58 58 58 58 59 59 60 60 61 62 63 64 72 132 128 129 132 133 120 30 20 18 31 131 65 130 155 132 156 89 110 89 38 31 55 96 83 52 125 138 137 131 152 152 153 155 117 149 156 157 156 155 152 153 141 123 78 148 62 97 118 106 119 159 142 73 64 63 66 66 65
50 51 52 53 54 56 56 57 57 57 57 57 58 58 59 60 60 61 62 63 74 130 126 133 150 137 121 50 16 17 30 87 139 132 133 143 146 146 175 173 66 21 33 108 0 63 0 131 140 131 151 152 152 155 123 155 156 156 158 155 157 161 134 63 89 64 153 72 112 88 103 148 138 74 64 63 65 65 64
50 51 51 52 54 55 56 56 56 57 56 56 57 58 58 59 60 61 61 63 73 128 130 140 147 147 117 89 18 14 27 81 139 131 59 92 124 160 176 176 88 51 62 106 62 130 116 65 21 130 152 151 151 154 157 152 155 156 157 159 162 163 165 125 70 112 91 31 67 122 99 142 139 77 71 62 64 65 64
49 50 51 52 53 54 55 56 56 56 55 55 56 57 58 59 60 61 61 63 71 64 51 143 141 137 124 112 103 67 79 119 144 93 18 0 73 117 148 170 128 80 62 25 98 77 140 144 145 148 149 148 148 152 154 149 142 156 157 159 164 161 165 165 124 72 101 49 28 103 109 143 137 132 71 61 64 63 63
49 50 50 51 53 54 54 55 55 55 54 55 55 56 58 59 60 61 61 63 65 61 62 130 133 132 132 124 121 92 97 134 146 61 25 18 46 34 58 78 81 101 27 35 70 115 124 146 146 142 145 148 148 152 151 148 139 142 150 162 167 165 167 171 107 78 90 82 51 48 124 139 135 75 69 59 63 62 62
49 49 50 51 52 53 54 54 54 54 54 54 55 56 57 58 60 61 61 62 64 68 134 131 127 127 135 120 99 178 69 96 128 85 46 60 52 0 47 59 0 77 111 68 89 133 137 134 131 128 128 132 134 136 135 77 138 141 145 152 154 170 164 161 111 107 111 73 75 44 132 138 147 135 71 57 61 61 61
48 49 49 50 52 53 53 54 54 53 53 54 54 55 56 57 59 61 61 62 63 73 137 129 124 123 124 132 121 103 94 79 85 130 111 55 27 31 66 76 80 107 138 129 82 83 139 135 131 128 130 132 133 138 68 60 76 79 80 71 84 156 168 160 134 94 90 66 71 82 74 120 160 142 72 55 59 60 59
48 48 49 50 51 52 53 53 53 53 53 53 54 54 55 56 58 61 62 62 70 141 137 126 119 124 135 142 145 148 142 120 122 131 67 0 27 50 83 87 88 107 127 140 140 128 134 133 135 135 130 132 63 63 61 67 74 79 79 69 59 80 171 169 124 83 79 88 85 131 63 107 165 132 68 60 57 57 57
48 48 49 49 51 52 52 53 53 53 53 53 53 53 54 56 57 60 61 62 70 72 138 133 133 138 139 143 146 145 154 154 164 151 54 30 31 30 48 53 56 80 118 143 133 134 134 134 133 67 70 65 63 62 63 69 74 78 76 69 62 57 81 168 165 86 87 84 66 122 71 79 149 104 101 62 53 53 54
47 48 48 49 51 51 52 52 53 53 53 52 52 53 54 55 58 59 60 61 63 69 61 51 136 133 133 137 205 201 151 163 122 62 39 24 21 17 20 33 49 80 128 145 150 133 132 58 61 63 64 63 64 64 66 71 76 79 75 69 63 58 57 77 166 90 111 94 74 79 91 104 123 166 129 171 74 49 53
47 47 48 49 49 51 51 52 52 53 52 52 52 52 53 55 57 59 60 61 61 62 142 143 136 130 133 138 145 148 151 160 55 26 16 41 49 42 61 78 88 109 136 131 137 53 57 58 59 61 63 62 65 64 67 73 77 80 77 70 65 60 60 62 165 112 119 161 79 124 88 115 136 165 173 165 77 50 52
47 47 47 48 48 50 50 51 52 52 51 51 52 52 54 56 57 58 59 60 60 69 142 145 140 134 135 137 146 148 159 79 20 0 13 63 102 85 111 115 118 175 43 48 52 55 56 58 60 61 62 63 65 65 67 73 76 78 75 70 65 62 63 62 77 134 159 161 107 155 128 144 163 170 154 166 81 53 54
46 46 47 48 48 50 50 50 51 51 51 51 51 52 54 56 57 58 58 59 60 72 140 140 138 137 137 136 143 151 147 34 0 0 52 77 59 58 74 36 40 48 49 49 52 55 57 58 59 61 62 65 65 65 68 71 74 76 74 70 66 62 63 60 59 61 58 83 161 131 152 168 170 162 82 84 54 54 55
46 46 46 48 47 49 49 49 50 51 50 50 51 52 54 56 57 58 57 58 59 144 141 139 141 139 142 139 141 149 103 32 0 0 74 58 23 0 32 38 72 52 52 51 52 54 58 58 59 60 61 64 64 66 69 71 73 74 74 74 67 64 62 58 57 63 63 61 81 164 174 175 174 78 55 53 54 55 56
46 46 46 48 47 49 49 49 49 50 50 50 51 52 53 55 56 57 56 56 66 145 142 141 140 144 146 0 143 150 82 35 0 28 97 52 0 17 0 42 49 52 53 52 52 54 58 59 60 60 62 64 64 67 70 70 70 71 71 71 70 65 63 59 58 60 61 63 61 78 78 78 81 53 51 54 55 55 57
47 47 47 48 47 49 49 49 49 49 50 50 51 52 53 54 55 56 56 54 69 143 142 140 138 0 143 145 150 156 99 36 32 38 74 55 29 29 45 42 51 52 54 53 53 54 58 60 60 60 63 63 65 69 69 69 69 69 71 71 70 66 64 61 60 62 63 64 64 65 65 62 62 56 54 55 56 56 58
47 47 48 49 48 50 49 49 49 49 50 50 51 51 52 53 54 55 55 54 147 148 142 143 140 144 141 0 136 133 94 43 0 58 57 47 20 15 0 50 51 53 55 54 53 54 59 60 62 63 63 63 66 69 69 69 69 69 71 71 69 67 64 62 59 60 64 65 65 66 63 62 61 58 56 56 57 58 59
48 48 48 50 49 51 50 50 50 49 50 50 50 51 51 52 52 53 54 53 144 152 150 155 153 155 156 153 111 80 40 72 88 18 145 32 25 0 51 51 51 54 55 56 54 55 59 62 64 63 63 64 67 68 68 68 68 68 70 69 68 67 63 61 59 63 65 64 64 66 63 62 60 59 58 58 58 59 60
49 49 49 50 49 52 50 50 50 49 49 50 50 50 50 51 51 51 52 60 133 139 151 158 161 156 163 135 64 44 47 68 118 118 133 0 0 16 48 50 53 55 56 56 56 56 59 63 63 63 63 65 67 68 68 67 68 68 68 68 67 66 63 61 63 63 63 63 64 67 63 61 60 59 60 59 59 60 62
49 49 49 51 50 52 50 50 50 49 49 50 50 50 50 51 50 51 58 136 140 154 148 153 158 173 169 187 87 15 47 129 143 147 164 85 83 149 48 52 54 55 56 57 56 58 60 63 63 63 63 65 67 67 68 68 68 67 67 67 67 65 63 60 62 67 67 63 65 67 62 61 59 59 61 60 60 61 63
49 49 49 51 50 52 50 50 50 49 50 50 50 50 50 50 50 50 59 135 142 161 158 163 166 170 172 142 89 7 33 42 136 161 164 107 145 35 51 53 54 55 56 57 57 58 60 63 63 63 64 65 67 68 68 68 67 67 66 66 66 64 62 60 62 67 64 64 66 67 62 61 59 59 61 60 60 62 63
49 49 50 51 50 51 50 50 50 50 50 50 50 50 49 49 49 60 132 136 38 145 174 181 184 149 103 102 0 0 35 39 41 175 86 148 164 143 51 54 54 55 56 56 56 57 60 62 63 63 64 66 67 68 68 68 67 66 65 66 65 63 61 62 61 62 63 65 66 67 63 61 60 60 61 60 61 62 64
49 49 49 51 50 50 50 50 50 50 50 50 49 49 49 49 50 64 131 143 31 31 161 177 187 135 123 135 145 33 40 46 152 141 64 69 95 149 54 54 54 55 56 55 55 57 61 62 63 63 64 66 67 68 69 68 67 65 64 68 63 62 61 62 61 62 64 65 66 66 63 61 60 61 61 61 62 63 64
49 49 49 50 50 50 50 50 50 50 49 49 49 49 49 49 63 134 54 36 29 36 37 232 182 177 135 151 169 43 41 41 178 165 56 58 137 52 53 54 55 57 57 55 55 56 60 61 62 63 64 66 68 69 69 68 66 65 64 64 62 61 61 61 61 63 64 65 66 66 63 61 61 63 62 62 62 63 64
49 49 49 49 50 50 50 51 49 49 49 49 49 49 49 51 59 144 143 38 42 216 229 222 176 168 181 171 48 40 41 41 184 40 52 129 137 55 54 54 55 55 55 55 54 57 59 61 62 63 64 66 67 68 68 67 66 64 63 62 62 60 62 61 62 63 64 65 66 65 63 61 62 63 62 62 63 63 64
48 48 49 48 49 50 49 49 49 49 49 49 49 49 49 50 57 144 174 222 228 220 165 216 144 156 73 35 38 37 46 150 179 69 75 144 167 55 52 53 54 54 55 54 56 57 59 61 62 63 64 65 67 67 67 66 65 63 62 61 61 62 61 61 63 63 64 65 65 65 62 62 63 63 62 62 62 63 64
48 48 48 48 48 49 48 49 49 49 49 49 49 49 49 58 138 159 182 135 153 186 199 48 55 54 75 37 38 38 47 141 171 141 153 154 147 50 49 52 52 53 54 54 55 57 59 61 62 62 63 64 65 66 66 65 64 63 62 61 60 62 62 62 63 63 64 65 65 63 62 63 63 63 62 62 62 62 63
47 47 47 47 48 48 48 49 49 49 49 49 49 49 49 58 147 180 89 126 162 51 56 51 48 163 154 47 39 38 36 48 135 131 157 38 43 44 47 50 51 52 53 54 55 57 60 63 62 62 63 64 64 64 64 64 63 62 61 60 62 62 62 63 63 64 64 65 64 64 64 64 63 63 62 62 62 62 63
46 47 46 47 48 48 49 49 49 48 49 49 49 49 54 142 167 119 130 112 182 59 50 56 49 55 54 50 40 38 36 56 107 174 165 158 45 43 46 47 49 51 53 54 55 58 61 62 62 62 62 63 63 63 63 63 62 61 61 60 63 63 63 63 64 65 65 65 65 65 64 64 63 63 62 62 62 62 62
46 47 46 47 48 48 48 48 47 48 48 49 49 50 55 151 160 86 79 114 107 56 49 48 48 47 46 44 40 38 39 108 170 164 52 150 48 44 46 47 50 52 53 54 56 60 61 62 62 62 62 63 63 63 63 63 62 61 61 61 63 63 64 64 65 65 65 65 65 65 65 64 64 63 62 62 62 62 62
46 46 46 46 48 47 47 48 46 46 46 49 49 53 136 166 70 58 35 30 32 57 52 47 48 47 46 45 42 37 24 164 167 57 40 43 53 45 47 48 52 53 54 56 59 60 61 63 62 62 62 63 62 62 62 62 61 61 61 64 64 65 65 65 65 65 65 65 66 65 65 64 64 63 63 62 62 62 62
45 46 45 46 47 46 47 47 45 45 47 47 53 55 160 88 90 35 32 32 59 59 55 50 47 47 47 45 43 44 76 149 148 54 43 43 45 46 47 49 52 55 57 58 59 61 62 63 62 62 63 63 62 62 62 61 61 61 62 64 65 65 66 66 66 65 65 66 66 66 65 65 64 64 63 63 63 62 62
45 45 45 46 47 46 46 46 44 45 47 49 55 146 99 98 143 41 32 32 59 59 58 54 49 47 47 45 43 55 161 152 63 47 46 44 46 47 49 50 52 55 57 59 60 61 63 63 63 63 63 65 63 62 62 61 61 62 64 65 66 66 66 66 66 66 66 66 67 66 66 65 64 64 63 63 63 62 62
45 45 45 45 47 45 46 43 44 45 46 46 167 109 32 103 123 33 31 53 58 60 60 56 50 47 46 43 42 68 155 65 48 47 46 46 46 48 49 50 52 55 58 60 61 62 63 64 63 64 64 66 66 65 63 62 65 65 65 65 66 67 67 66 66 66 66 67 67 67 66 65 65 64 64 64 63 62 62
45 45 44 43 46 45 44 42 42 45 49 47 108 75 32 76 97 17 27 124 58 61 66 57 50 47 45 41 38 35 43 45 47 46 46 46 46 49 49 50 53 56 58 60 62 63 64 65 64 65 66 66 66 65 65 65 65 65 65 64 66 67 67 67 67 66 67 67 67 67 66 66 65 65 64 64 63 63 62
44 44 43 42 46 43 43 41 42 44 153 159 50 40 25 65 90 44 39 60 190 70 58 53 49 47 44 39 34 27 33 43 51 46 45 46 46 48 50 52 54 57 59 61 62 63 64 65 65 65 66 66 65 65 65 65 65 66 65 64 65 66 67 67 67 67 67 68 68 67 67 66 66 65 65 64 64 63 63
44 44 43 42 45 43 42 40 40 47 33 38 50 46 31 69 140 159 172 182 158 69 54 49 48 47 44 41 33 19 26 67 54 66 45 46 46 47 49 50 52 55 57 58 60 62 64 65 65 65 65 65 65 65 65 65 66 66 66 65 66 67 67 67 67 68 68 68 68 68 67 67 67 66 65 65 64 63 63
43 43 42 42 45 42 41 39 44 53 130 41 69 73 53 50 173 165 160 159 156 64 47 47 55 54 52 41 33 104 100 166 59 45 45 46 47 48 49 51 53 54 56 58 59 60 62 64 65 65 65 65 65 65 65 66 66 66 66 66 66 67 68 68 68 68 68 69 69 69 68 68 67 66 66 65 64 64 64
43 43 43 43 45 40 38 40 36 72 43 37 40 63 56 170 164 161 160 161 61 44 47 46 57 58 53 41 35 94 176 54 63 43 45 46 48 49 50 52 53 54 56 58 59 59 60 62 63 65 65 65 65 65 66 66 67 67 67 68 68 68 68 68 69 69 69 69 69 69 69 69 68 67 67 66 65 64 64
43 44 44 44 45 40 38 36 27 24 36 188 60 137 169 171 166 161 150 64 36 40 44 44 58 58 54 42 40 45 165 171 40 43 45 46 47 49 51 52 53 54 54 55 56 58 59 60 61 62 63 64 65 65 65 66 67 66 66 66 67 68 68 69 69 69 70 70 70 70 70 70 69 68 68 67 66 65 65
44 44 44 45 47 40 40 42 101 46 30 157 131 168 165 165 179 161 55 34 36 37 41 42 42 42 42 42 41 53 157 71 41 42 44 45 46 48 50 51 52 54 55 55 55 55 55 57 58 60 61 62 65 65 66 67 67 68 68 69 69 69 69 70 70 70 70 71 71 71 72 71 70 69 68 67 66 65 65
43 44 44 45 47 42 40 166 159 167 104 138 178 169 162 168 157 159 51 35 34 36 38 40 41 41 41 41 42 61 71 76 41 42 43 45 46 48 50 51 52 53 54 55 55 54 54 53 53 53 53 55 57 59 62 63 65 66 67 68 69 69 70 70 71 71 71 72 73 73 73 72 72 70 69 68 67 67 66
43 44 44 43 42 37 160 168 185 188 185 193 182 180 168 159 149 33 33 33 33 34 36 37 39 39 40 40 40 40 41 40 40 42 43 44 45 47 49 50 52 54 55 56 56 56 56 56 57 57 58 59 60 61 62 63 65 66 68 69 69 70 71 71 71 71 72 72 73 73 72 71 71 70 69 69 68 67 66
45 47 46 42 30 71 67 79 93 103 177 188 182 174 168 157 50 26 30 30 31 34 35 36 38 38 38 39 39 39 39 40 41 42 43 44 46 48 49 51 53 54 56 56 56 56 56 56 56 57 57 58 59 61 62 63 65 67 68 69 70 71 71 72 72 72 73 73 73 73 72 72 71 70 70 69 68 67 67
46 47 45 39 77 62 55 57 62 89 149 173 179 176 176 164 41 0 19 26 29 32 34 35 36 37 37 38 38 39 39 39 40 41 43 44 46 48 50 52 54 55 57 57 57 57 57 57 57 58 59 59 60 62 63 64 66 67 68 69 70 71 72 73 73 73 74 74 74 74 73 73 72 71 70 70 69 68 67
48 46 43 76 171 191 194 210 210 203 164 167 176 184 167 164 56 148 59 0 25 31 33 34 35 36 36 37 37 38 38 39 40 41 43 45 47 49 51 53 55 57 58 59 59 58 58 59 59 60 61 62 63 64 66 67 68 69 69 70 71 72 73 74 74 74 74 74 75 75 74 74 73 72 71 70 69 69 67
