---
OvercastDevelopment Cloudbase (BL CL) [m] Valid 1400 NZST ~Z75~(0200Z)~Z~ MON 5 Jan 2026 ~Z75~[50hrFcst@2110z]~Z~
Model= RASP Region= NZ Grid= d2 Reskm= 2.0 Indexs= 1 69 1 69 Proj= lambert 2000 2000 -35.0000 -42.0000 176.0000 -37.7968 175.7263
Day= 2026 1 5 MON ValidLST= 1400 NZST ValidZ= 200 Fcst= 50.0 Init= 46 Param= zblcl Unit= m Mult= 1 Min= 425 Max= 2010
1481 1145 1176 1221 1219 1193 1086 1071 1072 1102 1121 1147 1155 1154 1148 1155 1165 1564 1589 1621 1623 1676 1714 1722 1720 1745 1703 1643 1565 1489 1426 1364 1755 1696 1662 1642 1638 1667 1712 1782 1825 1826 1833 1433 1456 1451 1429 1414 1789 1714 1687 1678 1699 1736 1779 1813 1847 1870 1902 1878 1842 1812 1799 1786 1807 1847 1897 1951 1538
1505 1181 1219 1245 1216 1184 1082 1058 1058 1102 1121 1139 1127 1120 1104 1477 1481 1501 1541 1572 1623 1667 1692 1712 1730 1757 1693 1623 1576 1501 1416 1340 1729 1681 1659 1652 1657 1685 1733 1800 1849 1862 1446 1505 1501 1494 1462 1436 1779 1707 1661 1650 1671 1716 1788 1844 1897 1494 1524 1520 1466 1425 1853 1845 1849 1861 1873 1904 1944
1481 1182 1198 1228 1213 1164 1070 1037 1043 1089 1104 1106 1095 1079 1448 1426 1430 1449 1481 1534 1593 1635 1666 1693 1720 1751 1694 1609 1541 1469 1378 1755 1711 1678 1668 1672 1701 1729 1773 1826 1421 1440 1471 1526 1516 1509 1480 1448 1801 1727 1689 1678 1677 1718 1792 1876 1504 1539 1574 1569 1524 1493 1480 1477 1471 1462 1890 1904 1922
1412 1487 1144 1168 1181 1137 1062 1409 1018 1051 1054 1044 1384 1352 1353 1369 1388 1407 1437 1495 1562 1608 1624 1656 1688 1708 1653 1583 1517 1437 1804 1738 1702 1673 1681 1715 1748 1343 1393 1412 1423 1455 1485 1519 1508 1492 1485 1472 1404 1780 1725 1709 1737 1739 1788 1470 1570 1577 1592 1588 1561 1551 1556 1579 1566 1540 1500 1493 1507
1384 1455 1495 1160 1166 1143 1066 1018 1372 1014 1001 1005 1289 1236 1302 1330 1370 1372 1391 1472 1528 1571 1577 1601 1639 1651 1589 1561 1509 1416 1786 1732 1681 1672 1688 1316 1337 1432 1505 1448 1853 1484 1550 1518 1487 1480 1475 1593 1461 1814 1739 1769 1428 1815 1785 1559 1258 1597 1641 1645 1614 1589 1606 1670 1645 1599 1545 1527 1537
1397 1445 1480 1155 1174 1128 1091 1399 1352 849 865 1127 1361 1249 1241 1261 1305 1328 1362 1385 1404 1485 1514 1551 1576 1596 1615 1572 1490 1408 1788 1690 1639 1669 1727 1760 1793 1475 1492 1459 1854 1507 1499 1502 1479 1867 1838 1282 1608 1505 1469 1809 1768 1489 1317 1326 1540 1591 1320 1301 1317 1693 1685 1303 1310 1647 1593 1583 1597
1421 1461 1488 1170 1177 1132 1077 1016 979 906 676 906 1062 1305 1254 1255 1315 1326 1354 1360 1289 1340 1452 1472 1421 1519 1560 1527 1479 1382 1734 1670 1664 1725 1327 1385 1434 1471 1451 1397 1831 1449 1446 1484 1569 1526 1506 1507 1897 1918 1763 1727 1764 1269 1381 1389 1302 1357 1356 1400 1424 1404 1377 1319 1330 1295 1640 1665 1303
1452 1487 1510 1199 1194 1141 1096 1020 1345 956 1044 1078 969 1308 1319 1326 1010 1039 1091 1113 1338 1296 1356 1413 1437 1504 1495 1480 1469 1824 1740 1654 1657 1325 1381 1402 1436 1458 1429 1817 1800 1834 1471 1565 1590 1542 1503 1927 1919 1917 1872 1865 1924 1333 1104 1365 1348 1296 1344 1395 1444 1480 1456 1389 1146 1369 1329 1335 1391
1492 1515 1173 1262 1275 1235 1187 1154 1053 1032 1301 1166 1203 1284 987 962 986 1115 1200 1191 1127 1331 1652 1746 1403 1449 1787 1351 1449 1436 1789 1707 1649 1735 1399 1411 1406 1824 1759 1741 1785 1406 1487 1528 1516 1505 1529 1556 1994 1851 1871 1943 1662 1327 1136 1111 1400 1604 1606 1645 1386 1233 1267 1168 1165 1191 1430 1434 1165
1529 1187 1261 1028 1054 1055 973 914 1102 1075 978 1250 1200 982 1033 922 1267 1379 1116 1124 1044 1270 1660 1684 1712 1714 1610 1685 1807 1836 1776 1662 1573 1685 1371 1795 1739 1706 1740 1365 1400 1401 1403 1415 1446 1492 1961 1577 1617 1980 1894 1937 1740 1348 1307 1623 1274 1245 1601 1642 1409 1245 1287 980 1033 1002 1245 1224 1242
1554 1236 1248 1094 1096 1044 974 877 1150 850 829 1089 977 1082 1023 1189 1197 1307 1375 1374 1074 1376 1224 1642 1613 1548 1511 1551 1633 1672 1656 1589 1550 1675 1743 1651 1619 1693 1369 1387 1756 1744 1777 1801 1852 1930 1539 1611 1678 1686 1633 1620 1388 1392 1289 1577 1538 1542 1593 1651 1393 1250 1263 863 1036 1026 1286 1298 1302
1253 1039 1312 1073 1084 978 1202 1141 1122 764 859 969 1279 965 1239 1147 1317 1317 1313 1274 1268 1259 1218 1612 1532 1482 1473 1475 1493 1498 1513 1523 1524 1592 1599 1555 1603 1332 1404 1770 1648 1683 1782 1813 1884 1516 1571 1614 1680 1740 1717 1671 1489 1491 1700 1647 1542 1488 1528 1637 1684 1424 919 1092 994 1023 1047 1063 1063
895 920 1151 1083 1305 1217 1126 1079 1041 744 853 1257 1062 1065 1265 1543 1240 1266 1300 1211 1167 1200 1189 1573 1500 1464 1429 1870 1886 1875 1895 1947 1480 1541 1572 1585 1686 1322 1748 1638 1599 1663 1761 1839 1475 1579 1612 1592 1650 1715 1712 2010 1719 1456 1480 1422 1234 1551 1581 1349 1332 1585 1291 1432 1186 1247 1068 1094 1062
886 890 1076 1006 1266 1138 1094 1044 995 1008 1058 805 797 977 1239 1254 1030 1024 1317 1232 1181 1153 1585 1520 1461 1422 1884 1788 1791 1787 1841 1449 1499 1591 1682 1278 1332 1319 1731 1681 1672 1680 1737 1796 1444 1607 1661 1600 1620 1656 1671 1969 1526 1168 1128 1313 1180 1168 1282 1337 1281 1327 1321 1423 1465 1194 1350 1111 1077
789 1266 1215 1196 1153 1091 1062 1037 999 986 993 1059 1025 1284 1220 1282 991 1070 951 1254 1214 1142 1544 1498 1443 1412 1831 1784 1771 1817 1449 1489 1560 1691 1332 1379 1384 1344 1323 1329 1318 1738 1768 1354 1427 1616 1714 1671 1681 1704 1738 1601 1869 1487 1291 1509 1367 1462 1203 1269 1270 1296 1291 1379 1251 1258 1308 1091 1072
1385 1441 1455 1475 1468 1436 1413 1022 962 952 1042 1088 966 1260 1206 1170 1247 1067 991 1301 1209 1567 1520 1483 1429 1387 1816 1812 1813 1863 1454 1484 1651 1285 1361 1417 1323 1684 1669 1282 1333 1356 1408 1420 1508 1651 1736 1695 1733 1737 1705 1588 1800 1842 1702 1308 1535 1140 1109 1137 1241 1335 1379 1184 1110 1301 1324 1329 1315
1271 1313 1354 1404 1436 1442 1388 1377 1311 939 993 1042 953 1231 1206 1194 1139 1006 1006 1011 1224 1541 1522 1520 1498 1456 1428 1414 1882 1900 1427 1554 1238 1228 1245 1218 1604 1568 1595 1709 1325 1352 1416 1523 1633 1678 1666 1636 1638 1671 1603 1915 1732 1872 1497 1370 1502 821 1000 977 1209 1328 1434 1472 1113 1104 1357 1349 1295
1218 1255 1300 1388 1474 1129 1095 1427 1338 926 989 1132 1035 1341 1283 1252 1220 1286 959 1267 1136 1581 1168 1212 1676 1621 1558 1481 1899 1859 1417 1551 1596 1608 1637 1575 1564 1560 1617 1277 1309 1304 1422 1593 1319 1711 1655 1619 1613 1617 1575 1933 1763 1756 1582 1290 1210 1214 1263 984 1284 1042 1168 1242 1276 1093 1106 1082 1302
1609 1207 1309 1437 1539 1211 1218 1141 1031 1020 1081 667 938 831 943 1306 1292 1258 1148 1119 1202 1221 1218 1251 1267 1672 1586 1552 1458 1418 1461 1563 1177 1185 1625 1226 1580 1535 1579 1679 1327 1343 1158 1255 1321 1342 1723 1695 1666 1670 1590 1913 1794 1707 1344 1198 1131 1186 1252 1007 1044 1058 1125 1187 1213 1265 1069 1097 1055
1577 1215 1341 1479 1588 1258 1308 1254 1166 848 641 855 874 1052 928 959 948 1309 1190 1127 1268 1221 1169 1606 1671 1718 1715 1407 1769 1625 1162 1298 1081 1007 1245 1610 1546 1527 1554 1233 1345 1099 1149 1499 1551 1666 1738 1726 1659 1598 1986 1930 1844 1728 1689 1509 1199 1219 1266 1008 1044 1032 1070 1131 1162 1205 1014 1066 1051
1608 1263 1387 1522 1242 1309 1402 1402 1058 827 687 928 958 1000 1010 1005 973 1315 1156 1124 1248 1208 1561 1548 1686 1354 1490 1661 1567 1708 1594 1184 1494 1536 1565 1551 1531 1578 1209 1196 1223 1640 1640 1693 1821 1538 1642 1658 1587 1965 1969 1970 1895 1820 1797 1760 1228 1083 1034 1107 1085 1053 1032 1094 1143 1170 986 1034 1013
1231 1336 1445 1562 1262 1369 1122 1065 1169 890 914 976 1014 768 1070 991 1014 981 1204 1179 1219 1129 1514 1519 1608 1303 1447 1592 1903 1603 1905 1854 1400 1511 1568 1523 1516 1540 1191 1585 1604 1622 1622 1703 1849 1536 1620 1664 1631 1578 1569 1586 1549 1584 1586 1444 1565 1221 1124 1120 1063 1055 1065 1133 1107 1118 882 914 934
1279 1370 1465 1568 1277 1020 1132 1107 1123 1176 1095 1060 1061 1080 1016 978 1242 1157 1146 1170 1141 1551 1520 1490 1506 1599 1666 1683 1623 1495 1881 1807 1824 1406 1466 1433 1436 1467 1451 1488 1553 1613 1699 1394 1545 1630 1653 1667 1665 1631 1622 1715 1356 1646 1534 1873 1276 1123 919 1086 1078 1068 1071 1101 1026 1034 1091 850 876
1293 1356 1450 1539 1287 1175 1240 1218 1274 1298 1171 988 777 1046 992 943 1121 1488 1094 1537 1442 1442 1480 1472 1500 1541 1500 1459 1456 1419 1864 1795 1870 1907 1427 1450 1523 1510 1479 1490 1520 1645 1377 1577 1660 1623 1573 1559 1587 1672 1485 1316 1504 1641 1502 1554 1377 1089 1146 1115 1126 1097 1074 1020 1266 951 1032 1084 830
1261 1307 1359 1447 1198 1026 1304 1243 1081 1226 1112 1100 1150 1236 915 1177 1500 1534 1156 1147 1436 1344 1380 1429 1527 1570 1469 1418 1398 1854 1808 1794 1394 1468 1511 1605 1154 1535 1463 1454 1589 1327 1494 1304 1680 1523 1893 1912 1590 1327 1198 1185 1256 1313 1643 1576 1068 1118 1121 888 900 866 810 959 1229 1240 983 790 802
1701 1729 1296 1294 1143 1137 1115 1391 1224 1112 1523 1074 1510 1490 1500 1528 1110 1156 1172 1137 1474 1353 1354 1397 1459 1465 1347 1759 1713 1730 1793 1871 1459 1580 1176 1145 1147 1536 1470 1517 1256 1023 1174 1412 1423 1578 1506 1571 1484 961 954 898 1147 1467 1387 1287 1369 932 973 949 553 544 639 978 952 923 950 757 758
1697 1719 1705 1682 1343 1371 1295 1166 1475 1392 1389 1383 1398 1444 1480 1080 1128 1169 1161 1115 1492 1415 1395 1399 1403 1374 1809 1749 1763 1853 1430 1456 1523 1211 1163 1533 1486 1448 1568 1246 1184 1000 1135 1404 1477 1198 1224 1173 1100 976 925 941 1126 1268 1175 1109 1323 1167 811 815 777 727 665 792 953 923 966 719 1167
1265 1706 1669 1660 1228 1600 1508 1406 1332 1294 1304 1318 1372 1422 1464 1074 1092 1091 1456 1410 1482 1125 1091 1495 1476 1468 1463 1420 1423 1491 1491 1528 1208 1169 1544 1492 1489 1449 1151 1318 1290 1282 1503 1360 1460 933 951 1053 1024 912 781 992 1031 1027 1067 998 1104 1027 1017 1041 812 828 826 798 713 953 956 874 1046
1665 1638 1619 1583 1533 1460 1405 1838 1735 1725 1766 1299 1363 1429 1474 1503 1083 1512 1445 1456 1093 1170 1195 1105 1097 1157 1623 1543 1530 1607 1625 1301 1309 1206 1546 1496 1433 1457 1115 1201 1190 1330 1194 1326 1254 910 1013 1211 964 1011 1063 1080 1084 1089 876 1074 1205 1097 1016 1045 797 787 770 751 690 942 872 1017 1316
1558 1556 1508 1433 1870 1851 1843 1781 1712 1707 1759 1296 1358 1436 1480 1512 1085 1518 1507 1072 1527 1528 1534 1465 1432 1583 1246 1645 1621 1317 1440 1300 1285 1208 1556 1461 1408 1487 1164 1212 1183 827 1058 1408 1037 871 1162 1118 1108 1170 844 869 858 837 827 1025 963 1111 1028 1056 793 745 708 693 668 835 972 1287 1255
1872 1877 1852 1822 1796 1787 1779 1722 1663 1706 1766 1299 1368 1463 1070 1109 1126 1107 1084 1506 1420 1385 1450 1466 1505 1668 1378 1377 1302 1128 1264 1126 1020 1172 1526 1482 1463 1540 1192 1217 1224 914 1243 1220 1017 917 1043 1019 1016 1086 784 816 836 825 935 1061 1266 1253 1026 1039 727 679 653 635 981 1262 1241 1223 1215
1746 1738 1740 1744 1734 1719 1711 1662 1642 1694 1759 1298 1370 1477 1086 1135 1165 1179 1113 1100 1397 1417 1441 1533 1203 1325 1447 1431 1338 1416 1204 1165 1088 1233 1505 1447 1502 1132 1130 1143 1188 1162 1520 1295 1171 984 987 960 975 1007 687 888 724 750 1040 1321 1194 1084 1165 946 936 847 969 1256 1208 1192 1191 1189 1186
1735 1719 1722 1737 1737 1733 1696 1620 1632 1687 1753 1296 1378 1493 1091 1137 1167 1212 1204 1185 1436 1444 1504 1200 1336 1416 1394 1331 1320 1402 1342 1243 1606 1588 1555 1118 1107 1120 1138 1192 1317 1280 1285 1436 1244 1145 988 907 869 896 998 921 979 1051 1041 1036 1326 1175 1049 984 1323 1280 1222 1184 1158 1148 1159 1165 1165
1318 1785 1763 1782 1784 1761 1699 1666 1667 1711 1762 1300 1403 1518 1095 1106 1132 1110 1097 1112 1081 1096 1126 1263 1301 1337 1341 1709 1665 1630 1585 1511 1447 1467 1553 1142 1104 1444 1464 1126 1277 1244 1518 1663 1779 1510 854 1002 1120 1096 823 1146 1177 963 997 1051 1071 1265 1401 1279 1249 1203 1161 1135 1124 1133 1147 1154 1151
1409 1815 1791 1815 1822 1821 1758 1755 1756 1765 1791 1322 1449 1068 1112 1107 1112 1152 1119 1080 1087 1163 1097 1526 1568 1621 1592 1527 1459 1427 1441 1480 1458 1396 1450 1132 1515 1376 1302 1392 1234 1282 1480 1566 1556 1190 972 993 1038 982 1060 1040 1069 1130 1188 1233 1287 1196 1322 1198 1189 1157 1128 1114 1111 1125 1138 1145 1172
1393 1817 1837 1877 1887 1397 1354 1326 1299 1791 1285 1356 1486 1082 1118 1141 1175 1125 1120 1083 1223 1215 1129 1465 1377 1860 1369 1404 1410 1404 1506 1144 1541 1416 1441 1543 1521 1408 1788 1401 1272 1341 1412 1659 1181 997 1094 1186 991 928 994 938 959 1018 1040 1048 1068 1058 1294 1173 1157 1143 1123 1114 1126 1151 1164 1207 1217
1832 1820 1865 1408 1450 1472 1444 1370 1316 1796 1320 1445 1091 1086 1529 1161 1245 1181 1154 1118 1141 1549 1543 1546 1484 1344 1806 1415 1501 1517 1191 1133 1553 1429 1373 1401 1507 1460 1442 1462 1224 1624 1475 1094 937 929 960 1104 991 966 959 882 888 1283 1279 1297 1307 1338 1293 1181 1142 1131 1127 1164 1184 1192 1199 1243 1246
1804 1838 1372 1441 1478 1501 1463 1389 1313 1795 1409 1102 1132 1124 1105 1086 1129 1193 1138 1498 1489 1523 1459 1451 1438 1382 1353 1437 1510 1164 1216 1145 1494 1413 1374 1448 1113 1100 1073 1547 1355 1368 776 613 654 854 1218 1102 1040 986 912 1259 1249 1201 1179 1222 1247 1266 1240 1176 1135 1136 1151 1235 1251 1249 1249 853 855
1795 1820 1863 1417 1440 1472 1458 1391 1312 1796 1469 1105 1122 1140 1102 1530 1098 1169 1125 1085 1503 1436 1370 1406 1485 1497 1459 1413 1526 1142 1218 1148 1464 1342 1343 1415 1377 1499 1091 1237 1376 869 580 587 680 997 1149 1061 991 922 1256 1227 1202 1165 1154 1186 1210 1206 1183 1168 1151 1202 1227 1245 1251 1249 1247 1248 859
1770 1787 1828 1891 1405 1437 1430 1386 1322 1285 1476 1087 1096 1084 1508 1492 1490 1114 1111 1105 1477 1414 1378 1404 1463 1527 1525 1469 1460 1159 1197 1112 1457 1347 1362 1420 1434 1120 1145 1222 1078 663 585 532 562 876 1027 924 1277 1243 1194 1184 1183 1204 1215 1242 1241 1199 1195 1183 1228 1205 1218 864 872 854 1238 1233 1232
1746 1763 1800 1856 1893 1410 1413 1410 1377 1344 1479 1502 1500 1516 1066 1081 1064 1493 1431 1436 1461 1430 1375 1377 1415 1491 1514 1109 1164 1182 1103 1496 1490 1452 1467 1505 1149 1104 1262 1207 913 621 537 564 664 1072 946 1254 1234 1207 1172 1171 1129 1177 1167 1231 1211 1219 903 891 1227 1201 1227 882 873 858 1234 1226 1225
1726 1743 1776 1829 1872 1391 1389 1433 1405 1360 1442 1516 1510 1065 1103 1104 1099 1469 1456 1495 1483 1424 1370 1359 1392 1464 1476 1087 1102 1523 1446 1378 1440 1481 1459 1105 1183 1164 1107 966 634 496 610 618 539 1061 947 1264 1244 1227 877 1193 1138 1130 1152 1194 877 897 891 871 1223 1208 1239 892 883 865 1240 1228 1225
1696 1711 1760 1812 1860 1884 1873 1418 1491 1470 1434 1479 1501 1081 1088 1490 1447 1440 1490 1082 1464 1363 1304 1344 1387 1451 1076 1127 1068 1458 1375 1338 1389 1431 1461 1442 1463 1228 1242 1012 548 475 703 609 604 748 954 939 908 914 888 912 914 901 1147 1244 1252 867 889 883 1237 1226 859 905 893 873 853 1244 1237
1700 1722 1747 1792 1841 1845 1844 1402 1495 1515 1474 1462 1463 1467 1503 1477 1423 1355 1341 1391 1399 1328 1795 1299 1367 1497 1485 1485 1485 1452 1408 1404 1468 1487 1481 1459 1489 1240 1018 867 606 626 665 840 773 744 996 929 908 921 907 920 900 864 873 1251 1243 859 882 877 1247 1241 879 913 897 881 863 1250 1243
1714 1730 1750 1789 1824 1820 1830 1384 1474 1574 1132 1504 1472 1052 1498 1439 1425 1448 1386 1379 1429 1464 1387 1355 1507 1125 1480 1459 1452 1437 1440 1504 1096 1093 1113 1489 1465 1189 1078 809 681 535 638 824 760 713 975 940 911 926 904 931 917 890 868 861 1252 863 885 881 853 1251 889 915 900 886 867 855 1245
1736 1753 1782 1798 1809 1817 1820 1354 1456 1135 1212 1133 1489 1461 1373 1345 1408 1458 1414 1383 1467 1163 1570 1537 1143 1484 1438 1426 1431 1476 1468 1149 1215 1177 1150 1119 1146 1390 1232 828 717 683 862 812 772 718 1014 953 874 868 1252 933 917 888 885 879 862 873 898 888 856 857 899 918 895 888 878 870 867
1734 1758 1780 1783 1796 1810 1291 1364 1451 1096 1207 1207 1540 1430 1405 1424 1429 1414 1366 1359 1417 1553 1649 1173 1112 1084 1505 1487 1102 1126 1497 1112 1190 1249 970 1376 1217 1529 1131 653 870 885 785 735 718 1005 996 968 914 865 925 932 919 896 892 881 870 892 914 893 858 866 913 927 909 899 891 886 884
1717 1731 1742 1756 1778 1797 1315 1428 1453 1050 1117 1173 1551 1413 1394 1437 1420 1346 1283 1287 1345 1535 1237 1165 1125 1164 1147 1154 1176 1149 1509 1060 1193 1026 1160 1047 1202 1056 636 521 786 665 839 741 712 996 975 966 957 933 905 923 918 911 914 896 884 908 921 888 853 878 928 942 914 905 899 894 893
1687 1697 1707 1724 1750 1786 1352 1399 1446 1492 1523 1149 1140 1473 1422 1406 1383 1332 1303 1282 1414 1130 1151 1128 1124 1100 1073 1096 1127 1145 1155 1189 1263 1132 1050 1170 872 624 566 538 586 809 836 742 727 1010 979 925 968 958 931 932 916 915 926 904 893 920 922 877 1249 895 938 947 913 907 904 900 898
1656 1666 1683 1705 1747 1276 1338 1432 1458 1493 1080 1136 1124 1507 1446 1413 1449 1524 1209 1545 1127 1187 1146 1169 1201 1137 1108 1087 1208 1249 894 953 752 858 1011 917 990 701 598 581 496 495 648 823 782 1039 976 928 959 956 936 933 908 911 916 892 894 924 915 867 857 913 942 942 912 909 907 904 901
1627 1643 1671 1704 1756 1289 1359 1410 1437 1450 1473 1486 1486 1485 1499 1548 1172 1356 1480 1305 1176 1180 1308 979 962 1119 1098 1096 899 950 937 962 777 810 728 915 990 905 782 542 444 514 571 750 713 1022 955 943 934 934 924 926 906 908 899 874 891 923 904 862 874 924 943 929 908 907 907 906 903
1606 1636 1665 1701 1749 1276 1353 1488 1409 1411 1416 1406 1425 1115 1140 1542 1232 1430 1427 1292 1667 1257 1129 1139 940 1171 1131 1125 872 960 911 912 855 715 746 983 1088 969 870 752 616 703 605 844 1009 985 960 928 928 929 924 926 909 912 890 870 900 921 892 863 895 922 931 909 899 900 904 906 906
1600 1635 1665 1701 1744 1757 1330 1386 1418 1422 1455 1058 1078 1170 1605 1538 1229 1405 1489 1462 1374 1387 1402 1327 1190 1158 1156 1187 1257 892 878 1309 1070 1105 809 832 753 829 916 744 686 612 767 1076 970 962 922 916 927 929 931 929 907 910 891 885 915 915 884 874 917 926 912 889 887 892 898 902 903
1618 1652 1679 1711 1748 1296 1289 1372 1395 1403 1439 1456 1553 1204 1192 1217 1358 1122 1217 1276 1232 1174 1135 933 1201 1166 1183 1230 1257 898 919 975 1099 1230 1004 938 958 957 762 630 425 629 746 1044 946 918 901 912 923 927 924 917 897 897 886 897 916 903 882 900 928 924 895 876 878 887 893 895 896
1662 1684 1706 1747 1287 1458 1476 1441 1418 1429 1458 1520 1178 1244 1219 986 1122 1276 985 1074 945 951 989 876 891 1234 1234 1257 1255 892 907 986 979 1010 875 902 891 903 671 635 590 827 723 752 934 921 921 928 927 925 920 911 890 897 875 895 911 890 884 922 933 918 888 877 881 886 887 885 879
1693 1705 1736 1803 1415 1065 1080 1052 1488 1044 1063 1109 1176 1186 1192 1266 1095 1242 1232 1291 801 828 1001 647 794 1018 939 896 874 923 1010 723 1025 1085 806 758 619 712 889 493 560 739 944 1077 952 939 943 937 925 919 918 912 897 898 877 908 904 882 899 921 930 912 894 889 890 888 883 872 868
1710 1727 1761 1331 1414 1473 1516 1072 1072 1085 1121 1178 1136 1102 1141 1245 1393 1161 1266 1176 711 657 651 679 578 808 810 771 1037 1031 825 860 846 828 910 1131 1045 882 706 805 749 955 928 1073 945 927 931 923 911 906 902 898 889 891 880 914 896 881 910 919 918 908 902 899 897 890 879 869 870
1729 1751 1793 1350 1396 1432 1447 1051 1505 1076 1175 1214 1170 1129 1132 1231 1333 1444 1200 1144 1083 682 661 683 669 752 818 623 646 665 839 597 693 855 1101 1001 1168 1029 989 913 969 925 922 1092 942 914 909 902 894 886 869 857 855 868 875 909 892 894 899 908 905 906 907 902 899 891 871 876 877
1736 1760 1810 1356 1394 1412 1414 1461 1480 1069 1234 1246 1171 1167 1252 1221 1295 1037 945 694 1057 966 960 938 877 864 1004 742 824 651 642 809 695 1010 1156 1195 1116 988 788 644 668 982 928 1064 916 899 892 882 870 857 1238 1229 1232 1244 861 893 891 900 896 892 901 905 906 901 898 891 877 881 882
1730 1761 1816 1365 1373 1389 1403 1395 1382 1102 1106 1086 1096 1147 1164 1186 1302 1398 1137 784 979 938 918 866 1246 1234 1225 715 837 641 633 854 897 806 993 1008 1055 781 619 487 498 504 502 1005 905 892 869 1248 1236 1225 1216 1215 1221 1227 1242 869 883 886 884 880 894 905 907 904 898 888 883 886 886
1712 1751 1818 1351 1380 1397 1426 1417 1469 1247 1104 1523 1504 1518 1538 1590 1260 1009 1016 944 890 893 889 1209 1142 1173 1211 1184 921 789 847 792 1101 997 899 953 878 758 567 457 494 542 657 1038 951 916 872 1231 1210 1212 1219 1219 1218 1218 1227 1247 864 874 871 877 896 908 914 912 900 886 891 892 891
1716 1764 1315 1368 1394 1401 1441 1417 1092 1209 1229 1175 1139 1113 1570 1148 1231 1318 983 984 933 894 1243 1191 1165 1173 1185 1210 1196 1224 878 941 1002 727 854 766 638 637 633 481 553 597 634 723 977 923 892 1240 1220 1236 1236 1221 1214 1215 1224 1237 1241 1237 869 883 902 917 924 921 903 896 899 899 896
1752 1806 1362 1416 1435 1466 1440 1064 893 1093 1110 1159 1243 924 1161 1204 1267 927 951 948 900 866 1242 1224 1210 1200 1196 1182 1193 1213 1244 961 1138 863 774 587 591 588 571 606 483 745 615 718 989 943 925 923 904 859 1247 1225 1214 1220 1229 1238 1241 1223 878 897 914 927 932 926 904 905 907 906 902
1809 1367 1442 1486 1495 1073 1514 1112 1185 1115 1131 1135 1123 1190 1260 1288 1328 971 956 932 889 1257 1237 1229 1229 1225 1212 1188 1179 1193 1240 967 901 710 672 507 538 614 649 532 630 719 865 741 992 960 944 958 944 880 1247 1231 1218 1230 1240 1246 1249 870 889 904 921 934 936 926 913 911 913 912 910
1368 1464 1532 1562 1112 1128 1083 1160 788 896 1144 1144 1140 1243 1285 970 983 1005 962 928 895 873 1249 1234 1232 1226 1223 1204 1188 1215 1311 1074 976 943 683 613 600 531 599 682 550 667 833 747 1008 963 943 939 940 902 1247 1228 1222 1228 1238 1248 857 874 890 906 921 931 935 921 916 917 920 920 918
1491 1578 1153 1166 1176 1176 1164 1170 1172 1190 1167 1173 1216 1267 1307 976 1037 1036 981 936 897 1256 1229 1218 1232 1229 1220 1195 1206 1268 1010 1128 991 954 735 605 560 650 540 607 701 616 812 739 1027 997 977 967 971 950 915 862 1238 1235 1239 1247 862 874 890 905 920 929 931 922 922 924 929 929 926
1170 1202 1221 1239 1245 1237 1211 1190 1205 1207 1213 1240 1279 1309 939 1033 1054 768 1032 978 948 937 1202 1192 1227 1233 1221 1204 1237 1322 1071 1193 1033 773 602 625 533 603 686 770 643 592 802 739 1032 1003 987 981 989 981 959 912 867 1245 1243 1245 855 874 890 904 917 925 924 929 933 937 941 939 934
1180 1228 1263 1280 1285 1277 1247 1233 1249 1266 1281 1305 952 968 982 1052 799 770 1037 978 946 943 927 902 1216 1225 1237 1222 1263 1360 1109 1239 1061 782 604 601 656 549 623 714 647 851 785 730 1028 1002 987 984 994 994 984 956 918 879 857 851 859 877 891 903 914 918 929 936 943 947 950 947 940
1168 1200 1227 1280 1302 1307 1298 1302 1316 1328 1354 988 1016 1026 1039 1062 796 753 1010 966 946 943 931 912 894 1239 1268 1248 1298 1396 1149 1284 1051 759 716 531 593 704 795 710 616 827 759 701 1008 991 980 980 994 996 995 985 964 933 898 877 876 885 892 901 912 924 935 943 951 955 957 954 946
