---
Cu Cloudbase where Cu Potential > 0 [m] Valid 1300 NZST ~Z75~(0100Z)~Z~ MON 5 Jan 2026 ~Z75~[49hrFcst@2110z]~Z~
Model= RASP Region= NZ Grid= d2 Reskm= 2.0 Indexs= 1 69 1 69 Proj= lambert 2000 2000 -35.0000 -42.0000 176.0000 -37.7968 175.7263
Day= 2026 1 5 MON ValidLST= 1300 NZST ValidZ= 100 Fcst= 49.0 Init= 46 Param= zsfclclmask Unit= m Mult= 1 Min= ****** Max= 1682
902 908 929 963 996 1026 1049 1077 1108 1122 1175 1225 1275 1298 1298 1271 1266 1273 1289 1318 1362 1405 1449 1492 1531 1543 1535 1502 1476 1452 1434 1408 1386 1362 1355 1365 1375 1397 1423 1461 1486 1492 1490 1487 1475 1470 1457 1450 1457 1467 1489 1525 1549 1567 1560 1586 1621 1672 1679 1656 1607 1587 1593 1589 1598 1606 1607 1595 1578
864 877 902 939 973 1006 1038 1064 1086 1100 1126 1162 1222 1260 1266 1262 1258 1258 1273 1300 1339 1393 1448 1482 1510 1515 1501 1461 1430 1405 1404 1391 1373 1355 1348 1355 1362 1397 1425 1462 1485 1485 1474 1463 1449 1441 1439 1427 1453 1454 1472 1501 1537 1567 1575 1589 1615 1659 1682 1653 1556 -999999 -999999 1511 1537 1568 1606 1612 1582
839 853 878 912 948 981 1016 1043 1055 1038 1031 1048 1132 1203 1234 1238 1237 1235 1262 1281 1323 1395 1435 1467 1480 1475 1457 1425 1401 1387 1388 1384 1380 1355 1343 1346 1344 1396 1425 1463 1485 1480 1455 1435 1423 1425 1433 1428 1442 1455 1474 1494 1529 1562 1581 1593 1612 1642 1650 1577 -999999 -999999 -999999 -999999 -999999 1513 1581 1598 1565
830 843 865 888 915 943 980 1007 1007 933 -999999 -999999 -999999 1113 1203 1222 1216 1199 1205 1257 1316 1386 1431 1443 1445 1431 1410 1396 1394 1388 1381 1378 1367 1377 1338 1329 1365 1400 1424 1467 1490 1484 1446 1398 1382 1405 1418 1433 1452 1469 1483 1490 1512 1517 1568 1588 1604 1626 1599 -999999 -999999 -999999 -999999 -999999 -999999 1454 1545 1565 1526
817 831 852 872 893 919 936 982 956 -999999 -999999 -999999 -999999 1045 1228 1257 1234 1179 1148 1210 1303 1383 1416 1417 1410 1390 1363 1362 1373 1359 1337 1351 1406 1395 1325 1313 1361 1409 1435 1462 1493 1473 1447 1374 1342 1384 1442 1447 1461 1483 1492 1499 1512 1474 1487 1573 1611 1678 1519 -999999 -999999 -999999 -999999 -999999 -999999 1386 1489 1513 1471
813 827 848 868 896 913 935 974 969 981 950 -999999 -999999 1075 1235 1255 -999999 -999999 1172 1262 1342 1378 1398 1382 1382 1341 1324 1335 1307 1288 1297 1375 1410 1360 1332 1345 1379 1409 1394 1447 1469 1405 1400 1347 1360 1426 1465 1493 1518 1533 1512 1475 1468 -999999 -999999 1646 1662 1613 -999999 -999999 -999999 -999999 -999999 -999999 -999999 -999999 1419 1444 1405
798 814 835 862 887 898 937 959 938 941 1031 1049 -999999 1107 1208 1202 -999999 1146 1207 1284 1345 1361 1338 1354 1353 1305 1308 1326 1269 1300 1337 1386 1366 1325 1320 1316 1340 1361 1411 1449 1444 1382 1361 1336 1391 1438 1479 1498 1534 1551 1532 1524 1530 1536 1588 1607 1581 1457 -999999 -999999 -999999 -999999 -999999 -999999 -999999 -999999 1340 1345 1319
794 814 840 867 894 909 931 953 -999999 -999999 926 1063 1158 1186 1186 1190 1200 1223 1241 1287 1322 1316 1298 1274 1274 1283 1292 1256 1248 1274 1307 1357 1328 1258 1297 1337 1377 1417 1454 1469 1436 1382 1329 1348 1376 1443 1479 1508 1530 1508 1496 1555 1547 1559 1558 1580 1594 1427 -999999 -999999 -999999 -999999 -999999 -999999 -999999 -999999 1303 1332 1278
812 835 861 888 911 926 964 956 978 994 1099 1217 1230 1191 1207 1231 1229 1220 1241 1271 1276 1257 1270 1260 1293 1296 1267 1226 1244 1282 1293 1287 1249 1231 1282 1335 1394 1452 1496 1475 1402 1330 1329 1387 1423 1451 1481 1506 1528 1531 1533 1562 1570 1554 1489 1476 1406 1337 -999999 -999999 -999999 1199 -999999 -999999 -999999 -999999 1306 1336 1266
850 880 906 926 932 954 941 979 1008 1071 1101 1132 1143 1141 1173 1209 1226 1233 1241 1237 1229 1208 1213 1259 1281 1256 1217 1205 1239 1285 1262 1263 1215 1229 1274 1345 1422 1480 1487 1422 1334 1330 1343 1394 1426 1456 1486 1500 1513 1519 1531 1558 1590 1574 1466 -999999 -999999 -999999 1195 -999999 -999999 1218 1234 -999999 -999999 -999999 1317 1376 1303
870 901 945 957 978 993 1037 -999999 -999999 -999999 1116 1076 1023 1047 1147 1196 1218 1237 1239 1217 1198 1195 1223 1249 1237 1223 1205 1223 1232 1209 1218 1218 1174 1220 1261 1328 1396 1428 1388 1322 1314 1339 1359 1407 1429 1443 1455 1461 1487 1513 1554 1581 1554 1508 -999999 -999999 -999999 1267 1234 1235 1299 1263 1174 -999999 -999999 -999999 1368 1404 1312
878 922 959 972 1005 1063 1110 1073 1052 1076 1037 999 971 934 1026 1137 1174 1203 1213 1200 1204 1211 1231 1228 1222 1225 1217 1242 1215 1189 1200 1185 1185 1217 1270 1323 1345 1317 1267 1268 1315 1360 1378 1408 1409 1416 1436 1471 1511 1548 1586 1598 1579 1440 -999999 -999999 1118 1171 1275 1370 1375 1325 1153 -999999 -999999 -999999 1291 1381 1315
870 905 940 968 1008 1070 1081 1096 1102 1013 974 1009 -999999 -999999 -999999 1046 1145 1168 1182 1199 1214 1221 1233 1229 1242 1248 1244 1283 1212 1203 1208 1193 1207 1229 1251 1279 1216 1181 1207 1284 1343 1397 1400 1385 1391 1425 1473 1511 1548 1565 1585 1583 1586 1446 -999999 -999999 -999999 1153 1215 1289 1346 1335 1229 -999999 1136 1171 1259 1303 1300
852 885 -999999 963 1001 1013 1028 1072 985 917 946 967 -999999 -999999 -999999 -999999 1113 1154 1174 1194 1206 1214 1227 1240 1269 1274 1271 1244 1226 1242 1232 1186 1219 1213 1214 1203 1172 1185 1235 1310 1347 1367 1359 1363 1402 1460 1511 1537 1555 1554 1560 1536 1544 1442 -999999 -999999 -999999 -999999 -999999 -999999 1259 -999999 1133 1074 1188 1222 1281 1303 1278
-999999 -999999 -999999 -999999 -999999 949 977 1002 901 914 871 862 -999999 -999999 -999999 -999999 1112 1145 1165 1181 1187 1194 1217 1252 1287 1282 1270 1256 1282 1285 1228 1209 1212 1170 1178 1213 1234 1222 1251 1306 1343 1328 1341 1342 1406 1463 1502 1516 1527 1532 1513 1520 1532 1481 1160 -999999 -999999 -999999 -999999 1086 1168 1234 1199 1082 1087 1143 1210 1243 1245
-999999 -999999 -999999 -999999 917 911 939 931 912 887 -999999 891 -999999 -999999 -999999 1072 1103 1123 1144 1158 1168 1193 1229 1265 1277 1263 1255 1272 1287 1290 1236 1271 1188 1191 1239 1261 1248 1242 1261 1271 1251 1288 1330 1370 1402 1443 1467 1488 1507 1533 1549 1543 1541 1456 -999999 -999999 -999999 -999999 -999999 -999999 1066 1105 1095 958 -999999 1079 1145 1197 1203
-999999 -999999 -999999 -999999 866 873 910 906 896 854 -999999 -999999 918 996 1062 1071 1081 1106 1129 1148 1173 1210 1241 1253 1245 1235 1242 1269 1273 1282 1292 1267 1213 1202 1221 1238 1265 1284 1261 1232 1240 1290 1319 1348 1389 1434 1470 1501 1531 1515 1543 1560 1537 1448 -999999 -999999 -999999 -999999 -999999 -999999 -999999 995 1012 1036 962 1012 1096 1137 1147
-999999 -999999 808 838 855 884 909 908 878 -999999 -999999 -999999 -999999 986 1057 1067 1072 1098 1130 1154 1182 1212 1219 1219 1223 1229 1248 1254 1271 1289 1296 1244 1151 1155 1194 1232 1272 1262 1225 1236 1283 1299 1320 1361 1413 1461 1498 1516 1533 1536 1536 1544 1515 1458 -999999 -999999 -999999 -999999 -999999 -999999 -999999 947 958 950 966 968 1021 1070 1084
-999999 773 802 843 863 877 915 911 807 -999999 -999999 -999999 -999999 1018 1045 1045 1071 1105 1133 1152 1171 1181 1184 1207 1231 1250 1247 1249 1278 1306 1285 1176 -999999 -999999 1198 1234 1244 1213 1228 1274 1291 1310 1339 1373 1409 1443 1470 1487 1516 1493 1527 1557 1531 1536 -999999 -999999 -999999 -999999 -999999 -999999 -999999 900 928 910 887 922 959 987 1012
-999999 773 804 841 875 910 933 957 -999999 -999999 -999999 -999999 -999999 1061 1038 1027 1073 1117 1136 1139 1140 1151 1178 1213 1241 1246 1234 1262 1313 1305 1188 -999999 -999999 -999999 1253 1342 1317 1263 1239 1258 1284 1315 1333 1340 1359 1395 1437 1475 1512 1543 1548 1565 1527 1535 -999999 -999999 -999999 -999999 -999999 -999999 -999999 -999999 901 883 858 883 909 930 954
770 799 830 867 891 925 942 987 -999999 -999999 -999999 -999999 1080 1114 1051 1026 1073 1122 1128 1127 1141 1165 1189 1206 1219 1221 1239 1301 1349 1295 1252 1258 1243 1282 1369 1441 1402 1297 1233 1236 1259 1296 1305 1310 1338 1388 1440 1490 1522 1551 1519 1525 1505 1532 1376 -999999 -999999 -999999 -999999 -999999 -999999 -999999 887 844 781 819 845 870 904
817 844 874 911 933 968 989 1010 1010 -999999 -999999 1096 1142 1101 1044 994 1085 1149 1131 1138 1158 1173 1184 1189 1196 1210 1250 1300 1304 1273 1259 1284 1341 1400 1434 1441 1344 1211 1183 1210 1259 1289 1306 1320 1349 1393 1440 1487 1516 1520 1530 1496 1424 1358 1355 -999999 -999999 -999999 -999999 -999999 -999999 -999999 800 799 805 821 835 863 869
864 893 923 958 983 1008 1005 1021 1073 1046 1034 1100 1122 1096 1058 988 1226 1329 1151 1144 1150 1155 1164 1180 1192 1209 1235 1247 1238 1237 1255 1291 1336 1380 1406 1381 1252 1143 1119 1150 1216 1289 1311 1325 1352 1394 1442 1481 1512 1489 1503 1395 -999999 1221 1268 -999999 -999999 -999999 -999999 -999999 -999999 -999999 848 857 836 843 837 834 834
912 951 976 1006 1034 1048 1028 1033 1082 1068 1039 1070 1087 1094 -999999 -999999 1024 1069 1119 1135 1135 1143 1161 1180 1196 1210 1215 1206 1210 1236 1273 1306 1328 1358 1360 1261 1178 1145 1146 1115 1151 1214 1257 1302 1349 1399 1453 1492 1518 1459 1357 1198 -999999 1219 1265 1270 -999999 -999999 -999999 -999999 -999999 -999999 777 827 808 831 812 803 802
954 993 1033 1052 1068 1070 1066 1075 1103 1087 1077 1083 1065 1067 1065 1084 1081 1064 1086 1117 1133 1148 1159 1166 1180 1197 1200 1205 1229 1261 1288 1299 1300 1311 1255 1145 1166 1192 1209 1151 1111 1116 1192 1280 1353 1414 1455 1490 1442 1249 1178 1187 1233 1287 1270 1262 1145 -999999 -999999 -999999 -999999 -999999 777 824 794 799 784 772 771
1000 1037 1069 1087 1102 1111 1107 1102 1100 1101 1108 1140 1014 1040 1089 1155 1145 1085 1083 1123 1143 1145 1144 1155 1185 1211 1216 1221 1235 1256 1273 1270 1282 1245 1143 1146 1154 1200 1214 1169 1127 1095 1123 1230 1320 1379 1427 1393 1216 1119 1184 1245 1268 1248 1229 1214 1196 1069 -999999 -999999 634 678 771 828 778 781 764 749 745
1038 1075 1110 1113 1126 1130 1133 1136 1146 1157 1135 1133 1117 1057 1096 1167 1190 1135 1090 1088 1120 1147 1164 1193 1231 1245 1228 1212 1215 1248 1269 1285 1281 1159 1125 1177 1204 1223 1224 1179 1145 1126 1139 1224 1277 1337 1371 1192 1119 1153 1170 1177 1162 1148 1136 1136 1106 1112 1027 824 793 806 805 807 765 764 746 729 722
1081 1108 1132 1126 1128 1128 1130 1134 1138 1147 1137 1123 1114 1099 1108 1139 1170 1171 1146 1124 1156 1190 1212 1256 1289 1276 1241 1224 1239 1266 1287 1308 1261 1179 1172 1202 1220 1231 1225 1163 1142 1149 1198 1241 1267 1317 1279 1132 1105 1107 1094 1093 1096 1100 1086 1077 1056 1057 1022 -999999 805 807 790 789 757 745 729 713 701
1093 1116 1128 1118 1116 1117 1124 1134 1143 1144 1128 1126 1135 1124 1089 1101 1147 1175 1167 1150 1172 1207 1225 1454 1344 1296 1287 1280 1281 1270 1288 1285 1189 1172 -999999 -999999 1223 1215 1196 1156 1154 1156 1211 1246 1322 1346 1218 1126 1072 1036 1027 1049 1069 1053 1023 1019 1013 1016 1023 892 778 788 763 767 761 721 708 693 680
-999999 -999999 -999999 -999999 -999999 -999999 -999999 1123 1127 1132 1113 1103 1105 1094 991 1065 1150 1177 1167 1177 1207 1239 1264 1268 1263 1272 1295 1296 1279 1282 1286 1246 1147 1153 1215 1219 -999999 -999999 1099 1167 1136 1139 1187 1236 1315 1263 1063 976 944 922 933 977 999 979 952 957 963 977 985 896 783 746 718 746 727 697 689 674 659
-999999 -999999 -999999 -999999 -999999 -999999 -999999 -999999 1100 1098 1090 1088 1082 1093 1088 1101 1166 1196 1174 1173 1200 1220 1223 1214 1213 1227 1256 1262 1276 1284 1161 1185 1224 1259 1258 1238 1179 1135 1162 1142 1107 1139 1200 1260 1279 1150 937 817 808 807 836 897 911 900 874 903 917 915 944 866 760 734 706 719 682 674 670 654 637
-999999 -999999 -999999 -999999 -999999 -999999 -999999 -999999 1067 1068 1065 1064 1048 1083 1096 1102 1174 1219 1189 1163 1157 1172 1179 1187 1198 1227 1258 1275 1294 -999999 -999999 1034 1204 1240 -999999 1171 1203 1219 1156 1079 1084 1137 1203 1284 1312 1044 -999999 661 684 734 774 827 811 821 844 842 876 897 898 799 734 717 690 674 668 651 649 631 609
-999999 -999999 -999999 -999999 -999999 -999999 -999999 -999999 1037 1043 1043 1049 1059 1063 -999999 1056 1136 1217 1212 1146 1087 1153 1176 1194 1201 1217 1218 1224 1213 -999999 -999999 -999999 1184 1202 1171 1115 1182 1218 1167 1107 1104 1147 1240 1275 1312 1141 834 -999999 654 699 709 765 770 797 817 811 831 892 823 768 709 700 675 658 641 626 626 607 578
-999999 -999999 -999999 -999999 -999999 -999999 -999999 -999999 -999999 1029 1031 1044 1059 1020 -999999 1037 1122 1222 1268 1236 1221 1211 1213 1215 1209 1204 1157 1113 1143 1189 -999999 1221 1259 1254 1243 1138 1239 1220 1140 1045 1074 1157 1227 1250 1307 1353 990 747 711 668 682 740 739 772 787 768 822 846 780 748 686 684 655 -999999 -999999 -999999 -999999 -999999 -999999
-999999 -999999 -999999 -999999 -999999 -999999 -999999 -999999 -999999 1024 1023 1053 1048 1228 1270 -999999 -999999 1214 1276 1282 1215 1162 1216 1266 1253 1211 1171 1070 1052 1130 1182 1224 1265 1248 1251 1212 1218 1161 1077 1000 1060 1188 1239 1277 1297 1104 786 705 692 650 652 705 709 753 757 725 761 776 748 686 670 675 -999999 -999999 -999999 -999999 -999999 -999999 -999999
-999999 -999999 -999999 -999999 -999999 -999999 -999999 -999999 1007 1031 1026 1064 1057 1218 1256 -999999 -999999 1153 1250 1248 1126 -999999 -999999 1227 1288 1230 1208 -999999 -999999 1079 1149 1179 1178 1132 1164 1204 1193 1133 1068 1039 1072 1175 1257 1307 1134 850 713 673 688 646 630 676 691 740 728 683 690 697 680 660 629 -999999 -999999 -999999 -999999 -999999 -999999 -999999 -999999
-999999 -999999 -999999 -999999 -999999 -999999 -999999 1006 1021 1043 1040 1079 1075 1229 1330 1168 1171 1250 1286 1172 -999999 -999999 -999999 -999999 1234 1280 1276 1201 1153 1134 1137 1158 1129 1064 1104 1196 1225 1155 1082 1070 1108 1150 1266 1134 846 766 673 641 -999999 645 613 -999999 689 727 704 650 652 655 646 629 603 -999999 -999999 -999999 -999999 -999999 -999999 -999999 -999999
-999999 -999999 -999999 -999999 -999999 993 1035 1037 1050 1073 1080 1091 1092 1128 1141 1164 1225 1314 1279 1073 -999999 -999999 -999999 -999999 1156 1325 1308 1240 1184 1134 1126 1180 1238 1222 1141 1160 1198 1115 1094 1142 1188 1214 1090 811 693 702 642 618 -999999 638 601 -999999 722 -999999 -999999 628 -999999 608 600 588 -999999 -999999 -999999 -999999 -999999 -999999 -999999 -999999 -999999
-999999 -999999 -999999 -999999 1011 1030 1051 1072 1093 1123 1132 1135 1153 -999999 -999999 1196 1194 1227 1209 -999999 -999999 -999999 -999999 -999999 1159 1305 1277 1222 -999999 -999999 1114 1178 1257 1232 -999999 1105 1142 1137 1127 1170 1250 1027 753 723 662 647 617 589 618 606 575 591 -999999 -999999 -999999 -999999 -999999 565 549 -999999 -999999 -999999 -999999 -999999 -999999 -999999 -999999 -999999 -999999
-999999 -999999 -999999 -999999 1036 1059 1084 1109 1135 1162 1163 1149 1178 -999999 1254 1203 1073 1062 1086 -999999 -999999 -999999 -999999 1117 1213 1264 1231 1185 1144 1092 1061 1115 1216 1225 1150 1117 1143 1132 1090 1191 1074 659 600 640 622 -999999 -999999 557 573 574 549 553 -999999 -999999 -999999 -999999 -999999 -999999 -999999 -999999 -999999 -999999 -999999 -999999 -999999 -999999 -999999 -999999 -999999
-999999 -999999 -999999 -999999 1051 1075 1097 1124 1155 1173 1181 1105 1157 1213 1262 1141 -999999 -999999 -999999 1039 1083 1165 1219 1218 1189 1156 1120 1072 1044 -999999 -999999 980 1119 1195 1198 1170 1126 1075 1105 1149 760 514 464 578 612 -999999 -999999 -999999 -999999 556 -999999 -999999 -999999 -999999 -999999 -999999 -999999 -999999 -999999 -999999 -999999 -999999 -999999 -999999 -999999 -999999 -999999 -999999 -999999
-999999 -999999 -999999 -999999 1057 1081 1111 1119 1300 1372 1204 1142 1167 1182 1190 1145 -999999 -999999 -999999 1099 1167 -999999 -999999 1231 1138 1107 1055 1042 1048 1054 1052 1008 1071 1164 1195 1164 1036 1037 1147 1111 705 -999999 424 573 600 -999999 -999999 -999999 -999999 -999999 -999999 -999999 -999999 -999999 -999999 -999999 -999999 -999999 -999999 -999999 -999999 -999999 -999999 -999999 -999999 -999999 -999999 -999999 -999999
-999999 -999999 -999999 -999999 1061 1085 1108 1133 1162 1180 1159 1191 1190 1145 1149 1180 -999999 -999999 1085 1130 1202 1219 1237 1193 1101 1228 1076 1057 1069 1081 1092 1085 1073 1082 1092 1117 1093 1068 1172 1039 686 501 464 545 -999999 -999999 -999999 -999999 -999999 -999999 -999999 -999999 -999999 -999999 -999999 -999999 -999999 -999999 -999999 -999999 -999999 -999999 -999999 -999999 -999999 -999999 -999999 -999999 -999999
-999999 -999999 -999999 -999999 1062 1084 1110 1132 1157 1191 1165 1170 1135 1101 1186 1211 1198 1137 1124 1156 1244 1239 1214 1149 1118 1081 1044 1013 1038 1045 1066 1074 1088 1068 1011 1012 1043 1054 1165 983 677 541 487 489 -999999 -999999 -999999 -999999 -999999 -999999 -999999 -999999 -999999 -999999 -999999 -999999 -999999 -999999 -999999 -999999 -999999 -999999 -999999 -999999 -999999 -999999 -999999 -999999 -999999
-999999 -999999 -999999 1040 1062 1082 1108 1133 1158 1188 1173 1190 1235 1216 1194 1219 1255 1253 1210 1184 1232 1251 1235 1165 1099 1034 -999999 -999999 -999999 1030 -999999 1062 1106 1097 -999999 -999999 1031 1068 1118 897 613 452 418 436 -999999 -999999 -999999 -999999 -999999 -999999 -999999 -999999 -999999 -999999 -999999 -999999 -999999 -999999 -999999 -999999 -999999 -999999 -999999 -999999 -999999 -999999 -999999 -999999 -999999
-999999 -999999 1024 1039 1059 1080 1103 1129 1151 1179 1189 1232 1281 1229 1179 1193 1212 1218 1203 1184 1207 1215 1249 1207 1055 -999999 -999999 -999999 -999999 -999999 -999999 993 1076 1096 1072 1078 1087 1136 1145 815 557 380 350 -999999 -999999 -999999 -999999 -999999 -999999 -999999 -999999 -999999 -999999 -999999 -999999 -999999 -999999 -999999 -999999 -999999 -999999 -999999 -999999 -999999 -999999 -999999 -999999 -999999 -999999
-999999 1018 1032 1046 1064 1084 1109 1132 1155 1197 1225 1238 1241 1204 1148 1146 1163 1193 1225 1241 1241 1275 1289 1217 -999999 -999999 -999999 974 1039 1042 1008 1030 1075 1078 1087 1101 1108 1190 1075 659 -999999 286 280 -999999 -999999 -999999 -999999 -999999 -999999 -999999 -999999 -999999 -999999 -999999 -999999 -999999 -999999 -999999 -999999 -999999 -999999 -999999 -999999 -999999 -999999 -999999 -999999 -999999 -999999
-999999 1032 1046 1061 1076 1095 1131 1087 1145 1214 1229 1210 1212 1214 1153 1149 1158 1168 1201 1265 1311 1360 1323 1215 1142 1076 1028 1033 1096 1137 1106 1095 1097 1110 1128 1170 1115 -999999 714 506 353 -999999 199 -999999 -999999 -999999 -999999 -999999 -999999 -999999 -999999 -999999 -999999 -999999 -999999 -999999 -999999 -999999 -999999 -999999 -999999 -999999 -999999 -999999 -999999 -999999 -999999 -999999 -999999
-999999 1049 1068 1086 1107 1133 1091 1167 1192 1192 1174 1207 1249 1230 1186 1183 1170 1135 1115 1149 1240 1291 1222 1131 1081 -999999 1082 1041 1030 1070 1107 1121 1123 1247 1183 1147 888 -999999 530 426 -999999 -999999 -999999 -999999 -999999 -999999 -999999 -999999 -999999 -999999 -999999 -999999 -999999 -999999 -999999 -999999 -999999 -999999 -999999 -999999 -999999 -999999 -999999 -999999 -999999 -999999 -999999 -999999 -999999
-999999 1064 1083 1100 1119 1140 1158 1167 1184 1240 1229 1264 1255 1215 -999999 1150 1124 1126 1125 1098 1129 1127 1086 1067 1071 1097 1075 1041 1014 1060 1133 1137 1104 1057 1036 886 814 711 515 398 -999999 -999999 -999999 -999999 -999999 -999999 -999999 -999999 -999999 -999999 -999999 -999999 -999999 -999999 -999999 -999999 -999999 -999999 -999999 -999999 -999999 -999999 -999999 -999999 -999999 -999999 -999999 -999999 -999999
-999999 1074 1091 1102 1124 1145 1166 1190 1225 1295 1296 1223 1163 1175 1188 1145 1135 1163 1171 1125 1125 1079 1033 954 956 1052 1064 -999999 -999999 1064 1125 1129 994 885 877 724 678 768 673 562 -999999 554 -999999 -999999 -999999 -999999 -999999 -999999 -999999 -999999 -999999 -999999 -999999 -999999 -999999 -999999 -999999 -999999 -999999 -999999 -999999 -999999 -999999 -999999 -999999 -999999 -999999 -999999 -999999
-999999 1085 1094 1045 1107 1142 1174 -999999 1198 1242 1208 1134 1130 1166 1180 1146 1150 1169 1175 1148 1179 1196 1046 -999999 1005 1049 -999999 956 1039 1117 1124 1120 -999999 -999999 797 545 510 598 696 695 691 653 564 -999999 -999999 -999999 -999999 -999999 -999999 -999999 -999999 -999999 -999999 -999999 -999999 -999999 -999999 -999999 -999999 -999999 -999999 -999999 -999999 -999999 -999999 -999999 -999999 -999999 -999999
1088 1092 1096 1044 -999999 1130 1175 1203 1207 1220 1151 -999999 1155 1196 1204 1130 1069 1077 1098 1139 1164 1054 -999999 -999999 -999999 1062 1081 1026 1041 1093 1134 1085 -999999 726 554 -999999 -999999 -999999 665 643 649 646 592 -999999 -999999 -999999 -999999 -999999 -999999 -999999 -999999 -999999 -999999 -999999 -999999 -999999 -999999 -999999 -999999 -999999 -999999 -999999 -999999 -999999 -999999 -999999 -999999 -999999 -999999
1093 1095 1098 1045 -999999 -999999 1140 1176 1204 1196 -999999 -999999 -999999 1205 1184 1048 -999999 -999999 960 1073 981 -999999 -999999 -999999 -999999 1025 1071 1055 1038 1086 1119 998 -999999 -999999 -999999 -999999 -999999 701 704 673 610 585 577 545 -999999 -999999 -999999 -999999 -999999 -999999 -999999 -999999 -999999 -999999 -999999 -999999 -999999 -999999 -999999 -999999 -999999 -999999 -999999 -999999 -999999 -999999 -999999 -999999 -999999
1091 1094 1101 1105 1115 1104 1133 1160 1126 -999999 -999999 -999999 1192 1183 1041 -999999 -999999 -999999 -999999 952 -999999 -999999 -999999 -999999 927 1038 1007 -999999 1003 1039 974 874 837 818 702 -999999 716 683 656 622 579 572 553 510 -999999 -999999 -999999 -999999 -999999 -999999 -999999 -999999 -999999 -999999 -999999 -999999 -999999 -999999 -999999 -999999 -999999 -999999 -999999 -999999 -999999 -999999 -999999 -999999 -999999
1103 1105 1112 1123 1140 1082 1122 1139 1120 -999999 -999999 -999999 1195 1092 1028 939 -999999 -999999 -999999 -999999 -999999 -999999 -999999 -999999 967 1001 -999999 -999999 -999999 878 803 800 755 773 758 759 761 660 650 623 535 550 539 476 -999999 -999999 -999999 -999999 -999999 -999999 -999999 -999999 -999999 -999999 -999999 -999999 -999999 -999999 -999999 -999999 -999999 -999999 -999999 -999999 -999999 -999999 -999999 -999999 -999999
1125 1129 1137 1151 1165 1181 1145 1163 1184 -999999 -999999 -999999 1118 1109 1139 1080 976 960 1005 1025 -999999 -999999 -999999 -999999 979 -999999 -999999 -999999 -999999 -999999 808 786 774 715 673 756 701 689 667 -999999 490 510 512 -999999 -999999 -999999 -999999 -999999 -999999 -999999 -999999 -999999 -999999 -999999 -999999 -999999 -999999 -999999 -999999 -999999 -999999 -999999 -999999 -999999 -999999 -999999 -999999 -999999 -999999
1161 1168 1179 1192 1200 1220 1213 1228 1232 1154 1162 1214 1209 1162 1143 1141 1123 1095 1098 1057 965 819 -999999 -999999 1017 1047 -999999 -999999 846 789 810 784 774 750 716 776 731 643 602 -999999 470 452 472 -999999 -999999 -999999 -999999 -999999 -999999 -999999 -999999 -999999 -999999 -999999 -999999 -999999 -999999 -999999 -999999 -999999 -999999 -999999 -999999 -999999 -999999 -999999 -999999 -999999 -999999
1187 1197 1207 1215 1231 1247 1240 1253 1249 1230 1253 1278 1253 1132 -999999 1074 1092 1103 1065 1022 924 -999999 -999999 836 1037 1103 1089 1032 870 833 802 -999999 748 722 734 722 693 625 532 482 450 409 428 379 -999999 -999999 -999999 -999999 -999999 -999999 -999999 -999999 -999999 -999999 -999999 -999999 -999999 -999999 453 -999999 -999999 -999999 -999999 -999999 -999999 -999999 -999999 -999999 -999999
1206 1214 1219 1170 1224 1250 1248 1279 1253 1213 1186 1185 1082 992 996 978 959 966 975 986 893 -999999 -999999 856 981 1031 1038 1020 941 870 834 771 753 701 664 684 705 605 453 410 377 362 399 -999999 -999999 -999999 -999999 -999999 -999999 -999999 -999999 -999999 -999999 -999999 -999999 -999999 -999999 -999999 459 -999999 -999999 -999999 -999999 -999999 -999999 -999999 -999999 -999999 -999999
1208 1212 1208 1209 1215 1224 1220 1224 1200 1150 1119 1066 -999999 834 841 872 875 877 901 912 915 887 885 903 950 1003 1012 1042 963 902 867 795 787 677 659 633 650 551 386 307 310 331 381 -999999 -999999 -999999 -999999 -999999 -999999 -999999 -999999 -999999 -999999 -999999 -999999 443 -999999 -999999 -999999 -999999 -999999 -999999 -999999 -999999 -999999 -999999 -999999 -999999 -999999
1208 1213 1209 1207 1208 1237 1228 1219 1130 1026 1053 -999999 -999999 904 921 865 867 808 853 855 847 842 823 846 904 957 973 1015 978 921 862 773 730 680 622 613 550 419 342 288 283 317 -999999 -999999 -999999 -999999 -999999 -999999 -999999 -999999 -999999 -999999 -999999 -999999 -999999 448 -999999 485 -999999 -999999 -999999 -999999 -999999 -999999 -999999 -999999 -999999 -999999 -999999
1180 1186 1184 1185 1189 1195 1197 1193 -999999 1064 1065 -999999 -999999 908 913 897 861 836 819 811 809 782 798 821 866 921 974 1006 1008 955 874 748 585 519 451 440 456 394 340 285 286 -999999 -999999 -999999 -999999 -999999 -999999 -999999 -999999 -999999 -999999 -999999 -999999 -999999 -999999 454 453 520 -999999 -999999 -999999 -999999 -999999 -999999 -999999 -999999 -999999 -999999 -999999
1127 1135 1149 1153 1155 1160 1138 1102 -999999 1054 1043 1024 1035 977 890 834 792 764 758 756 -999999 -999999 -999999 -999999 -999999 878 940 981 1045 1011 934 798 550 408 348 345 385 410 372 297 331 -999999 -999999 -999999 -999999 -999999 -999999 -999999 -999999 -999999 -999999 -999999 -999999 -999999 -999999 458 -999999 449 461 -999999 -999999 -999999 -999999 -999999 -999999 -999999 -999999 -999999 -999999
1102 1106 1119 1137 1148 1140 1130 1080 -999999 -999999 -999999 -999999 -999999 951 849 776 721 686 -999999 -999999 -999999 -999999 -999999 -999999 -999999 -999999 903 967 1032 1043 972 860 640 452 372 377 422 454 406 355 -999999 -999999 -999999 -999999 -999999 -999999 -999999 -999999 -999999 -999999 -999999 -999999 -999999 -999999 -999999 -999999 -999999 470 470 -999999 -999999 -999999 -999999 -999999 -999999 -999999 -999999 -999999 -999999
1107 1107 1117 1138 1154 1148 1122 1098 1053 1074 1075 1038 995 922 828 714 -999999 -999999 -999999 -999999 -999999 -999999 -999999 -999999 -999999 -999999 -999999 977 1042 1056 1018 949 793 546 440 430 454 462 460 429 429 -999999 -999999 -999999 -999999 -999999 -999999 -999999 -999999 -999999 -999999 -999999 -999999 -999999 -999999 -999999 -999999 -999999 -999999 -999999 -999999 -999999 -999999 -999999 -999999 -999999 -999999 -999999 -999999
1116 1128 1142 1160 1171 1167 1144 1132 1124 1132 1120 1064 968 857 738 -999999 -999999 -999999 -999999 -999999 -999999 -999999 -999999 -999999 -999999 -999999 -999999 -999999 1039 1058 1067 1019 890 666 551 511 512 511 516 491 482 -999999 -999999 -999999 -999999 -999999 -999999 -999999 -999999 -999999 -999999 -999999 -999999 -999999 -999999 -999999 -999999 -999999 -999999 -999999 -999999 -999999 -999999 -999999 -999999 -999999 -999999 -999999 -999999
1146 1160 1173 1184 1188 1189 1161 1150 1144 1152 1127 1053 930 799 -999999 -999999 -999999 -999999 -999999 -999999 -999999 -999999 -999999 -999999 -999999 -999999 -999999 -999999 1039 1066 1097 1068 955 745 621 569 565 553 542 518 475 -999999 -999999 -999999 -999999 -999999 -999999 -999999 -999999 -999999 -999999 -999999 -999999 -999999 -999999 -999999 -999999 -999999 -999999 -999999 -999999 -999999 -999999 -999999 -999999 -999999 -999999 -999999 -999999
1187 1205 1218 1218 1212 1199 1171 1154 1147 1161 1121 1030 888 -999999 -999999 -999999 -999999 -999999 -999999 -999999 -999999 -999999 -999999 -999999 -999999 -999999 -999999 -999999 1043 1069 1109 1086 971 768 637 586 582 561 539 512 495 -999999 -999999 -999999 -999999 -999999 -999999 -999999 -999999 -999999 -999999 -999999 -999999 -999999 -999999 -999999 -999999 -999999 -999999 -999999 -999999 -999999 -999999 -999999 -999999 -999999 -999999 -999999 -999999
