---
Cu Cloudbase where Cu Potential > 0 [m] Valid 1200 NZST ~Z75~(0000Z)~Z~ MON 5 Jan 2026 ~Z75~[48hrFcst@2110z]~Z~
Model= RASP Region= NZ Grid= d1 Reskm= 6.0 Indexs= 1 79 1 99 Proj= lambert 6000 6000 -35.0000 -42.0000 176.0000 -38.5000 176.0000
Day= 2026 1 5 MON ValidLST= 1200 NZST ValidZ= 000 Fcst= 48.0 Init= 46 Param= zsfclclmask Unit= m Mult= 1 Min= ****** Max= 2445
-999999 -999999 -999999 -999999 -999999 920 -999999 -999999 -999999 -999999 -999999 -999999 -999999 671 -999999 -999999 -999999 -999999 -999999 -999999 -999999 -999999 -999999 -999999 -999999 1484 1739 -999999 -999999 1965 1900 1930 1988 2133 -999999 -999999 -999999 -999999 -999999 -999999 -999999 -999999 -999999 -999999 -999999 -999999 -999999 -999999 -999999 -999999 -999999 -999999 -999999 652 677 700 720 737 751 763 777 794 812 829 842 853 -999999 -999999 -999999 884 890 898 906 913 921 929 938 943 943
-999999 -999999 -999999 -999999 -999999 -999999 -999999 -999999 -999999 -999999 -999999 -999999 -999999 -999999 536 -999999 -999999 -999999 -999999 -999999 -999999 -999999 -999999 -999999 -999999 -999999 -999999 -999999 -999999 -999999 -999999 1922 -999999 -999999 -999999 -999999 -999999 -999999 -999999 -999999 -999999 -999999 -999999 -999999 -999999 -999999 -999999 -999999 -999999 -999999 -999999 -999999 -999999 646 671 695 715 731 742 753 766 781 797 813 826 839 851 861 870 879 887 894 900 906 913 923 932 939 948
-999999 -999999 -999999 -999999 -999999 -999999 -999999 -999999 580 -999999 416 395 -999999 507 -999999 -999999 -999999 -999999 -999999 -999999 -999999 -999999 -999999 -999999 -999999 -999999 -999999 -999999 -999999 -999999 -999999 1953 -999999 -999999 -999999 -999999 -999999 -999999 -999999 -999999 -999999 -999999 -999999 -999999 -999999 -999999 -999999 -999999 -999999 -999999 -999999 -999999 -999999 642 666 690 710 725 735 746 759 775 790 805 819 832 845 857 868 877 886 894 900 907 914 924 934 942 952
-999999 -999999 -999999 -999999 -999999 -999999 -999999 376 -999999 393 347 317 287 270 268 -999999 -999999 -999999 -999999 -999999 -999999 -999999 -999999 -999999 -999999 -999999 -999999 -999999 -999999 -999999 -999999 1857 1915 -999999 -999999 -999999 1909 1781 1581 -999999 -999999 -999999 -999999 -999999 -999999 -999999 -999999 -999999 -999999 -999999 -999999 -999999 -999999 638 658 677 694 707 717 729 744 763 780 796 809 821 833 844 855 866 876 886 896 906 917 927 936 943 954
-999999 -999999 -999999 -999999 -999999 -999999 -999999 -999999 344 411 277 259 238 229 -999999 -999999 -999999 -999999 -999999 -999999 -999999 -999999 -999999 -999999 -999999 -999999 -999999 -999999 -999999 -999999 -999999 1667 1773 1804 1809 1800 1778 1744 1660 1292 -999999 -999999 -999999 -999999 -999999 -999999 -999999 -999999 -999999 -999999 -999999 -999999 -999999 634 648 662 675 686 696 710 727 749 770 785 798 807 817 828 839 848 859 873 889 905 920 929 936 942 954
-999999 -999999 -999999 -999999 -999999 -999999 -999999 -999999 -999999 605 274 -999999 224 221 -999999 -999999 -999999 -999999 -999999 -999999 -999999 -999999 -999999 -999999 -999999 -999999 -999999 -999999 -999999 1198 -999999 1701 1779 1764 1754 1767 1780 1763 1738 1672 -999999 -999999 -999999 -999999 -999999 -999999 -999999 -999999 -999999 -999999 -999999 -999999 -999999 -999999 645 659 674 687 700 715 -999999 752 770 784 797 808 820 832 845 858 -999999 -999999 -999999 909 923 931 937 942 953
-999999 -999999 -999999 -999999 -999999 -999999 -999999 -999999 279 622 278 244 206 206 -999999 -999999 -999999 -999999 -999999 -999999 -999999 -999999 -999999 -999999 -999999 -999999 -999999 -999999 -999999 1211 1405 -999999 1707 1704 1692 1692 1722 1745 1736 1711 1521 -999999 -999999 -999999 -999999 -999999 -999999 -999999 -999999 -999999 -999999 -999999 -999999 -999999 639 650 663 677 691 707 -999999 -999999 765 780 791 801 812 825 839 852 -999999 -999999 -999999 -999999 925 933 937 941 952
-999999 -999999 -999999 -999999 -999999 -999999 -999999 -999999 288 220 263 236 196 196 -999999 -999999 -999999 -999999 -999999 -999999 -999999 -999999 -999999 -999999 -999999 -999999 -999999 -999999 -999999 1143 1288 1443 -999999 -999999 -999999 -999999 -999999 -999999 -999999 1740 1693 1341 -999999 -999999 -999999 -999999 -999999 -999999 -999999 -999999 -999999 -999999 -999999 -999999 636 645 657 671 687 704 -999999 -999999 -999999 778 789 799 810 823 837 852 -999999 -999999 -999999 -999999 926 934 937 941 951
-999999 -999999 -999999 -999999 336 306 302 -999999 -999999 278 -999999 215 190 -999999 -999999 -999999 -999999 -999999 -999999 -999999 -999999 -999999 -999999 -999999 -999999 -999999 -999999 -999999 -999999 1065 1194 1330 -999999 -999999 -999999 -999999 -999999 -999999 -999999 -999999 1701 1605 -999999 -999999 -999999 -999999 -999999 -999999 -999999 -999999 -999999 -999999 -999999 -999999 -999999 638 648 662 679 696 -999999 -999999 -999999 778 789 797 807 819 833 848 862 -999999 -999999 -999999 927 935 938 941 951
-999999 -999999 -999999 -999999 342 293 280 -999999 -999999 -999999 -999999 215 187 -999999 -999999 -999999 -999999 -999999 -999999 -999999 -999999 -999999 -999999 -999999 -999999 -999999 -999999 -999999 -999999 1000 1133 1267 1394 -999999 -999999 -999999 -999999 -999999 -999999 -999999 1706 1691 1417 -999999 -999999 -999999 -999999 -999999 -999999 -999999 -999999 -999999 -999999 -999999 -999999 633 641 655 671 689 -999999 -999999 -999999 -999999 790 797 805 815 828 842 857 -999999 -999999 -999999 -999999 935 940 942 950
-999999 -999999 -999999 -999999 353 298 267 261 -999999 -999999 -999999 -999999 -999999 -999999 -999999 -999999 -999999 -999999 -999999 -999999 -999999 -999999 -999999 -999999 -999999 -999999 -999999 -999999 -999999 898 1054 1185 1271 -999999 -999999 -999999 -999999 -999999 -999999 -999999 -999999 1720 1645 -999999 -999999 -999999 -999999 -999999 -999999 -999999 -999999 -999999 -999999 -999999 -999999 630 636 649 664 682 704 -999999 -999999 -999999 792 796 802 810 822 836 850 -999999 -999999 -999999 -999999 935 940 942 949
-999999 -999999 -999999 -999999 363 317 274 252 246 240 229 -999999 -999999 -999999 -999999 -999999 -999999 -999999 -999999 -999999 -999999 -999999 -999999 -999999 -999999 -999999 -999999 -999999 -999999 774 974 1114 1233 -999999 -999999 -999999 -999999 1594 1611 1642 -999999 1716 1735 1631 -999999 -999999 -999999 -999999 -999999 -999999 -999999 -999999 -999999 -999999 -999999 -999999 635 645 658 676 697 -999999 -999999 -999999 791 795 799 805 816 828 842 859 -999999 -999999 -999999 933 940 942 949
-999999 -999999 -999999 -999999 370 339 298 262 242 232 223 212 -999999 -999999 -999999 -999999 -999999 144 155 164 -999999 -999999 173 203 -999999 -999999 -999999 -999999 -999999 -999999 954 1101 1204 1325 -999999 -999999 -999999 1595 1601 1635 1727 1798 1786 1651 1382 -999999 -999999 -999999 -999999 -999999 -999999 -999999 -999999 -999999 -999999 -999999 638 644 654 669 689 -999999 -999999 -999999 786 792 794 800 809 821 834 850 -999999 -999999 -999999 -999999 937 941 949
-999999 -999999 -999999 -999999 -999999 356 325 291 259 236 221 209 199 190 -999999 -999999 -999999 165 170 177 -999999 -999999 185 202 223 -999999 -999999 -999999 -999999 -999999 941 1098 1221 1325 -999999 -999999 -999999 1601 1612 1651 1734 1776 1769 1694 1454 -999999 -999999 -999999 -999999 -999999 -999999 -999999 -999999 -999999 -999999 -999999 642 644 651 661 680 704 -999999 -999999 776 786 788 794 802 813 826 842 -999999 -999999 -999999 -999999 933 940 950
-999999 -999999 -999999 -999999 -999999 -999999 345 320 291 262 236 217 202 190 183 176 -999999 176 181 181 -999999 184 196 217 233 251 -999999 -999999 -999999 -999999 -999999 1087 1237 1361 1460 -999999 -999999 -999999 1616 1673 1738 1779 1798 1767 1526 -999999 -999999 -999999 -999999 -999999 -999999 -999999 -999999 -999999 -999999 -999999 646 646 649 655 670 691 716 -999999 762 777 782 787 795 805 818 834 -999999 -999999 -999999 -999999 -999999 937 951
-999999 -999999 -999999 -999999 -999999 -999999 -999999 339 318 293 266 239 217 200 188 180 -999999 182 182 -999999 189 198 210 228 251 264 272 -999999 -999999 -999999 -999999 1125 1275 1421 1543 -999999 -999999 -999999 -999999 1767 1783 1821 1853 1821 1675 -999999 -999999 -999999 -999999 -999999 -999999 -999999 -999999 -999999 -999999 -999999 -999999 649 650 650 662 680 702 725 747 765 776 782 789 798 809 826 847 -999999 -999999 -999999 -999999 -999999 952
-999999 -999999 -999999 -999999 -999999 -999999 -999999 -999999 -999999 317 294 267 241 218 202 193 188 189 191 197 205 213 225 240 263 280 295 -999999 -999999 -999999 -999999 1182 1346 1506 -999999 -999999 -999999 1823 -999999 1865 1819 1788 1851 1833 1846 1542 -999999 -999999 -999999 -999999 -999999 -999999 -999999 -999999 -999999 -999999 -999999 655 653 651 658 673 692 712 732 752 769 777 784 791 802 818 839 -999999 -999999 -999999 -999999 -999999 -999999
-999999 -999999 -999999 -999999 -999999 -999999 -999999 -999999 -999999 -999999 312 289 265 242 224 216 215 215 215 218 222 229 237 248 275 -999999 -999999 -999999 -999999 -999999 -999999 1245 1428 1588 -999999 -999999 -999999 1854 1926 1942 1893 1846 1848 1871 1879 1774 1592 1473 -999999 -999999 -999999 -999999 -999999 -999999 -999999 -999999 -999999 662 660 658 661 671 685 701 720 740 759 772 778 786 796 812 832 -999999 -999999 -999999 -999999 -999999 -999999
-999999 -999999 -999999 -999999 -999999 -999999 -999999 -999999 -999999 -999999 -999999 307 287 268 253 245 243 242 240 239 239 240 246 258 -999999 -999999 -999999 -999999 -999999 -999999 -999999 1268 1487 1657 1784 1807 1862 1886 1914 -999999 1985 1871 1806 1828 1835 1806 1761 1759 1507 -999999 -999999 -999999 -999999 -999999 -999999 -999999 -999999 -999999 670 670 669 674 681 693 709 728 749 765 774 781 792 807 827 -999999 -999999 -999999 -999999 -999999 -999999
407 -999999 -999999 -999999 -999999 -999999 -999999 -999999 -999999 -999999 -999999 -999999 306 292 281 275 271 266 260 255 252 252 258 272 -999999 -999999 -999999 -999999 -999999 -999999 -999999 1311 1536 1709 1823 -999999 -999999 1924 1895 1963 2016 1896 1740 1770 1797 1809 1837 1805 1614 -999999 -999999 -999999 -999999 -999999 -999999 -999999 -999999 -999999 681 683 680 679 679 685 698 716 737 756 768 778 790 805 823 -999999 -999999 -999999 -999999 -999999 -999999
399 389 -999999 -999999 -999999 -999999 -999999 -999999 -999999 -999999 -999999 -999999 -999999 -999999 -999999 300 294 286 277 272 268 269 -999999 -999999 -999999 -999999 -999999 -999999 -999999 999 1204 1431 1641 1784 1865 1939 1980 1961 1896 1937 2052 1893 -999999 1690 1732 1785 1850 1814 1672 -999999 -999999 -999999 -999999 -999999 -999999 -999999 -999999 -999999 691 693 691 685 678 679 688 704 723 742 760 775 789 804 822 842 -999999 -999999 -999999 -999999 -999999
397 388 -999999 -999999 -999999 -999999 -999999 -999999 -999999 -999999 -999999 -999999 -999999 -999999 -999999 -999999 -999999 -999999 294 290 284 -999999 -999999 -999999 -999999 -999999 -999999 -999999 1005 1151 1364 1577 1738 1838 1890 1950 1989 1972 1924 1925 2060 1906 -999999 1629 1681 1750 1817 1739 1718 1510 -999999 -999999 -999999 -999999 -999999 -999999 -999999 -999999 -999999 -999999 698 689 679 675 681 694 710 -999999 -999999 -999999 -999999 804 821 839 -999999 -999999 -999999 -999999 -999999
400 391 -999999 -999999 -999999 -999999 -999999 -999999 -999999 -999999 -999999 -999999 -999999 -999999 -999999 -999999 -999999 -999999 -999999 -999999 -999999 -999999 -999999 -999999 -999999 -999999 -999999 -999999 1103 1255 1459 1648 1776 1861 1909 1949 1969 1954 1952 1929 2073 1934 -999999 1591 1665 1745 1799 1717 -999999 1563 -999999 -999999 -999999 -999999 -999999 -999999 -999999 -999999 -999999 -999999 -999999 692 681 674 677 686 700 -999999 -999999 -999999 -999999 -999999 -999999 837 -999999 -999999 -999999 -999999 -999999
406 397 394 -999999 -999999 -999999 -999999 -999999 -999999 379 374 -999999 -999999 355 348 341 -999999 -999999 -999999 -999999 -999999 -999999 -999999 -999999 -999999 -999999 -999999 1056 1176 1340 1540 1707 1801 1864 1914 1949 1949 1935 1952 1943 2087 1955 -999999 1582 1646 -999999 1702 1601 -999999 -999999 -999999 -999999 -999999 -999999 -999999 -999999 -999999 -999999 -999999 -999999 -999999 696 686 678 677 681 691 -999999 -999999 -999999 -999999 -999999 -999999 -999999 -999999 -999999 -999999 -999999 -999999
415 405 401 -999999 -999999 -999999 -999999 -999999 390 385 379 372 365 355 353 -999999 -999999 -999999 -999999 -999999 -999999 -999999 -999999 -999999 -999999 1122 1222 1273 1348 1492 1670 1797 1848 1892 1939 1973 1948 1925 1929 1935 2160 2012 -999999 1579 1634 1637 1667 -999999 -999999 -999999 -999999 -999999 -999999 -999999 -999999 -999999 -999999 -999999 -999999 -999999 -999999 -999999 692 684 678 677 682 695 -999999 -999999 -999999 -999999 -999999 -999999 -999999 -999999 -999999 -999999 -999999
424 414 410 -999999 -999999 -999999 406 400 394 387 380 372 363 356 352 -999999 -999999 -999999 -999999 -999999 -999999 -999999 1032 1134 1239 1358 1464 1531 1586 1672 1774 1846 1878 1924 1968 1999 1987 1947 1955 1954 2081 2068 1628 1569 1635 1636 -999999 -999999 -999999 -999999 -999999 -999999 -999999 -999999 -999999 -999999 -999999 -999999 -999999 -999999 -999999 -999999 -999999 688 679 673 674 685 -999999 -999999 -999999 -999999 -999999 -999999 -999999 -999999 -999999 -999999 -999999
433 423 420 -999999 -999999 417 412 405 398 389 380 370 360 358 -999999 -999999 -999999 528 674 -999999 -999999 -999999 1122 1232 1356 1462 1535 1600 1675 1756 1830 1881 1919 1960 1982 2005 2034 2012 1985 1986 2124 2201 1785 -999999 1582 1547 -999999 -999999 -999999 -999999 -999999 -999999 -999999 -999999 -999999 -999999 -999999 -999999 -999999 -999999 -999999 -999999 -999999 690 680 672 671 679 -999999 -999999 -999999 -999999 -999999 -999999 -999999 -999999 -999999 -999999 -999999
-999999 -999999 -999999 -999999 428 425 419 413 404 394 381 369 358 -999999 -999999 -999999 492 613 746 872 993 1103 1198 1300 1399 1496 1595 1684 1770 1835 1868 1895 1938 1977 2003 2017 2037 2064 2043 2040 2103 2299 1981 -999999 1485 1436 -999999 -999999 -999999 -999999 -999999 -999999 -999999 -999999 -999999 -999999 -999999 -999999 -999999 -999999 -999999 -999999 -999999 -999999 -999999 -999999 -999999 679 -999999 -999999 -999999 -999999 -999999 -999999 -999999 -999999 -999999 -999999 -999999
-999999 -999999 -999999 -999999 439 433 426 417 410 395 380 -999999 -999999 -999999 -999999 -999999 -999999 728 844 971 1094 1210 1316 1410 1510 1619 1697 1749 1811 1859 1886 1929 1998 2053 2084 2106 2071 2109 2114 2109 2137 2331 2122 1602 1406 1362 -999999 -999999 -999999 -999999 -999999 -999999 -999999 -999999 -999999 -999999 -999999 -999999 -999999 -999999 -999999 -999999 -999999 -999999 -999999 -999999 -999999 -999999 -999999 -999999 -999999 -999999 -999999 -999999 -999999 -999999 -999999 -999999 -999999
-999999 -999999 -999999 -999999 447 439 432 416 423 -999999 387 -999999 -999999 -999999 -999999 795 811 860 954 1075 1191 1313 1414 1503 1609 1699 1750 1802 1846 1864 1903 1987 2074 2118 2105 2132 2151 2161 2165 2229 2238 2309 2084 1594 1392 1318 -999999 -999999 -999999 -999999 -999999 -999999 -999999 -999999 -999999 -999999 -999999 -999999 -999999 -999999 -999999 -999999 -999999 -999999 -999999 -999999 -999999 -999999 -999999 -999999 -999999 -999999 -999999 -999999 -999999 -999999 -999999 -999999 -999999
-999999 -999999 -999999 -999999 453 443 437 -999999 426 332 644 780 -999999 -999999 939 976 1005 1054 1133 1227 1322 1418 1498 1592 1693 1746 1781 1828 1847 1855 1908 2008 2106 2166 2178 2216 2260 2273 2263 2296 2319 2351 1917 1540 1441 -999999 -999999 -999999 -999999 -999999 -999999 -999999 -999999 -999999 -999999 -999999 -999999 -999999 -999999 -999999 -999999 -999999 -999999 -999999 -999999 -999999 -999999 -999999 -999999 -999999 -999999 -999999 -999999 -999999 -999999 -999999 -999999 -999999 -999999
-999999 -999999 -999999 -999999 -999999 448 -999999 445 360 606 795 922 -999999 -999999 1062 1076 1164 1237 1297 1369 1448 1507 1582 1684 1734 1733 1761 1807 1818 1832 1909 1969 2020 2077 2161 2211 2311 2362 2395 2419 2406 2348 -999999 1572 1459 -999999 -999999 -999999 -999999 -999999 -999999 -999999 -999999 -999999 -999999 -999999 -999999 -999999 -999999 -999999 -999999 -999999 -999999 -999999 -999999 -999999 -999999 -999999 -999999 -999999 -999999 -999999 -999999 -999999 -999999 -999999 -999999 -999999 -999999
-999999 -999999 -999999 -999999 -999999 447 450 400 546 750 895 1086 -999999 -999999 1209 1215 1308 1364 1402 1454 1524 1594 1681 1726 1714 1713 1732 1754 1775 1844 1895 1942 1983 2032 2057 2173 2311 2413 2445 2428 2431 2354 -999999 1685 1532 -999999 -999999 -999999 -999999 -999999 -999999 -999999 -999999 -999999 -999999 -999999 -999999 -999999 -999999 -999999 -999999 -999999 -999999 -999999 -999999 -999999 -999999 -999999 -999999 -999999 -999999 -999999 -999999 -999999 -999999 -999999 -999999 -999999 -999999
-999999 -999999 -999999 -999999 458 -999999 457 361 607 867 1065 -999999 -999999 1510 1390 1364 1391 1442 1482 1540 1611 1649 1688 1705 1690 1720 1750 1733 1753 1825 1867 1935 2048 2150 2157 2223 2349 2433 2391 2417 2412 2393 -999999 1762 1573 -999999 -999999 -999999 -999999 -999999 -999999 -999999 -999999 -999999 -999999 -999999 -999999 -999999 -999999 -999999 -999999 -999999 -999999 -999999 -999999 -999999 -999999 -999999 -999999 -999999 -999999 -999999 -999999 -999999 -999999 -999999 -999999 -999999 -999999
-999999 -999999 -999999 -999999 -999999 452 -999999 534 703 893 1105 -999999 1752 1500 1399 1355 1359 1447 1529 1584 1630 1638 1644 1638 1649 1678 1709 1710 1722 1757 1827 1926 2094 2262 2351 2381 2397 2279 -999999 2284 2374 2363 2122 1701 -999999 -999999 -999999 1289 -999999 -999999 -999999 -999999 -999999 -999999 -999999 -999999 -999999 -999999 -999999 -999999 -999999 -999999 -999999 -999999 -999999 -999999 -999999 -999999 -999999 -999999 -999999 -999999 -999999 -999999 -999999 -999999 -999999 -999999 -999999
-999999 -999999 -999999 -999999 -999999 449 -999999 -999999 641 844 1105 -999999 1612 1400 1238 1164 1188 1317 1454 1550 1593 1595 1607 1609 1615 1619 1652 1679 1664 1697 1777 1898 2053 2237 2390 2420 2318 2312 2252 2221 2206 2245 2176 -999999 -999999 -999999 1501 1450 1296 -999999 -999999 -999999 -999999 -999999 -999999 -999999 -999999 -999999 -999999 -999999 -999999 -999999 -999999 -999999 -999999 -999999 -999999 -999999 -999999 -999999 -999999 -999999 -999999 -999999 -999999 -999999 -999999 -999999 -999999
-999999 -999999 -999999 -999999 -999999 -999999 442 -999999 594 789 981 -999999 1289 1179 1042 985 1035 1150 1304 1454 1535 1569 1564 1575 1606 1607 1645 1699 1674 1663 1730 1848 1980 2069 2243 2266 2188 2202 2187 2201 2124 2063 2064 2062 -999999 -999999 1631 1554 1407 -999999 -999999 -999999 -999999 -999999 -999999 -999999 -999999 -999999 -999999 -999999 -999999 -999999 -999999 -999999 -999999 -999999 -999999 -999999 -999999 -999999 -999999 -999999 -999999 -999999 -999999 -999999 -999999 -999999 -999999
-999999 -999999 -999999 -999999 -999999 -999999 443 -999999 -999999 -999999 -999999 -999999 -999999 943 868 820 894 1009 1160 1325 1441 1504 1526 1554 1596 1594 1607 1637 1631 1643 1683 1808 1912 2001 2104 2145 2067 2027 2034 2052 2008 1991 1970 1995 2036 1970 -999999 1590 1434 -999999 -999999 -999999 -999999 -999999 -999999 -999999 -999999 -999999 -999999 -999999 -999999 -999999 -999999 -999999 -999999 -999999 -999999 -999999 -999999 -999999 -999999 -999999 -999999 -999999 -999999 -999999 -999999 -999999 -999999
-999999 -999999 -999999 -999999 -999999 -999999 -999999 -999999 -999999 -999999 -999999 -999999 -999999 751 738 733 800 895 1040 -999999 -999999 -999999 -999999 1508 1551 1606 1622 1606 1601 1631 1646 1736 1831 1943 1958 2032 1967 1830 1852 1897 1913 1938 1924 1928 2006 2052 1929 -999999 1545 1405 -999999 -999999 871 -999999 -999999 -999999 -999999 -999999 -999999 -999999 -999999 -999999 -999999 -999999 -999999 -999999 -999999 -999999 -999999 -999999 -999999 -999999 -999999 -999999 -999999 -999999 -999999 -999999 -999999
-999999 -999999 -999999 -999999 -999999 -999999 -999999 -999999 -999999 -999999 -999999 -999999 -999999 -999999 617 628 662 -999999 -999999 -999999 -999999 -999999 -999999 1474 1532 1567 1588 1566 1588 1618 1611 1636 1727 1834 1879 1993 1752 1645 1737 1793 1825 1852 1888 1940 1996 2030 2000 1877 -999999 -999999 1296 1186 -999999 -999999 -999999 -999999 -999999 -999999 -999999 -999999 -999999 -999999 -999999 -999999 -999999 -999999 -999999 -999999 -999999 -999999 -999999 -999999 -999999 -999999 -999999 -999999 -999999 -999999 -999999
-999999 -999999 -999999 -999999 -999999 -999999 -999999 -999999 -999999 -999999 -999999 -999999 -999999 -999999 -999999 -999999 -999999 -999999 -999999 -999999 -999999 -999999 -999999 -999999 1502 1509 1559 1518 1505 1550 1599 1600 1707 1780 1813 1911 -999999 -999999 1658 1787 1828 1845 1872 1906 1944 1976 2008 2011 1865 -999999 1419 1353 1246 1123 987 -999999 -999999 -999999 -999999 -999999 -999999 -999999 -999999 1229 -999999 -999999 -999999 -999999 -999999 -999999 -999999 -999999 -999999 -999999 -999999 -999999 -999999 -999999 -999999
-999999 -999999 -999999 -999999 -999999 -999999 -999999 -999999 -999999 -999999 -999999 -999999 -999999 -999999 -999999 -999999 -999999 -999999 -999999 -999999 -999999 -999999 -999999 -999999 1454 1469 1529 1545 1502 1554 1594 1583 1654 1747 1823 1825 -999999 -999999 -999999 1754 1799 1832 1858 1911 1929 1948 1968 1998 2036 1873 -999999 1394 1338 1277 1174 -999999 -999999 -999999 -999999 -999999 -999999 -999999 1412 1320 -999999 -999999 -999999 -999999 -999999 -999999 -999999 -999999 -999999 -999999 -999999 -999999 -999999 -999999 -999999
-999999 -999999 -999999 -999999 -999999 -999999 -999999 -999999 -999999 -999999 -999999 -999999 -999999 -999999 -999999 -999999 -999999 -999999 -999999 -999999 -999999 -999999 -999999 -999999 1409 1453 1523 1548 1533 1500 1533 1561 1642 1737 1832 1816 -999999 -999999 -999999 -999999 -999999 1806 1805 1892 1940 1890 1889 1953 1956 1979 1801 -999999 1420 1399 1371 1298 1214 -999999 -999999 -999999 -999999 1425 1465 1226 -999999 -999999 -999999 -999999 -999999 -999999 -999999 -999999 -999999 -999999 -999999 -999999 -999999 -999999 -999999
-999999 -999999 -999999 -999999 -999999 -999999 -999999 -999999 -999999 -999999 -999999 -999999 -999999 -999999 -999999 -999999 -999999 -999999 -999999 -999999 -999999 -999999 -999999 -999999 1370 1412 1467 1504 1522 1519 1551 1595 1644 1775 1888 1709 1519 -999999 -999999 -999999 -999999 1804 1845 1893 1919 1843 1815 1900 1929 1907 1884 1739 -999999 -999999 -999999 1414 1378 1358 1320 1389 1422 1461 1380 1134 -999999 -999999 -999999 -999999 -999999 -999999 -999999 -999999 -999999 -999999 -999999 -999999 -999999 -999999 -999999
-999999 -999999 -999999 -999999 -999999 -999999 -999999 -999999 -999999 -999999 -999999 -999999 -999999 -999999 -999999 -999999 -999999 -999999 -999999 -999999 -999999 -999999 -999999 -999999 1305 1347 1398 1443 1507 1540 1541 1590 1721 1811 1835 -999999 -999999 -999999 -999999 -999999 1762 1820 1827 1855 1867 1801 1815 1864 1880 1802 1744 1694 1765 -999999 -999999 1488 1391 1430 1416 1457 1459 1386 1219 -999999 -999999 -999999 -999999 -999999 -999999 -999999 -999999 -999999 -999999 -999999 -999999 -999999 -999999 -999999 -999999
-999999 -999999 -999999 -999999 -999999 -999999 -999999 -999999 -999999 -999999 -999999 -999999 -999999 -999999 -999999 -999999 -999999 -999999 -999999 -999999 -999999 -999999 -999999 -999999 1249 1339 1405 1447 1478 1475 1571 1642 1714 1771 1844 1730 -999999 -999999 -999999 -999999 1763 1803 1790 1795 1779 1772 1780 1789 1780 1723 1745 1728 1725 1770 1705 -999999 -999999 -999999 1476 1483 1440 1337 1175 -999999 -999999 -999999 -999999 -999999 -999999 -999999 -999999 -999999 -999999 -999999 -999999 -999999 -999999 -999999 -999999
-999999 -999999 -999999 -999999 -999999 -999999 -999999 -999999 -999999 -999999 -999999 -999999 -999999 -999999 -999999 -999999 -999999 -999999 -999999 -999999 -999999 -999999 -999999 1091 1184 1307 1413 1448 1459 1483 1506 1581 1680 1798 1825 1773 -999999 1658 1678 1670 1701 1725 1732 1742 1780 1794 1708 1693 1693 1726 1656 1719 1685 1703 1770 1732 -999999 -999999 -999999 1371 1415 1359 1196 -999999 -999999 -999999 -999999 -999999 -999999 -999999 -999999 -999999 -999999 -999999 -999999 -999999 -999999 -999999 -999999
-999999 -999999 -999999 -999999 -999999 -999999 -999999 -999999 -999999 -999999 -999999 -999999 -999999 -999999 -999999 -999999 -999999 -999999 -999999 -999999 -999999 -999999 -999999 1000 1140 1279 1387 1380 1422 1448 1451 1540 1616 1710 1742 1725 1679 1690 1694 1677 1635 1611 1683 1690 1686 1694 1656 1695 1708 1733 1684 1725 1694 1691 1739 1804 1769 -999999 -999999 -999999 -999999 1350 1253 1029 -999999 -999999 924 990 -999999 -999999 -999999 -999999 -999999 -999999 -999999 -999999 -999999 -999999 -999999
-999999 -999999 -999999 -999999 -999999 -999999 -999999 -999999 -999999 -999999 -999999 -999999 -999999 -999999 -999999 -999999 -999999 -999999 -999999 -999999 -999999 -999999 973 1024 1170 1287 1350 1359 1359 1382 1429 1514 1512 1626 1715 1659 1579 1556 1598 1627 1668 1626 1575 1569 1607 1662 1685 1622 1641 1659 1705 1712 1712 1658 1688 1773 1815 1663 -999999 -999999 -999999 1241 1331 1235 1067 -999999 1120 1129 1010 911 867 -999999 -999999 -999999 -999999 -999999 -999999 -999999 -999999
-999999 -999999 -999999 -999999 -999999 -999999 -999999 -999999 -999999 -999999 -999999 -999999 -999999 -999999 -999999 -999999 -999999 -999999 -999999 -999999 -999999 848 1035 1106 1218 1336 1371 1358 1337 1355 1384 1419 1476 1625 1647 1524 1520 1542 1531 1511 1590 1632 1590 1565 1568 1648 1695 1661 1607 1603 1635 1657 1639 1639 1621 1655 1700 1702 1531 1427 -999999 -999999 1322 1333 1237 1230 1239 1180 1080 934 857 -999999 -999999 -999999 -999999 -999999 -999999 -999999 -999999
-999999 -999999 -999999 -999999 -999999 -999999 -999999 -999999 -999999 -999999 -999999 -999999 -999999 -999999 -999999 -999999 -999999 -999999 -999999 -999999 -999999 791 968 1087 1161 1289 1348 1324 1324 1330 1359 1425 1546 1549 1474 1401 1457 1527 1486 1526 1579 1606 1616 1591 1565 1568 1636 1648 1586 1538 1544 1580 1588 1552 1498 1501 1554 1566 1451 1361 1252 -999999 -999999 1365 1367 1345 1292 1241 1108 968 842 833 -999999 -999999 -999999 -999999 -999999 -999999 -999999
-999999 -999999 -999999 -999999 -999999 -999999 -999999 -999999 -999999 -999999 -999999 -999999 -999999 -999999 -999999 -999999 -999999 -999999 -999999 -999999 -999999 716 829 908 1025 1182 1299 1290 1283 1296 1313 1433 1493 1422 1389 1374 1471 1521 1492 1472 1518 1580 1610 1655 1618 1521 1552 1641 1543 1448 1452 1502 1525 1465 1355 1353 1423 1417 1351 1303 1295 1347 1410 1387 1403 1399 1327 1230 1076 937 865 808 743 -999999 -999999 -999999 -999999 -999999 -999999
-999999 -999999 -999999 -999999 -999999 -999999 -999999 -999999 -999999 -999999 -999999 -999999 -999999 -999999 -999999 -999999 -999999 -999999 -999999 -999999 -999999 591 704 807 953 1136 1302 1309 1238 1247 1283 1342 1374 1326 1357 1324 1400 1420 1388 1465 1523 1537 1582 1660 -999999 -999999 -999999 1568 1437 -999999 -999999 1322 1420 1378 1297 1273 1320 1336 1321 1309 1334 1420 1512 -999999 -999999 1391 1396 1274 1070 928 838 782 726 -999999 -999999 -999999 -999999 -999999 -999999
-999999 -999999 -999999 -999999 -999999 -999999 -999999 -999999 -999999 -999999 -999999 -999999 -999999 -999999 -999999 -999999 -999999 -999999 -999999 -999999 -999999 525 646 774 947 1094 1175 1185 1178 1205 1235 1245 1243 1269 1261 1308 1321 1312 1351 1438 1504 1547 1618 1615 -999999 -999999 -999999 1453 1336 -999999 1185 1175 1241 1247 1215 1190 1220 1239 1234 1268 1301 1390 1489 1519 -999999 1454 1464 1343 1159 1014 900 814 721 -999999 -999999 -999999 -999999 -999999 -999999
-999999 -999999 -999999 -999999 -999999 -999999 -999999 -999999 -999999 -999999 -999999 -999999 -999999 -999999 -999999 -999999 -999999 -999999 -999999 -999999 417 575 743 906 1051 1094 1146 1140 1134 1156 1171 1164 1179 1208 1238 1266 1252 1239 1308 1410 1485 1537 1621 1603 -999999 -999999 1467 1297 1229 1119 1093 1115 1140 1112 1100 1096 1106 1149 1175 1194 1224 1310 1422 1540 1511 1409 1477 1247 1161 1006 847 757 668 -999999 -999999 -999999 -999999 -999999 -999999
-999999 -999999 -999999 -999999 -999999 -999999 -999999 462 -999999 -999999 -999999 -999999 -999999 -999999 -999999 -999999 -999999 -999999 -999999 -999999 -999999 625 -999999 -999999 905 1030 1100 1126 1108 1107 1120 1122 1138 1170 1195 1235 1211 1215 1296 1381 1450 1526 1571 1459 -999999 -999999 1191 1095 1032 1002 979 1014 1034 1012 1019 1019 1012 1080 1104 1105 1132 1215 1328 1420 1519 1569 -999999 997 1113 976 832 746 660 -999999 -999999 -999999 -999999 -999999 -999999
-999999 -999999 -999999 -999999 -999999 -999999 459 458 -999999 -999999 -999999 -999999 -999999 -999999 -999999 -999999 -999999 -999999 -999999 -999999 -999999 -999999 -999999 -999999 793 968 1055 1073 1057 1073 1101 1118 1143 1169 1166 1173 1186 1213 1283 1358 1429 1522 1435 -999999 -999999 -999999 1045 1086 1036 957 906 907 933 935 -999999 -999999 -999999 -999999 1002 1013 1053 1123 1198 1278 1366 1351 1023 960 967 933 831 749 706 633 -999999 -999999 -999999 -999999 -999999
-999999 -999999 -999999 -999999 -999999 -999999 455 455 -999999 -999999 -999999 -999999 -999999 -999999 -999999 -999999 -999999 -999999 -999999 -999999 -999999 -999999 -999999 -999999 823 994 1065 1039 1024 1059 1082 1091 1137 1178 1168 1164 1166 1191 1252 1335 1425 1512 1358 -999999 -999999 941 992 1039 997 939 860 828 -999999 -999999 -999999 -999999 -999999 -999999 -999999 -999999 -999999 994 1050 1136 1198 1197 1100 978 903 864 850 756 635 -999999 -999999 -999999 -999999 -999999 -999999
-999999 -999999 -999999 -999999 -999999 -999999 452 454 -999999 -999999 -999999 -999999 -999999 -999999 -999999 -999999 -999999 -999999 -999999 -999999 -999999 -999999 -999999 850 966 1054 1098 1048 1029 1066 1056 1054 1096 1150 1183 1186 1155 1145 1210 1320 1408 1464 1369 -999999 -999999 -999999 888 870 840 817 -999999 -999999 -999999 -999999 -999999 -999999 -999999 -999999 -999999 -999999 -999999 843 946 1053 1114 1135 1198 1064 961 857 777 782 707 616 -999999 -999999 -999999 -999999 -999999
-999999 -999999 -999999 -999999 -999999 455 451 455 -999999 -999999 -999999 -999999 -999999 -999999 -999999 -999999 -999999 -999999 -999999 -999999 -999999 -999999 -999999 977 1063 1082 1103 1063 1039 1041 1044 1054 1081 1125 1152 1149 1121 1101 1176 1286 1306 1296 1253 -999999 -999999 796 780 774 765 743 -999999 -999999 -999999 -999999 -999999 -999999 -999999 -999999 -999999 -999999 -999999 -999999 835 945 1014 1094 1148 1039 1018 906 711 763 758 630 -999999 -999999 -999999 -999999 -999999
-999999 -999999 -999999 -999999 -999999 454 451 456 -999999 -999999 -999999 -999999 -999999 -999999 -999999 -999999 -999999 -999999 -999999 -999999 -999999 -999999 -999999 -999999 1060 1059 1094 1089 1049 1042 1071 1084 1104 1133 1128 1105 1083 1080 1153 1157 1035 1005 1036 935 793 758 707 -999999 -999999 -999999 -999999 -999999 -999999 -999999 -999999 -999999 -999999 -999999 -999999 -999999 -999999 -999999 696 824 922 1030 940 906 911 802 613 688 760 637 -999999 -999999 -999999 -999999 -999999
-999999 -999999 -999999 -999999 -999999 454 454 -999999 -999999 -999999 -999999 -999999 -999999 -999999 -999999 -999999 -999999 -999999 -999999 -999999 -999999 -999999 -999999 -999999 -999999 984 1065 1113 1114 1113 1112 1109 1125 1135 1120 1117 1084 1087 1125 969 767 793 857 813 717 -999999 -999999 -999999 -999999 -999999 -999999 -999999 -999999 -999999 -999999 -999999 -999999 -999999 -999999 -999999 -999999 -999999 -999999 684 828 928 852 797 853 996 757 723 788 751 772 -999999 -999999 -999999 -999999
-999999 -999999 -999999 -999999 -999999 455 456 -999999 -999999 -999999 -999999 -999999 -999999 -999999 445 474 -999999 -999999 -999999 -999999 -999999 -999999 -999999 -999999 -999999 925 1040 1148 1217 1192 1112 1101 1121 1113 1099 1089 1058 1068 1046 835 677 715 732 693 -999999 -999999 -999999 -999999 -999999 -999999 -999999 -999999 -999999 -999999 -999999 -999999 -999999 -999999 -999999 -999999 -999999 -999999 -999999 -999999 728 855 836 792 897 998 928 825 887 889 901 -999999 -999999 -999999 -999999
-999999 -999999 -999999 -999999 450 455 -999999 -999999 -999999 -999999 -999999 -999999 -999999 -999999 464 -999999 -999999 -999999 -999999 -999999 -999999 -999999 -999999 -999999 945 1026 1130 1185 1201 1158 1086 1064 1076 1070 1055 1034 1016 999 873 703 -999999 -999999 -999999 -999999 -999999 -999999 -999999 -999999 -999999 -999999 -999999 -999999 -999999 -999999 -999999 -999999 -999999 -999999 -999999 -999999 -999999 -999999 -999999 -999999 629 747 787 845 918 954 930 858 957 939 950 -999999 -999999 -999999 -999999
-999999 -999999 -999999 -999999 449 455 -999999 -999999 -999999 -999999 -999999 -999999 -999999 -999999 -999999 -999999 -999999 -999999 -999999 -999999 -999999 -999999 -999999 -999999 1033 1129 1209 1199 1138 1086 1072 1052 1032 1013 1016 1000 989 907 702 -999999 -999999 -999999 -999999 -999999 -999999 -999999 -999999 -999999 -999999 -999999 -999999 -999999 -999999 -999999 -999999 -999999 -999999 -999999 -999999 -999999 -999999 -999999 -999999 -999999 -999999 616 664 732 878 906 872 903 925 895 893 -999999 -999999 -999999 -999999
-999999 -999999 -999999 -999999 446 454 -999999 -999999 -999999 -999999 -999999 -999999 -999999 -999999 -999999 -999999 -999999 -999999 -999999 -999999 -999999 -999999 -999999 -999999 1032 1134 1190 1176 1104 1060 1073 1071 1016 995 990 994 948 761 -999999 -999999 -999999 -999999 -999999 -999999 -999999 -999999 -999999 -999999 -999999 -999999 -999999 -999999 -999999 -999999 -999999 -999999 -999999 -999999 -999999 -999999 -999999 -999999 -999999 -999999 -999999 -999999 -999999 -999999 794 857 853 903 879 810 -999999 -999999 -999999 -999999 -999999
-999999 -999999 -999999 -999999 444 452 -999999 -999999 -999999 -999999 -999999 -999999 -999999 -999999 -999999 -999999 -999999 -999999 -999999 -999999 -999999 -999999 -999999 976 1076 1159 1186 1163 1102 1078 1096 1044 970 971 996 1027 904 -999999 -999999 -999999 -999999 -999999 -999999 -999999 -999999 -999999 -999999 -999999 -999999 -999999 -999999 -999999 -999999 -999999 -999999 -999999 -999999 -999999 -999999 -999999 -999999 -999999 -999999 -999999 -999999 -999999 -999999 -999999 -999999 777 781 841 812 -999999 -999999 -999999 -999999 -999999 -999999
-999999 -999999 -999999 -999999 442 451 -999999 -999999 -999999 -999999 -999999 -999999 -999999 -999999 -999999 -999999 -999999 -999999 -999999 -999999 -999999 -999999 -999999 1050 1150 1177 1198 1151 1113 1111 1096 1018 952 968 1009 1005 826 -999999 -999999 -999999 -999999 -999999 -999999 -999999 -999999 -999999 -999999 -999999 -999999 -999999 -999999 -999999 -999999 -999999 -999999 -999999 -999999 -999999 -999999 -999999 -999999 -999999 501 -999999 -999999 -999999 -999999 -999999 -999999 -999999 -999999 -999999 -999999 -999999 -999999 -999999 -999999 -999999 -999999
-999999 -999999 -999999 -999999 442 451 -999999 -999999 -999999 -999999 -999999 -999999 -999999 -999999 -999999 -999999 -999999 -999999 -999999 -999999 -999999 -999999 -999999 1071 1155 1148 1154 1085 1055 1073 1062 1021 1000 1016 1029 908 679 552 -999999 -999999 -999999 -999999 -999999 -999999 -999999 -999999 -999999 -999999 -999999 -999999 -999999 -999999 -999999 -999999 -999999 -999999 -999999 -999999 -999999 -999999 -999999 -999999 502 473 -999999 -999999 -999999 -999999 -999999 -999999 -999999 -999999 -999999 -999999 -999999 -999999 -999999 -999999 -999999
-999999 -999999 -999999 -999999 443 452 -999999 -999999 -999999 -999999 -999999 -999999 -999999 -999999 -999999 -999999 -999999 -999999 -999999 -999999 -999999 -999999 1029 1095 1191 1212 1142 -999999 -999999 1028 1017 994 998 1024 991 -999999 564 524 -999999 -999999 -999999 -999999 -999999 -999999 -999999 -999999 -999999 -999999 -999999 -999999 -999999 -999999 -999999 -999999 -999999 -999999 -999999 -999999 -999999 -999999 -999999 -999999 500 465 -999999 -999999 -999999 -999999 -999999 -999999 -999999 -999999 -999999 -999999 -999999 -999999 -999999 -999999 -999999
-999999 -999999 -999999 -999999 444 454 -999999 -999999 -999999 -999999 -999999 -999999 -999999 -999999 -999999 -999999 -999999 -999999 -999999 -999999 -999999 -999999 1105 1191 1230 1233 1174 1058 1012 1037 1005 966 989 986 878 -999999 517 520 -999999 -999999 -999999 -999999 -999999 -999999 -999999 -999999 -999999 -999999 -999999 475 473 472 474 -999999 -999999 -999999 -999999 -999999 -999999 -999999 -999999 512 478 402 484 -999999 -999999 -999999 -999999 -999999 -999999 -999999 -999999 -999999 -999999 -999999 -999999 -999999 -999999
-999999 -999999 -999999 -999999 448 -999999 -999999 -999999 -999999 -999999 -999999 -999999 -999999 -999999 -999999 -999999 -999999 -999999 -999999 -999999 -999999 -999999 1089 1179 1225 1213 1170 1081 993 977 948 929 980 926 784 -999999 465 461 -999999 -999999 -999999 -999999 -999999 -999999 -999999 -999999 -999999 -999999 489 486 482 478 473 469 468 472 479 482 477 472 463 465 366 257 457 -999999 -999999 -999999 -999999 -999999 -999999 -999999 -999999 -999999 -999999 -999999 -999999 -999999 -999999
-999999 -999999 -999999 -999999 -999999 -999999 -999999 -999999 -999999 -999999 -999999 -999999 -999999 -999999 -999999 -999999 -999999 -999999 -999999 -999999 -999999 1026 1062 1119 1175 1216 1172 1057 889 758 767 833 949 996 -999999 451 339 411 -999999 -999999 -999999 -999999 -999999 -999999 -999999 -999999 -999999 506 504 500 498 498 494 477 452 430 393 350 310 302 314 298 164 160 441 556 -999999 -999999 -999999 -999999 -999999 -999999 -999999 -999999 -999999 -999999 -999999 -999999 -999999
-999999 -999999 -999999 -999999 -999999 -999999 -999999 -999999 -999999 -999999 -999999 -999999 -999999 -999999 -999999 -999999 -999999 -999999 -999999 -999999 -999999 1073 1100 1142 1174 1167 1148 1072 830 -999999 -999999 -999999 -999999 967 866 430 470 440 -999999 -999999 -999999 -999999 -999999 -999999 -999999 -999999 517 517 514 511 516 525 521 507 475 382 221 187 192 221 247 202 166 -999999 476 557 -999999 -999999 -999999 -999999 -999999 -999999 -999999 -999999 -999999 -999999 -999999 -999999 -999999
-999999 -999999 -999999 -999999 -999999 -999999 -999999 -999999 -999999 -999999 -999999 -999999 -999999 -999999 -999999 -999999 -999999 -999999 -999999 858 -999999 947 1124 1176 1176 1135 1086 1058 849 -999999 -999999 -999999 -999999 924 857 547 443 531 -999999 -999999 -999999 -999999 -999999 -999999 -999999 522 523 521 521 521 532 546 548 528 444 304 -999999 -999999 351 403 400 325 267 384 517 554 -999999 -999999 -999999 -999999 -999999 -999999 -999999 -999999 -999999 -999999 -999999 -999999 -999999
-999999 -999999 -999999 -999999 -999999 -999999 -999999 -999999 -999999 -999999 -999999 -999999 -999999 -999999 -999999 -999999 -999999 -999999 -999999 912 -999999 -999999 -999999 1142 1146 1074 983 948 794 -999999 -999999 -999999 902 1024 723 343 302 539 437 -999999 -999999 -999999 -999999 -999999 -999999 522 523 524 526 532 545 558 565 518 395 324 374 436 448 456 468 468 446 481 539 556 -999999 -999999 -999999 -999999 -999999 -999999 -999999 -999999 -999999 -999999 -999999 -999999 -999999
-999999 -999999 -999999 -999999 -999999 -999999 -999999 -999999 -999999 -999999 -999999 -999999 -999999 -999999 -999999 -999999 -999999 -999999 -999999 -999999 -999999 -999999 -999999 1227 1137 912 856 794 693 -999999 -999999 -999999 854 987 786 425 281 -999999 -999999 -999999 -999999 -999999 -999999 -999999 -999999 522 525 528 533 543 557 565 569 494 397 395 432 437 449 -999999 -999999 -999999 507 521 544 563 -999999 -999999 -999999 -999999 -999999 -999999 -999999 -999999 -999999 -999999 -999999 -999999 -999999
-999999 -999999 -999999 -999999 -999999 -999999 -999999 -999999 -999999 -999999 -999999 -999999 -999999 -999999 -999999 -999999 -999999 -999999 953 -999999 -999999 1201 1183 1211 979 768 693 653 -999999 -999999 -999999 -999999 820 779 681 652 548 -999999 -999999 -999999 -999999 -999999 -999999 -999999 -999999 -999999 529 534 542 552 565 573 557 484 429 432 437 447 -999999 -999999 -999999 -999999 523 533 550 571 -999999 -999999 -999999 -999999 -999999 -999999 -999999 -999999 -999999 -999999 -999999 -999999 -999999
-999999 -999999 -999999 -999999 -999999 -999999 -999999 -999999 -999999 -999999 -999999 -999999 -999999 -999999 -999999 -999999 -999999 -999999 1056 1080 1074 1078 1020 882 744 758 -999999 -999999 -999999 -999999 -999999 710 838 537 486 591 615 -999999 -999999 -999999 -999999 -999999 -999999 -999999 -999999 -999999 534 540 548 557 567 567 543 496 458 453 442 452 -999999 -999999 -999999 -999999 531 541 556 578 -999999 -999999 -999999 -999999 -999999 -999999 -999999 -999999 -999999 -999999 -999999 -999999 -999999
-999999 -999999 -999999 -999999 -999999 -999999 -999999 -999999 -999999 -999999 -999999 -999999 -999999 -999999 -999999 -999999 -999999 942 997 1050 889 715 728 -999999 -999999 -999999 618 -999999 -999999 -999999 -999999 651 809 690 583 583 556 -999999 -999999 -999999 -999999 -999999 -999999 -999999 -999999 -999999 539 545 552 557 561 556 533 502 475 458 450 458 -999999 -999999 -999999 -999999 532 544 561 584 -999999 -999999 -999999 -999999 -999999 -999999 -999999 -999999 -999999 -999999 -999999 -999999 -999999
-999999 -999999 -999999 -999999 -999999 -999999 -999999 -999999 -999999 -999999 -999999 -999999 -999999 -999999 -999999 -999999 -999999 965 910 746 717 -999999 -999999 -999999 -999999 665 655 -999999 -999999 -999999 -999999 -999999 635 574 566 537 -999999 -999999 -999999 -999999 -999999 -999999 -999999 -999999 -999999 -999999 544 549 553 554 554 548 531 508 485 467 457 464 -999999 -999999 -999999 520 534 548 566 592 -999999 -999999 -999999 -999999 -999999 -999999 -999999 -999999 -999999 -999999 -999999 -999999 645
-999999 -999999 -999999 -999999 -999999 -999999 -999999 -999999 -999999 -999999 -999999 -999999 -999999 -999999 -999999 -999999 864 884 762 639 647 -999999 -999999 -999999 -999999 -999999 -999999 -999999 -999999 -999999 -999999 -999999 481 453 616 650 -999999 -999999 -999999 -999999 -999999 -999999 -999999 -999999 -999999 -999999 547 551 553 552 549 543 530 513 495 481 470 469 -999999 -999999 511 524 537 554 574 602 633 -999999 -999999 -999999 -999999 -999999 -999999 -999999 -999999 -999999 -999999 -999999 639
-999999 -999999 -999999 -999999 -999999 -999999 -999999 -999999 -999999 -999999 -999999 -999999 -999999 -999999 -999999 780 851 831 562 614 605 -999999 -999999 -999999 -999999 -999999 -999999 -999999 -999999 -999999 -999999 557 349 457 -999999 617 -999999 -999999 -999999 -999999 -999999 -999999 540 536 -999999 544 549 552 553 552 548 542 532 518 503 491 483 479 488 503 517 527 542 560 583 611 641 664 -999999 -999999 -999999 -999999 -999999 -999999 -999999 -999999 -999999 632 634
-999999 -999999 -999999 -999999 -999999 -999999 -999999 -999999 -999999 -999999 -999999 -999999 -999999 -999999 657 798 805 703 685 588 542 -999999 -999999 -999999 -999999 -999999 -999999 -999999 -999999 -999999 -999999 535 578 511 -999999 -999999 -999999 -999999 -999999 -999999 -999999 549 544 540 542 548 550 553 554 553 550 545 536 524 511 500 493 491 500 514 524 533 548 567 591 619 645 667 -999999 -999999 -999999 -999999 -999999 -999999 -999999 -999999 -999999 628 631
-999999 -999999 -999999 -999999 -999999 -999999 -999999 -999999 -999999 -999999 -999999 -999999 -999999 -999999 722 -999999 721 690 697 541 -999999 -999999 -999999 -999999 -999999 -999999 -999999 -999999 -999999 476 437 525 586 519 -999999 -999999 -999999 -999999 -999999 -999999 555 553 549 547 548 551 552 554 555 555 553 549 541 530 519 509 503 504 512 525 533 540 555 575 599 625 648 668 -999999 -999999 -999999 -999999 -999999 -999999 -999999 -999999 634 625 629
-999999 -999999 -999999 -999999 -999999 -999999 -999999 -999999 -999999 -999999 -999999 -999999 -999999 600 654 570 549 606 676 637 -999999 -999999 -999999 -999999 -999999 -999999 -999999 -999999 -999999 493 460 608 -999999 -999999 -999999 -999999 -999999 -999999 -999999 558 559 558 557 556 555 554 556 557 558 558 557 553 547 538 529 521 516 -999999 527 536 540 548 563 583 606 630 650 668 -999999 -999999 -999999 -999999 -999999 -999999 -999999 -999999 631 625 629
-999999 -999999 -999999 -999999 -999999 -999999 -999999 -999999 -999999 -999999 -999999 -999999 603 -999999 -999999 -999999 -999999 479 703 637 -999999 -999999 -999999 -999999 -999999 -999999 -999999 -999999 -999999 506 633 513 557 -999999 -999999 -999999 -999999 -999999 -999999 562 565 567 568 566 562 561 562 561 561 561 560 558 553 546 541 537 536 538 541 544 549 557 572 591 613 634 651 666 -999999 -999999 -999999 -999999 -999999 -999999 -999999 -999999 631 626 632
-999999 -999999 -999999 -999999 -999999 -999999 -999999 -999999 -999999 -999999 -999999 -999999 -999999 -999999 -999999 556 659 789 640 625 -999999 -999999 -999999 -999999 -999999 -999999 -999999 -999999 -999999 -999999 -999999 557 -999999 -999999 -999999 -999999 -999999 -999999 -999999 568 573 577 -999999 -999999 572 571 569 567 565 564 564 562 559 555 552 551 550 550 551 553 558 567 581 599 619 636 650 663 -999999 -999999 -999999 -999999 -999999 -999999 -999999 643 633 629 639
-999999 -999999 -999999 -999999 -999999 -999999 -999999 -999999 -999999 -999999 660 776 -999999 -999999 -999999 -999999 720 722 685 622 665 -999999 -999999 -999999 -999999 -999999 -999999 -999999 -999999 -999999 -999999 -999999 544 564 -999999 565 -999999 564 569 -999999 -999999 -999999 -999999 -999999 -999999 580 577 573 569 567 566 566 565 563 562 561 560 559 559 561 566 576 590 609 626 638 649 659 666 -999999 -999999 -999999 -999999 -999999 -999999 644 636 635 647
-999999 -999999 -999999 -999999 -999999 -999999 -999999 -999999 -999999 -999999 699 886 -999999 -999999 607 772 727 752 662 638 621 -999999 -999999 -999999 -999999 -999999 -999999 -999999 -999999 -999999 -999999 582 -999999 556 -999999 569 567 -999999 -999999 -999999 -999999 -999999 -999999 -999999 -999999 589 585 579 573 570 569 570 571 572 571 571 570 569 568 570 574 585 600 618 632 640 647 654 660 -999999 -999999 -999999 -999999 -999999 -999999 646 640 642 656
-999999 -999999 -999999 -999999 -999999 -999999 -999999 -999999 -999999 -999999 839 -999999 -999999 768 792 -999999 750 735 720 694 587 422 -999999 -999999 500 519 540 -999999 -999999 587 644 716 -999999 -999999 -999999 -999999 -999999 -999999 -999999 -999999 -999999 -999999 -999999 -999999 601 597 590 583 577 573 573 575 577 579 580 580 580 579 578 578 583 593 609 626 636 642 646 650 655 -999999 -999999 -999999 -999999 -999999 652 649 645 649 665
-999999 -999999 -999999 -999999 -999999 -999999 -999999 -999999 -999999 819 -999999 638 769 828 -999999 672 823 754 700 609 -999999 -999999 -999999 -999999 516 539 562 -999999 -999999 591 663 -999999 -999999 -999999 -999999 -999999 -999999 -999999 -999999 -999999 -999999 -999999 -999999 605 604 600 594 586 579 575 576 579 583 587 589 589 589 588 587 587 591 602 618 631 639 644 646 648 652 657 -999999 -999999 -999999 652 654 653 652 657 674
-999999 -999999 -999999 -999999 -999999 -999999 -999999 -999999 790 878 867 919 -999999 763 803 803 798 733 554 417 -999999 -999999 -999999 -999999 529 551 572 -999999 -999999 594 697 721 -999999 -999999 -999999 -999999 -999999 -999999 -999999 -999999 -999999 -999999 -999999 602 602 599 594 587 581 580 582 586 591 595 598 599 599 598 596 595 599 610 624 634 641 644 644 645 649 654 657 656 653 654 658 659 659 666 684
-999999 -999999 -999999 -999999 -999999 -999999 -999999 -999999 -999999 943 926 895 858 882 817 770 773 660 405 -999999 -999999 -999999 -999999 -999999 -999999 -999999 -999999 -999999 -999999 627 708 -999999 -999999 -999999 -999999 -999999 -999999 -999999 -999999 -999999 -999999 -999999 -999999 598 597 595 591 586 583 583 587 593 599 604 607 609 610 609 608 607 611 620 630 638 644 646 646 647 650 654 657 656 655 658 664 666 667 675 695
-999999 -999999 -999999 -999999 -999999 -999999 -999999 714 -999999 -999999 985 991 905 905 862 788 672 629 458 -999999 -999999 -999999 -999999 -999999 -999999 -999999 -999999 -999999 -999999 562 571 590 -999999 -999999 -999999 -999999 -999999 -999999 -999999 -999999 -999999 -999999 -999999 -999999 -999999 -999999 -999999 -999999 -999999 -999999 -999999 -999999 -999999 618 621 623 623 622 619 616 618 622 630 638 643 643 641 639 641 646 651 654 657 665 672 673 676 684 704
-999999 -999999 -999999 -999999 -999999 -999999 878 884 876 995 989 962 943 926 846 728 587 -999999 -999999 -999999 -999999 -999999 559 -999999 -999999 -999999 -999999 -999999 -999999 -999999 -999999 -999999 -999999 -999999 -999999 -999999 -999999 -999999 -999999 -999999 -999999 -999999 -999999 -999999 -999999 -999999 -999999 -999999 -999999 -999999 -999999 -999999 -999999 -999999 -999999 -999999 632 634 635 638 641 644 648 651 653 654 655 656 658 660 663 665 668 673 678 680 683 691 710
-999999 -999999 -999999 -999999 -999999 826 875 887 933 965 982 970 944 911 846 720 529 -999999 -999999 -999999 -999999 -999999 -999999 -999999 -999999 -999999 -999999 -999999 -999999 -999999 -999999 -999999 -999999 -999999 -999999 -999999 -999999 -999999 -999999 -999999 -999999 -999999 -999999 -999999 -999999 -999999 -999999 -999999 -999999 -999999 -999999 -999999 -999999 -999999 -999999 638 640 643 646 649 653 657 659 660 661 663 665 669 672 674 675 676 678 680 683 687 691 698 714
-999999 -999999 -999999 -999999 -999999 826 850 889 904 928 992 992 935 889 838 738 591 -999999 -999999 -999999 -999999 -999999 -999999 -999999 -999999 -999999 -999999 -999999 -999999 -999999 -999999 -999999 -999999 -999999 -999999 -999999 -999999 -999999 -999999 -999999 -999999 -999999 -999999 -999999 -999999 -999999 -999999 -999999 -999999 -999999 -999999 -999999 -999999 -999999 642 644 646 648 651 655 659 662 664 664 665 667 671 675 680 683 685 686 688 690 692 694 698 704 718
-999999 -999999 -999999 -999999 -999999 764 794 782 785 792 814 889 870 812 759 720 693 667 -999999 -999999 -999999 -999999 -999999 -999999 -999999 -999999 -999999 -999999 -999999 -999999 -999999 -999999 -999999 -999999 -999999 -999999 -999999 -999999 -999999 -999999 -999999 -999999 -999999 -999999 -999999 -999999 -999999 -999999 -999999 -999999 -999999 -999999 655 655 655 656 658 660 662 665 669 672 674 675 675 677 681 687 693 698 702 704 707 709 710 711 712 715 719
