---
Cu Potential [m] Valid 1700 NZST ~Z75~(0500Z)~Z~ MON 5 Jan 2026 ~Z75~[53hrFcst@2110z]~Z~
Model= RASP Region= NZ Grid= d1 Reskm= 6.0 Indexs= 1 79 1 99 Proj= lambert 6000 6000 -35.0000 -42.0000 176.0000 -38.5000 176.0000
Day= 2026 1 5 MON ValidLST= 1700 NZST ValidZ= 500 Fcst= 53.0 Init= 46 Param= zsfclcldif Unit= m Mult= 1 Min= -1440 Max= 466
-173 -184 -289 -318 -489 -190 -361 -264 -343 -216 -197 -185 -111 -94 -214 -5 43 -125 102 19 111 116 49 1 -118 -90 -222 -531 -627 -761 -1286 -1440 -955 -509 -867 -842 -713 -562 -393 -244 -110 -116 -146 -144 -140 -137 -142 -137 -125 -135 -146 -157 -166 -172 -177 -180 -194 -202 -192 -146 -157 -168 -176 -175 -158 -112 -113 -113 -117 -127 -135 -137 -134 -128 -118 -100 -69 -25 -14
-241 -228 -188 -199 -193 -215 -212 -188 -188 -126 -37 -28 -66 -86 -19 -71 95 104 101 -15 67 99 38 13 -15 -131 -234 -365 -511 -613 -725 -1046 -875 -558 -842 -830 -738 -581 -400 -252 -157 -121 -130 -134 -149 -169 -148 -141 -126 -124 -137 -152 -165 -173 -176 -178 -190 -198 -188 -137 -148 -160 -170 -173 -165 -128 -106 -106 -108 -113 -118 -119 -118 -114 -107 -93 -69 -31 -16
-303 -281 -236 -229 -215 -168 -140 -98 -82 -58 -26 8 14 54 18 -4 112 108 102 -32 42 50 61 96 86 -7 -126 -255 -396 -539 -718 -918 -693 -704 -759 -847 -787 -644 -445 -294 -221 -54 -179 -177 -167 -184 -146 -138 -118 -113 -126 -141 -148 -144 -145 -161 -174 -183 -175 -127 -138 -150 -161 -168 -168 -154 -104 -107 -110 -113 -117 -118 -118 -116 -111 -99 -77 -44 -17
-334 -297 -260 -242 -224 -192 -157 -90 -61 -76 -60 -23 -61 -31 -34 90 -213 -167 -147 -72 -2 25 38 95 112 115 53 -26 -102 -208 -433 -782 -1053 -1085 -1094 -900 -728 -571 -467 -361 -292 -117 -48 -318 -395 -186 -145 -132 -97 -97 -102 -97 -83 -95 -106 -117 -128 -135 -129 -101 -112 -123 -134 -144 -150 -150 -130 -98 -103 -108 -111 -114 -117 -119 -118 -107 -82 -51 -26
-360 -330 -287 -261 -239 -200 -185 -97 -60 -134 -137 -370 -225 -166 -305 66 -292 -233 -196 -128 -75 -5 21 58 118 216 186 183 187 190 -20 -476 -888 -1095 -1115 -1014 -750 -597 -404 -526 -428 -276 -76 -337 -60 -225 -154 -132 -105 -89 -88 -47 -65 -73 -78 -80 -79 -77 -72 -72 -85 -93 -101 -108 -116 -122 -121 -91 -85 -90 -95 -100 -105 -115 -121 -112 -84 -53 -31
-402 -371 -328 -285 -251 -227 -188 -184 -28 -121 -95 -174 -95 -46 110 107 108 -293 -276 -152 -89 -34 -1 81 118 119 168 149 153 171 -41 -424 -919 -1236 -1124 -897 -721 -608 -514 -443 -571 -327 -203 -41 -57 -369 -145 -138 -120 -97 -107 -103 -73 -86 -96 -104 -109 -110 -105 -80 -92 -102 -110 -115 -123 -136 -150 -157 -152 -128 -106 -109 -112 -117 -121 -111 -84 -54 -34
-409 -468 -399 -307 -272 -228 -218 -173 -53 -31 -44 -70 -132 -316 108 108 98 94 -302 -184 -116 -59 -14 15 55 86 160 105 145 153 47 -197 -660 -991 -988 -770 -616 -561 -527 -477 -415 -422 -215 -60 -209 -164 -285 -174 -120 -89 -106 -111 -65 -78 -89 -98 -107 -111 -108 -88 -86 -97 -107 -115 -126 -143 -159 -172 -177 -169 -134 -109 -112 -118 -122 -112 -84 -54 -36
-392 -337 -453 -385 -291 -250 -254 -276 -333 -47 -40 106 -338 88 98 114 119 111 80 -233 -138 -76 -18 20 44 64 85 129 117 133 125 -6 -405 -745 -811 -629 -532 -502 -527 -475 -389 -456 -314 -114 -237 -213 -35 -207 -133 -98 -104 -120 -107 -81 -92 -102 -111 -117 -117 -99 -89 -101 -113 -124 -135 -150 -166 -181 -191 -191 -173 -116 -118 -122 -126 -116 -87 -56 -40
-487 -450 -385 -313 -257 -243 -245 -249 -322 -409 -388 76 79 95 112 120 119 117 92 -243 -156 -103 -47 -11 30 28 49 109 75 89 116 66 -241 -541 -643 -523 -491 -506 -488 -449 -402 -217 -371 -246 -84 -237 -174 -112 -124 -111 -94 -116 -119 -80 -90 -100 -107 -116 -121 -115 -89 -103 -115 -126 -138 -151 -167 -184 -196 -201 -190 -140 -124 -129 -133 -122 -90 -60 -43
-411 -326 -302 -264 -244 -198 -197 -198 -186 -388 73 78 89 102 111 114 113 108 93 -273 -170 -116 -65 -25 24 28 43 31 38 12 53 60 -111 -360 -489 -448 -474 -504 -509 -481 -473 -339 -304 -321 -224 -46 -246 -276 -67 -117 -87 -104 -118 -83 -89 -99 -104 -112 -121 -126 -118 -106 -119 -130 -141 -153 -168 -184 -198 -206 -201 -168 -131 -137 -141 -129 -94 -63 -47
-306 -264 -251 -242 -194 -183 -138 -129 -123 -206 78 87 96 104 109 112 112 107 92 -294 -193 -135 -87 -45 -10 14 25 41 42 16 68 58 1 -201 -404 -459 -489 -475 -453 -450 -494 -475 -242 -398 -318 -108 -30 -295 -62 -77 -87 -91 -103 -87 -85 -96 -105 -113 -125 -136 -145 -143 -121 -132 -142 -154 -168 -184 -199 -209 -210 -191 -136 -143 -148 -136 -99 -67 -51
-245 -235 -211 -186 -174 -131 -122 -106 -104 -160 -343 99 100 105 109 112 112 102 86 -316 -228 -146 -100 -59 -31 -11 15 19 51 17 0 17 -15 -141 -366 -469 -490 -462 -421 -400 -499 -547 -363 -510 -472 -285 -208 4 -107 -63 -84 -86 -83 -65 -80 -93 -107 -119 -131 -144 -155 -162 -144 -134 -142 -154 -169 -184 -199 -211 -217 -210 -170 -148 -153 -142 -105 -73 -56
-215 -205 -176 -172 -136 -115 -104 -91 -91 -144 -354 105 108 110 111 111 109 95 80 63 -300 -165 -108 -68 -43 -23 -11 12 48 31 -40 -51 -73 -127 -267 -430 -479 -445 -418 -374 -477 -584 -467 -595 -528 -330 -161 -250 16 -68 -64 -91 -75 -55 -76 -90 -109 -124 -136 -149 -160 -171 -168 -136 -143 -154 -169 -184 -198 -211 -220 -220 -193 -151 -156 -147 -112 -79 -61
-203 -192 -163 -160 -134 -100 -92 -87 -107 -137 -221 127 122 114 110 108 101 85 68 54 -284 -158 -106 -72 -48 -34 -17 -1 44 30 -36 -69 -73 -117 -171 -283 -393 -434 -416 -400 -474 -579 -521 -648 -551 -341 -242 -167 3 -165 -66 -91 -82 -49 -71 -90 -108 -126 -139 -151 -163 -176 -182 -142 -145 -154 -169 -183 -196 -208 -219 -225 -208 -154 -158 -150 -119 -86 -65
-213 -197 -159 -149 -148 -145 -139 -134 -133 -134 -172 -221 139 127 114 104 85 71 56 48 -244 -146 -102 -75 -53 -40 -23 -15 33 18 -40 -88 -124 -126 -163 -247 -340 -432 -412 -455 -480 -600 -560 -470 -494 -341 -306 -275 -66 -29 -86 -74 -88 -46 -66 -88 -105 -124 -140 -153 -167 -179 -189 -171 -148 -156 -169 -182 -193 -205 -216 -225 -217 -156 -159 -153 -127 -96 -69
-340 -343 -322 -328 -262 -223 -161 -129 -126 -124 -139 -161 -208 142 123 91 71 61 47 -297 -191 -136 -94 -73 -55 -46 -28 -21 28 15 -56 -102 -141 -154 -170 -204 -297 -403 -466 -484 -529 -599 -588 -207 -535 -182 -442 -465 -316 -67 -128 -75 -70 -71 -60 -83 -101 -120 -140 -155 -171 -181 -190 -182 -148 -157 -168 -180 -190 -200 -211 -220 -218 -176 -159 -154 -134 -106 -78
112 112 109 108 95 -326 -205 -145 -120 -120 -119 -127 -161 -220 -298 88 65 59 49 -276 -154 -118 -91 -67 -57 -49 -33 -23 26 4 -64 -125 -184 -221 -232 -257 -277 -354 -513 -598 -574 -618 -559 -212 46 -355 -516 -623 -487 -156 -153 -79 -34 -81 -55 -76 -97 -117 -140 -156 -172 -182 -188 -187 -147 -158 -167 -176 -184 -193 -203 -212 -210 -191 -156 -154 -139 -117 -90
127 126 124 121 112 -343 -247 -158 -120 -116 -115 -118 -132 -163 -166 -235 -301 -314 -313 -159 -124 -101 -81 -60 -59 -46 -41 -9 -7 -50 -94 -137 -181 -204 -220 -245 -231 -275 -458 -650 -658 -549 -456 -91 37 -476 -456 -692 -520 -342 -228 -72 -26 -88 -53 -72 -93 -114 -137 -155 -172 -183 -188 -190 -169 -156 -164 -171 -177 -185 -194 -202 -202 -196 -185 -151 -142 -125 -103
-128 122 120 116 114 98 -297 -184 -154 -111 -110 -111 -115 -121 -137 -156 -195 -261 -243 -141 -107 -95 -72 -63 -59 -40 -26 10 1 -47 -109 -161 -203 -221 -257 -279 -307 -351 -430 -588 -720 -608 -423 -85 -654 -443 -186 -638 -450 -367 -240 -66 -28 -93 -96 -72 -91 -112 -134 -153 -169 -183 -189 -192 -185 -152 -160 -165 -171 -178 -188 -195 -197 -198 -202 -149 -141 -128 -112
-101 109 107 104 98 88 -297 -191 -148 -145 -141 -110 -115 -117 -116 -120 -125 -164 -154 -107 -100 -91 -70 -64 -52 -29 -21 38 8 -51 -118 -185 -225 -272 -301 -335 -369 -391 -405 -426 -505 -537 -57 -509 -357 -445 20 -299 -391 -329 -225 -151 -17 -74 -116 -76 -91 -112 -131 -152 -166 -182 -190 -194 -191 -146 -155 -160 -166 -175 -184 -192 -196 -200 -207 -187 -137 -128 -117
-86 -108 94 90 81 81 -297 -229 -172 -154 -141 -118 -114 -108 -100 -107 -117 -124 -120 -110 -99 -89 -70 -62 -41 -23 34 -22 -56 -86 -133 -189 -226 -274 -313 -326 -355 -399 -387 -289 -239 -218 -556 105 -863 -317 -235 -251 -253 -302 -214 -131 -30 -53 -130 -126 -95 -113 -131 -150 -165 -180 -189 -194 -192 -155 -150 -156 -163 -173 -183 -191 -197 -201 -209 -200 -134 -127 -121
-81 -79 -102 73 -335 -292 -208 -175 -124 -125 -126 -120 -104 -90 -84 -94 -109 -119 -120 -109 -96 -86 -64 -55 -25 3 -53 -104 -134 -145 -184 -230 -285 -289 -298 -298 -347 -400 -391 -205 -29 -30 67 -479 -226 -219 -300 -330 -317 -295 -223 -137 -74 -36 -140 -142 -134 -132 -132 -150 -165 -178 -187 -191 -188 -152 -146 -153 -162 -172 -182 -191 -198 -203 -209 -205 -164 -126 -124
-77 -75 -77 -91 -95 -88 -74 -76 -78 -78 -78 -79 -80 -80 -81 -83 -111 -125 -123 -110 -97 -75 -44 -60 12 -145 -178 -185 -197 -182 -209 -265 -305 -299 -270 -294 -354 -368 -298 -35 90 111 -454 -438 -418 -367 -399 -398 -381 -338 -300 -181 -79 -9 -147 -148 -156 -159 -163 -150 -163 -174 -183 -186 -181 -146 -143 -151 -160 -170 -179 -189 -198 -205 -210 -206 -183 -127 -129
-77 -74 -76 -79 -82 -85 -84 -81 -75 -73 -74 -76 -76 -78 -82 -86 -104 -129 -182 -106 -91 -59 -57 -62 -132 -189 -226 -251 -273 -300 -282 -302 -287 -258 -257 -295 -344 -329 -213 81 157 178 -359 -385 -339 -419 -412 -396 -362 -328 -317 -212 -98 5 -135 -152 -167 -175 -186 -173 -162 -170 -178 -180 -173 -142 -138 -148 -156 -166 -176 -187 -198 -206 -209 -206 -193 -154 -133
-78 -75 -78 -80 -82 -82 -77 -69 -63 -66 -70 -72 -73 -78 -84 -86 -95 -103 -109 -107 -92 -103 -136 -158 -192 -240 -266 -271 -297 -322 -324 -271 -240 -206 -252 -284 -306 -245 -120 33 129 195 -21 -292 -296 -430 -405 -359 -311 -309 -315 -234 -94 17 -114 -164 -172 -186 -198 -201 -174 -170 -174 -174 -167 -135 -133 -143 -152 -162 -172 -184 -196 -205 -207 -204 -198 -177 -136
-79 -77 -79 -82 -83 -80 -71 -56 -43 -50 -60 -65 -73 -79 -85 -89 -90 -47 -71 -134 -164 -168 -148 -153 -210 -235 -253 -240 -246 -257 -240 -179 -156 -190 -223 -218 -184 -124 -20 8 61 135 -17 -247 -270 -277 -305 -279 -285 -274 -296 -208 -130 -80 -71 -181 -177 -194 -206 -217 -216 -176 -177 -174 -167 -142 -129 -139 -149 -158 -168 -180 -193 -202 -203 -200 -200 -188 -162
-80 -78 -81 -83 -82 -76 -55 -45 -44 -45 -51 -59 -71 -80 -89 -94 -50 -75 -111 -152 -170 -201 -172 -193 -274 -305 -298 -186 -165 -152 -133 -113 -106 -134 -188 -118 24 72 18 -17 -3 60 -268 -195 -143 -174 -196 -222 -198 -228 -222 -216 -155 -105 -75 -179 -185 -198 -210 -222 -230 -227 -184 -182 -178 -171 -147 -137 -146 -154 -163 -175 -188 -199 -199 -195 -199 -194 -183
-81 -78 -82 -84 -79 -61 -54 -48 -45 -46 -45 -60 -80 -91 -130 -97 -105 -113 -146 -184 -194 -217 -209 -226 -277 -325 -320 -221 -115 -68 -63 -78 -73 -110 -118 17 135 247 -64 38 -6 1 -162 -104 -85 -94 -144 -193 -159 -176 -193 -176 -145 -128 -81 -145 -196 -201 -212 -221 -227 -233 -226 -190 -192 -194 -190 -157 -143 -151 -158 -169 -184 -196 -195 -191 -197 -196 -195
-81 -78 -82 -81 -67 -63 -55 -48 -46 -45 -42 -76 -132 -159 -173 -197 -180 -192 -212 -232 -245 -255 -285 -249 -277 -326 -327 -249 -135 -55 -26 -50 -58 -52 91 130 155 160 32 57 67 -21 -263 9 -18 -97 -132 -178 -184 -125 -153 -209 -133 -89 -150 -191 -199 -206 -212 -217 -220 -223 -225 -222 -205 -203 -206 -195 -142 -148 -155 -166 -181 -193 -192 -186 -195 -196 -201
-88 -79 -79 -78 -71 -65 -54 -50 -46 -42 -41 -108 -177 -255 -299 -284 -245 -241 -254 -244 -269 -289 -312 -250 -296 -331 -325 -176 -107 -74 7 54 36 83 127 129 154 132 126 94 103 0 -294 116 10 -103 -119 -132 -121 -121 -66 -83 -160 -159 -212 -231 -239 -230 -214 -216 -217 -215 -210 -210 -214 -200 -208 -211 -191 -150 -156 -165 -179 -191 -189 -183 -193 -196 -204
-94 -84 -83 -82 -73 -65 -56 -53 -46 -43 -84 -146 -214 -283 -306 -291 -286 -278 -257 -251 -272 -298 -280 -247 -289 -312 -231 -77 -43 -114 -41 39 56 102 108 114 90 93 -43 -55 -85 -12 -318 90 -29 -78 -92 -79 -67 -59 -67 -64 -130 -194 -215 -237 -244 -247 -240 -218 -218 -216 -211 -199 -178 -190 -200 -211 -217 -199 -161 -167 -178 -188 -185 -180 -192 -196 -206
-97 -86 -85 -82 -76 -66 -60 -48 -23 -26 -82 -186 -302 -376 -375 -335 -311 -300 -272 -260 -258 -259 -220 -211 -263 -278 -156 -30 13 -58 -38 -15 48 56 23 89 97 -186 -201 -226 -105 -171 -351 62 -6 -53 -97 -84 -62 -42 -33 -53 -122 -179 -208 -228 -242 -233 -225 -209 -212 -214 -217 -217 -191 -179 -190 -203 -216 -225 -210 -173 -181 -189 -183 -179 -192 -198 -210
-99 -87 -85 -82 -73 -65 -58 -15 33 -14 -98 -268 -447 -559 -545 -453 -406 -351 -305 -271 -241 -219 -198 -194 -232 -237 -194 -36 48 78 48 9 20 43 -22 -132 -682 -133 -69 -206 -52 -194 99 1 -27 -66 -64 -88 -79 -64 -30 -28 -106 -149 -206 -229 -280 -222 -194 -193 -198 -206 -216 -223 -220 -170 -181 -193 -207 -223 -236 -221 -187 -194 -185 -179 -193 -200 -215
-99 -86 -83 -80 -69 -63 -49 -12 17 -44 -132 -322 -487 -553 -603 -537 -465 -405 -356 -300 -245 -169 -119 -126 -135 -22 97 109 54 106 -9 136 173 190 -39 -491 -468 -85 10 -161 -87 -26 167 -45 -27 -32 -28 -54 -110 -136 -62 -70 -70 -173 -213 -258 -304 -255 -258 -249 -207 -206 -209 -219 -226 -222 -175 -187 -198 -212 -233 -249 -223 -201 -192 -180 -194 -203 -220
-100 -86 -81 -78 -72 -58 -60 23 13 -50 -168 -254 100 -209 -254 -470 -431 -348 -319 -285 -200 -79 -17 37 75 128 203 143 48 10 -153 139 107 216 -101 -240 -56 45 63 -46 -60 -9 21 104 -188 -47 -5 -19 -61 -109 -85 -127 -75 -108 -191 -286 -305 -318 -324 -329 -323 -287 -228 -219 -227 -231 -227 -171 -192 -204 -223 -246 -250 -205 -199 -180 -193 -204 -222
-100 -86 -81 -77 -74 -61 -54 -40 -9 -74 -282 -366 -4 9 -18 -38 -11 19 33 42 67 84 91 71 41 -4 144 170 111 190 126 86 92 222 26 -67 -1 69 85 30 -50 -21 54 145 87 -118 73 34 -42 -79 -124 -84 -36 -69 -191 -298 -336 -348 -357 -370 -375 -351 -309 -249 -236 -218 -195 -108 -187 -197 -216 -233 -247 -223 -203 -180 -189 -202 -222
-100 -86 -81 -77 -70 -67 -49 -65 -49 -96 -327 -560 -608 -324 -236 -382 -315 -218 -188 -118 -84 -68 -24 71 205 115 162 211 172 127 166 119 120 176 114 -121 7 33 72 57 47 55 -106 -135 -287 -361 -110 -28 -4 -32 -30 -79 -19 -69 -151 -247 -325 -358 -378 -398 -404 -387 -353 -302 -259 -230 -259 -107 -185 -193 -212 -222 -229 -213 -200 -179 -184 -197 -220
-100 -86 -82 -78 -67 -66 -57 -54 -125 -124 -287 -463 -602 -610 -566 -471 -379 -343 -332 -292 -298 -291 -229 -101 77 122 80 58 6 -1 3 38 118 189 128 -134 -401 -154 195 7 -19 -63 -268 -349 -464 -318 -196 -5 8 -10 13 -10 -2 -63 -140 -202 -240 -276 -459 -483 -457 -438 -396 -331 -253 -192 -193 -158 -187 -196 -210 -218 -199 -188 -193 -177 -177 -191 -216
-100 -87 -83 -79 -70 -62 -64 -50 -98 -158 -198 -304 -404 -444 -409 -366 -304 -296 -293 -313 -353 -377 -335 -220 -152 -66 -58 -56 -129 -109 -41 31 99 88 201 -395 -255 -224 -50 87 -142 -98 -230 -297 -458 -361 -275 -66 -14 -118 -57 -17 -26 -36 -131 -181 -248 -341 -342 -446 -491 -439 -326 -254 -333 -201 -157 -110 -204 -203 -212 -219 -160 -177 -183 -172 -169 -183 -210
-102 -89 -85 -80 -75 -64 -63 -57 -67 -135 -175 -236 -240 -310 -306 -307 -266 -255 -243 -264 -318 -374 -367 -292 -195 -105 -93 -103 -129 -88 4 124 91 49 -44 46 81 26 175 177 -527 -441 -260 -370 -270 -275 -389 42 -29 46 6 -63 -59 -86 -136 -197 -260 -344 117 -215 -396 -511 -538 -402 -334 -232 -95 -153 -201 -209 -215 -220 -154 -167 -174 -165 -160 -174 -201
-104 -91 -88 -82 -79 -70 -63 -62 -64 -106 -138 -188 -205 -226 -237 -253 -191 -206 -206 -219 -270 -319 -323 -271 -224 -142 -121 -118 -161 -174 -166 -139 -118 -126 -108 -157 -118 33 127 -133 -187 -377 -439 -363 -242 -205 -259 -208 -232 -15 56 49 -72 -113 -178 -225 -300 -398 -164 -350 -452 -490 -423 -342 -280 -228 -155 -70 -205 -202 -215 -218 -181 -160 -165 -158 -151 -163 -190
-107 -95 -92 -86 -81 -76 -67 -64 -66 -88 -117 -141 -179 -200 -203 -212 -194 -193 -176 -199 -233 -231 -230 -243 -276 -212 -109 -137 -186 -203 -224 -165 -125 -134 -247 -356 -545 -409 -288 -337 -363 115 57 84 125 230 126 -23 -384 -82 54 37 -29 -129 -160 -198 -241 46 -113 -213 -385 -440 -355 -272 -231 -166 -96 -86 -198 -196 -209 -213 -198 -157 -160 -149 -142 -151 -177
-111 -99 -96 -91 -83 -79 -73 -68 -68 -74 -102 -121 -139 -157 -169 -177 -195 -145 -156 -188 -207 -189 -191 -216 -263 -212 -92 -100 -209 -153 -111 -28 -69 -121 -235 -292 -384 -497 -550 -259 107 173 140 55 83 90 169 91 64 -22 -118 5 -91 -96 -37 -62 -72 -79 -154 -182 -342 -394 -301 -208 -163 -102 -78 -170 -223 -198 -200 -201 -198 -190 -157 -142 -132 -138 -162
-116 -103 -101 -95 -87 -81 -77 -72 -70 -72 -91 -111 -124 -137 -150 -160 -173 -176 -115 -137 -181 -188 -197 -208 -242 -234 -189 -213 -297 -282 -199 -140 -124 -122 -116 -78 98 44 -546 -778 238 198 110 53 -36 184 103 -144 -53 -51 -6 -61 -37 71 25 130 -113 -108 -109 -123 -236 -343 -263 -144 -89 -71 -133 -222 -294 -250 -202 -173 -184 -206 -156 -136 -123 -126 -147
-119 -108 -105 -100 -91 -84 -79 -76 -72 -73 -78 -102 -120 -129 -136 -145 -150 -164 -82 -102 -142 -182 -201 -214 -230 -248 -261 -277 -332 -400 -297 -176 -118 -112 -78 -11 -297 69 -254 -339 294 196 221 99 150 151 -69 -162 -275 -167 -247 -117 -239 -103 28 131 -104 -12 -10 -122 -28 -202 -236 -145 -85 -112 -227 -304 -335 -277 -214 -182 -140 -207 -162 -132 -115 -116 -135
-123 -111 -109 -104 -95 -88 -82 -78 -74 -74 -79 -88 -110 -125 -134 -138 -133 -130 -98 -110 -116 -155 -200 -224 -234 -263 -285 -306 -321 -362 -285 -149 -72 -10 71 89 -558 -731 -538 -343 178 197 -250 -488 -151 20 -168 -32 133 373 -197 219 206 140 148 104 125 -53 163 -40 52 43 -73 -139 -117 -106 -284 -502 -393 -275 -213 -199 -135 -164 -192 -131 -108 -105 -123
-127 -115 -113 -107 -99 -91 -85 -80 -77 -76 -80 -89 -100 -112 -132 -129 -115 -124 -102 -94 -92 -127 -184 -227 -232 -242 -269 -281 -262 -257 -216 -71 45 77 54 235 92 161 100 264 209 -761 -647 -364 -149 -1 -79 -2 171 -55 -194 51 117 135 188 190 127 56 -57 100 193 135 136 77 3 -98 -198 -311 -315 -299 -211 -178 -189 -146 -191 -131 -101 -95 -112
-131 -119 -116 -111 -101 -93 -87 -82 -80 -78 -82 -89 -102 -113 -129 -126 -125 -128 -113 -60 -71 -120 -155 -192 -198 -222 -255 -205 -212 -256 -197 -65 67 143 96 249 76 -306 -83 -81 -207 -495 -637 -730 -728 -271 -343 -380 -171 102 -20 108 70 90 161 262 202 150 152 120 35 65 82 -37 10 -276 -365 -410 -346 -296 -221 -186 -181 -145 -177 -134 -97 -87 -101
-135 -122 -119 -114 -104 -94 -88 -84 -82 -81 -85 -91 -104 -115 -130 -128 -131 -130 -120 -47 -44 -111 -209 -218 -218 -232 -235 -211 -254 -239 -188 8 181 204 215 312 255 208 63 -170 -233 -505 -568 -666 -641 -701 -432 -648 -207 95 60 164 110 99 93 179 213 212 191 17 71 72 23 -151 -290 95 -211 -266 -432 -323 -245 -223 -115 -142 -184 -138 -96 -82 -93
-137 -125 -122 -117 -106 -94 -88 -84 -84 -84 -88 -93 -104 -117 -132 -130 -132 -129 -120 -76 -41 -134 -298 -368 -292 -266 -262 -264 -246 -216 -150 76 136 282 332 266 131 100 73 30 100 -691 -563 -610 -681 -423 -419 -254 -86 119 111 161 -10 146 4 161 210 185 158 231 134 132 84 -42 -55 -221 75 -159 -301 -313 -265 -191 -118 -104 -191 -166 -99 -82 -91
-139 -128 -125 -120 -108 -95 -88 -84 -85 -86 -91 -96 -103 -120 -132 -139 -131 -130 -119 -82 -66 -217 -396 -467 -322 -285 -334 -336 -368 -256 10 139 103 277 326 255 -108 -48 -30 72 67 36 -413 -434 -423 -337 -91 -317 -84 70 38 116 178 222 217 -87 1 61 -116 269 80 114 87 9 -25 -6 -1 -23 -152 -214 -210 -234 -168 -121 -190 -187 -103 -87 -93
-140 -129 -128 -124 -110 -96 -87 -83 -85 -88 -92 -98 -106 -128 -136 -148 -130 -131 -126 -56 -121 -269 -416 -403 -242 -148 -107 -189 -3 43 101 128 38 -15 47 -123 -302 -109 148 199 59 -271 16 186 -297 -148 114 202 70 130 95 124 175 140 96 80 159 179 166 149 176 -136 7 132 -10 -51 -35 30 -13 -79 -94 -138 -169 -131 -196 -197 -108 -93 -98
-141 -131 -130 -126 -112 -96 -86 -81 -84 -89 -98 -111 -119 -138 -142 -153 -130 -134 -134 -99 -104 -225 -302 -342 -369 -355 -172 137 198 -354 -283 -184 -156 -180 -209 -92 -358 -386 -143 177 -481 -399 14 266 29 69 82 73 88 126 139 105 153 119 54 76 185 170 163 161 163 153 122 87 -2 -7 -34 97 35 -17 -16 -76 -151 -139 -200 -204 -113 -98 -103
-142 -133 -132 -129 -114 -97 -86 -80 -83 -89 -107 -122 -130 -144 -147 -156 -145 -134 -138 -120 -68 -110 -177 -255 -337 -446 -476 -97 -588 -425 -385 -283 -207 -75 45 -120 54 -455 -246 49 -672 -342 -30 67 22 38 71 10 157 166 141 101 143 130 71 79 173 172 187 176 176 120 148 164 141 -280 -278 108 111 65 1 -22 -106 -126 -201 -208 -118 -101 -106
-144 -135 -134 -131 -116 -98 -86 -80 -82 -89 -114 -129 -135 -146 -149 -158 -154 -138 -133 -127 -44 -100 -186 -252 -328 -422 -483 -225 -481 -468 -285 -406 -346 -68 46 158 129 63 104 116 -292 -135 -43 24 73 100 155 170 137 155 147 144 146 129 90 94 184 190 217 159 152 128 157 161 190 118 143 14 97 95 -1 -2 -69 -137 -190 -212 -151 -104 -108
-145 -136 -135 -133 -116 -99 -86 -80 -81 -88 -117 -133 -137 -147 -150 -158 -158 -143 -124 -125 -48 -161 -253 -298 -303 -321 -250 -21 -409 -523 -575 -537 -386 -151 -167 -549 -394 -99 -97 111 201 -129 -90 -57 51 125 162 57 -9 116 148 157 148 210 160 152 231 187 185 173 173 134 92 151 175 216 162 188 64 67 12 3 -44 -120 -146 -221 -171 -107 -110
-147 -137 -136 -133 -116 -99 -87 -81 -82 -88 -118 -136 -139 -148 -151 -158 -161 -140 -114 -117 -52 -126 -236 -269 -204 -180 -192 -129 44 -362 -504 -410 -231 -207 -560 -350 -550 -267 -176 11 99 -187 -174 -97 -19 119 188 107 0 9 93 127 177 223 215 207 251 237 202 188 171 150 108 160 132 207 241 175 185 107 21 13 -12 -107 -174 -240 -182 -122 -111
-149 -139 -137 -134 -115 -98 -87 -82 -83 -88 -119 -137 -140 -148 -153 -157 -160 -134 -105 -108 -71 -126 -184 -212 -138 -139 -224 -249 -84 92 -40 -190 -57 -209 -401 -499 -656 -472 -203 -48 -25 -63 -86 -65 -22 96 100 141 107 23 18 88 170 252 281 241 255 228 227 204 205 159 124 164 122 174 268 191 164 41 68 16 -9 -138 -197 -253 -191 -136 -113
-152 -141 -139 -134 -112 -97 -87 -83 -84 -92 -122 -138 -142 -148 -153 -151 -154 -115 -99 -102 -78 -79 -132 -142 -148 -173 -288 -327 -14 173 199 -65 -60 -143 -485 -582 -602 -437 -260 12 96 57 27 36 55 86 104 141 114 90 28 90 158 170 210 204 196 210 222 209 198 169 141 172 175 166 228 255 238 134 125 40 -55 -98 -205 -257 -196 -134 -113
-155 -144 -143 -136 -110 -94 -86 -84 -86 -104 -127 -140 -145 -147 -151 -141 -142 -103 -96 -99 -85 -39 -82 -125 -200 -286 -422 -338 -60 100 116 67 27 -4 -610 -587 -533 -405 -104 119 192 152 78 121 104 80 107 130 134 84 68 126 167 157 177 97 123 219 234 174 177 142 157 195 221 189 211 307 303 231 123 16 -43 -82 -201 -240 -193 -116 -108
-159 -149 -147 -138 -107 -92 -86 -86 -95 -119 -133 -142 -147 -144 -144 -127 -126 -100 -96 -104 -46 -77 -137 -194 -256 -318 -394 -374 -258 -83 0 64 48 -79 -454 -183 -414 -311 -89 87 137 162 170 154 126 139 128 119 101 122 126 153 123 153 97 96 119 225 220 178 148 148 150 183 245 163 219 261 271 218 179 34 -20 -108 -237 -203 -167 -114 -102
-163 -153 -151 -141 -104 -89 -87 -95 -113 -131 -139 -143 -145 -137 -135 -113 -106 -100 -98 -117 -57 -110 -218 -265 -296 -300 -310 -293 -181 -56 -62 -15 22 -519 -264 -88 -140 -236 -65 13 -60 65 110 104 97 105 119 104 84 108 114 79 58 71 127 163 162 192 198 150 161 129 134 196 155 154 195 243 210 225 197 100 71 45 -183 -162 -146 -103 -90
-167 -158 -156 -143 -101 -90 -99 -113 -130 -140 -142 -140 -139 -128 -127 -101 -93 -105 -106 -126 -128 -126 -188 -229 -201 -257 -276 -172 -48 -91 -176 -112 -86 -435 -298 -317 -285 -129 -9 -55 -150 34 93 95 96 80 84 30 30 72 62 60 55 104 172 175 138 175 179 139 140 139 137 107 176 149 218 86 87 179 216 204 80 36 -25 -138 -120 -77 -72
-172 -162 -159 -145 -109 -111 -118 -130 -140 -142 -139 -133 -131 -122 -122 -91 -100 -115 -115 -132 -155 -159 -155 -172 -192 -231 -236 -163 -153 -231 -301 -135 -334 -377 -284 -294 -224 -42 30 70 22 -30 4 46 59 70 42 30 49 62 72 75 76 89 127 112 123 140 144 155 144 119 113 61 196 219 170 91 161 97 175 116 76 -53 -76 -124 -121 -75 -69
-178 -165 -161 -148 -141 -132 -134 -138 -139 -136 -131 -123 -123 -117 -121 -97 -109 -124 -127 -137 -156 -120 -136 -164 -180 -207 -228 -239 -225 -254 -235 -57 -446 -360 -295 -322 -236 -76 72 63 -5 -67 -62 -32 -12 25 42 0 11 54 55 47 73 109 119 119 131 176 133 140 123 128 101 26 -14 103 94 77 113 82 64 62 78 -25 -87 -78 -103 -85 -78
-184 -170 -164 -152 -163 -142 -137 -132 -129 -127 -123 -115 -117 -116 -119 -105 -118 -134 -137 -146 -131 -71 -124 -144 -173 -205 -204 -236 -223 -171 -97 42 -516 -378 -311 -68 -207 -125 -39 -45 -85 -109 -89 -52 -28 -8 -3 -21 -5 44 41 43 83 106 107 117 189 193 158 138 138 88 92 48 -29 -89 -192 -157 83 20 1 29 -3 -97 -100 -92 -122 -98 -90
-189 -173 -166 -157 -178 -134 -128 -119 -118 -119 -118 -112 -115 -117 -114 -117 -131 -141 -141 -145 -112 -52 -85 -152 -190 -211 -218 -189 -223 -180 -130 24 -558 -422 -366 -260 -119 80 66 -83 -147 -138 -93 -64 -33 -16 -17 -34 -23 38 34 54 90 100 104 144 178 189 161 133 117 97 61 16 -35 3 -40 -160 -136 58 11 55 -14 -188 -154 -139 -126 -106 -100
-192 -175 -168 -159 -176 -111 -119 -109 -115 -119 -121 -118 -121 -120 -116 -129 -138 -145 -129 -126 -59 -12 -68 -116 -184 -203 -197 -174 -189 -185 -135 -16 -543 -191 -354 -218 -40 -88 48 -130 -169 -149 -94 -65 -39 -25 -20 -36 -26 34 38 66 88 94 108 149 173 185 136 120 97 64 27 -18 -46 -113 -150 -164 -177 -133 -178 -118 -83 -138 -241 -140 -124 -109 -107
-193 -177 -170 -157 -160 -84 -116 -108 -120 -131 -133 -133 -135 -131 -124 -135 -129 -132 -107 -83 -16 -22 -84 -140 -149 -115 -187 -180 -168 -125 -55 -21 -574 -194 -169 -334 -162 -7 -133 -203 -167 -137 -93 -72 -46 -31 -12 -32 -17 33 45 73 87 90 99 142 159 129 116 99 66 27 -13 -55 -77 -31 -56 -138 -99 -105 -112 -115 -127 -195 -140 -132 -115 -100 -97
-193 -177 -170 -154 -143 -70 -119 -111 -130 -145 -148 -151 -151 -149 -129 -125 -112 -103 -103 -54 -19 -88 -166 -211 -220 -226 -256 -317 -259 -138 -6 -125 -344 -184 -120 -150 -268 -187 -231 -202 -149 -116 -95 -84 -52 -30 -13 -32 13 32 50 74 87 86 93 115 125 136 95 70 35 -8 -45 -80 -76 -51 -63 -80 -104 -126 -129 -122 -153 -178 -139 -125 -106 -90 -83
-193 -177 -170 -151 -133 -71 -125 -118 -142 -157 -164 -169 -165 -162 -141 -137 -128 -97 -99 -56 -69 -186 -233 -232 -244 -259 -266 -268 -236 -100 -12 -450 -497 -378 -144 -119 -178 -114 -130 -173 -131 -105 -97 -96 -56 -33 -18 -28 19 31 53 74 85 82 84 90 99 128 132 63 6 -39 -76 -74 -36 -56 -72 -80 -89 -102 -95 -185 -206 -133 -131 -116 -95 -77 -65
-192 -177 -171 -150 -129 -77 -133 -126 -152 -165 -176 -181 -176 -170 -150 -136 -130 -101 -94 -48 -110 -188 -239 -264 -259 -236 -218 -123 -176 -571 -453 -456 -513 -462 -105 -402 -87 -118 -139 -167 -131 -105 -101 -96 -60 -36 -18 -29 18 33 54 72 80 80 77 76 88 131 116 47 -23 -65 -98 -74 -50 -64 -77 -85 -104 -105 -106 -216 -197 -131 -124 -106 -84 -64 -47
-193 -179 -173 -151 -130 -84 -140 -134 -159 -167 -179 -186 -183 -173 -161 -136 -132 -111 -27 -59 -168 -281 -343 -363 -355 -312 -232 -114 -20 -413 -503 -435 -499 -270 31 151 -179 -81 -187 -167 -126 -107 -102 -92 -60 -36 -19 -22 20 35 53 68 77 80 75 72 89 119 100 25 -42 -83 -112 -100 -57 -66 -71 -77 -97 -100 -118 -208 -139 -125 -116 -96 -72 -51 -30
-194 -181 -176 -152 -131 -112 -147 -141 -163 -167 -178 -182 -181 -171 -165 -148 -123 -132 -50 -116 -190 -324 -360 -368 -283 -197 -40 29 -443 -406 -369 -296 -329 -171 136 83 143 -183 -180 -145 -124 -101 -78 -71 -58 -28 -26 8 21 36 53 65 73 79 79 75 80 107 84 58 -42 -94 -117 -50 -61 -67 -73 -82 -97 -98 -168 -180 -123 -116 -107 -84 -62 -40 -18
-195 -183 -180 -154 -133 -133 -153 -147 -166 -165 -174 -180 -181 -176 -167 -169 -135 -118 -117 -243 -313 -370 -368 -268 -118 86 184 198 225 -327 -383 -288 -329 -178 176 152 164 -3 -144 -143 -117 -76 -73 -69 -49 -19 -14 7 21 37 53 63 68 72 78 72 65 76 72 46 -41 -102 -99 -52 -59 -63 -71 -82 -93 -100 -174 -125 -114 -108 -97 -73 -52 -30 -8
-196 -187 -185 -174 -137 -148 -162 -155 -172 -173 -180 -185 -189 -182 -170 -183 -166 -91 -209 -285 -458 -593 -472 -186 46 142 186 245 43 -288 -319 -250 -261 71 220 93 80 -20 -113 -141 -88 -75 -71 -62 -20 -4 -3 6 22 39 53 60 59 62 72 66 51 83 63 37 -64 -106 -68 -55 -61 -67 -72 -79 -88 -103 -149 -114 -106 -98 -87 -62 -42 -21 -1
-200 -193 -191 -195 -147 -160 -172 -167 -194 -202 -216 -217 -216 -208 -178 -192 -162 -189 -292 -424 -425 -492 -505 -113 121 221 231 211 97 -274 -305 -278 -152 205 183 135 163 -92 -138 -109 -85 -76 -66 -44 -5 -6 -4 6 24 41 52 54 52 54 67 66 73 71 53 13 -83 -92 -44 -57 -64 -67 -69 -74 -85 -100 -110 -104 -97 -88 -76 -51 -33 -12 7
-207 -200 -199 -213 -164 -174 -204 -200 -226 -225 -236 -235 -229 -214 -194 -206 -231 -274 -339 -449 -383 -340 -61 49 25 5 127 87 -179 -294 -253 -281 131 98 -7 -13 109 -48 -89 -88 -87 -76 -45 -7 -7 -7 -6 5 26 41 46 47 46 47 61 92 76 60 41 -42 -85 -34 -51 -64 -70 -68 -66 -69 -79 -87 -95 -95 -87 -80 -66 -41 -26 -4 14
-217 -210 -210 -228 -190 -189 -229 -224 -241 -239 -247 -248 -239 -232 -236 -258 -248 -317 12 10 -44 90 85 76 -79 -66 36 -225 -258 -293 -193 -55 137 -31 95 150 50 -47 -95 -91 -85 -59 -10 -8 -8 -10 -7 7 26 36 39 41 41 40 58 82 68 51 0 -67 -45 -40 -58 -71 -74 -70 -64 -65 -71 -76 -86 -84 -78 -70 -54 -31 -19 3 18
-226 -221 -233 -242 -204 -227 -241 -239 -253 -252 -260 -261 -251 -254 -266 -264 -412 -244 77 6 -5 77 120 -87 -124 -133 -72 -242 -250 -259 -194 -12 147 155 113 28 -49 -84 -109 -98 -79 -17 -8 -6 -9 -11 -8 7 22 29 33 35 34 31 52 73 59 37 -48 -68 -31 -51 -69 -78 -78 -73 -69 -69 -65 -66 -72 -72 -69 -59 -42 -21 -12 9 21
-233 -229 -256 -252 -212 -240 -250 -250 -263 -259 -266 -267 -268 -278 -268 -251 -384 155 87 39 -23 -28 43 -15 -129 -9 -78 -179 -215 -230 -247 -170 194 110 33 -16 -145 -128 -113 -90 -28 -14 -5 -5 -10 -13 -9 5 16 23 28 30 25 16 18 41 19 -29 -65 -42 -41 -61 -76 -82 -79 -76 -75 -68 -51 -48 -59 -65 -59 -46 -27 -12 -8 13 22
-236 -232 -267 -263 -216 -246 -257 -258 -269 -264 -273 -277 -280 -273 -271 -343 102 201 -19 -31 -60 -76 -49 10 -88 -114 -102 -139 -204 -243 -227 11 154 62 0 32 -74 -97 -95 -29 -23 -9 -6 -7 -12 -15 -9 3 13 20 26 25 14 -2 -12 -16 -32 -58 -72 -28 -49 -68 -77 -78 -75 -69 -58 -43 -32 -40 -53 -56 -47 -30 -11 -3 -3 16 21
-233 -237 -268 -272 -217 -248 -260 -261 -270 -265 -274 -275 -274 -262 -290 -29 237 36 12 56 -7 9 -78 49 -52 -115 -159 -201 -211 -228 -144 172 89 -15 -73 -18 -68 -78 -41 -26 -18 -7 -6 -9 -15 -15 -7 7 15 21 22 16 1 -18 -33 -44 -58 -73 -60 -34 -52 -68 -71 -66 -58 -49 -39 -32 -30 -38 -48 -47 -34 -13 6 4 0 17 18
-227 -238 -263 -275 -217 -249 -257 -260 -268 -265 -267 -266 -268 -262 -267 181 74 74 18 34 59 9 -38 19 -32 -141 -152 -175 -192 -192 -219 12 12 -52 -167 -104 -79 -40 -38 -22 -12 0 -2 -11 -18 -14 2 22 29 31 18 3 -13 -31 -45 -59 -71 -77 -20 -35 -52 -61 -60 -53 -46 -40 -35 -30 -29 -37 -42 -36 -18 7 26 9 3 16 13
-221 -235 -258 -276 -213 -244 -249 -254 -254 -247 -257 -254 -228 -278 136 187 119 98 59 43 60 -66 -116 -58 -61 -114 -123 -154 -165 -127 -33 -52 -14 -106 -190 -130 -129 -43 -38 -19 -7 4 -7 -18 -21 -8 33 66 72 69 16 -8 -24 -39 -54 -68 -77 -58 -23 -37 -51 -55 -52 -46 -40 -35 -30 -26 -26 -33 -34 -23 0 33 53 14 4 12 5
-220 -231 -253 -273 -208 -237 -240 -236 -231 -233 -236 -250 -253 59 180 106 169 -31 44 7 -82 -260 -163 -132 -109 -132 -151 -138 -112 -35 50 -17 -79 -159 -168 -128 -125 -50 -41 -24 -17 -15 -24 -29 -22 19 53 62 67 67 28 -9 -26 -38 -55 -67 -58 -13 -25 -39 -49 -52 -48 -41 -35 -30 -24 -19 -21 -26 -23 -7 23 65 53 16 4 9 -4
-214 -227 -249 -265 -198 -225 -228 -213 -198 -204 -230 -241 81 89 -158 -46 151 -251 -33 -94 -233 -280 -175 -153 -129 -134 -147 -117 -71 -6 -10 -119 -160 -150 -205 -136 -133 -57 -50 -39 -39 -39 -42 -38 -17 41 50 59 63 62 58 33 -1 -18 -32 4 -2 -14 -29 -41 -49 -50 -44 -37 -30 -23 -17 -13 -16 -17 -9 13 53 66 52 16 2 6 -10
-202 -222 -245 -257 -189 -214 -214 -199 -208 -210 -163 -88 -121 -142 -74 -38 204 -269 115 -348 -291 -243 -134 -148 -137 -156 -183 -145 -89 -102 -205 -227 -183 -149 -166 -134 -117 -64 -59 -53 -56 -56 -56 -50 -30 23 47 56 58 56 54 48 40 29 20 9 -4 -18 -31 -42 -47 -46 -39 -31 -24 -16 -9 -7 -9 -7 7 34 72 64 48 12 -3 0 -13
-195 -217 -242 -251 -179 -199 -200 -197 -211 -175 -36 61 -149 -83 -75 -49 209 161 104 -102 -47 -136 -163 -139 -139 -169 -210 -212 -179 -167 -267 -249 -146 -139 -158 -107 -78 -62 -60 -59 -65 -68 -68 -65 -57 -43 -24 2 33 52 47 42 36 27 16 2 -12 -26 -38 -47 -50 -46 -37 -28 -20 -11 -4 -2 -2 5 23 54 71 60 43 5 -9 -5 -15
-189 -214 -239 -245 -167 -177 -177 -183 -187 -53 15 -102 -130 -138 -168 -30 59 70 5 -20 -78 -89 -142 -141 -140 -175 -224 -264 -279 -295 -254 -213 -128 -100 -142 -79 -66 -56 -54 -59 -69 -78 -82 -81 -75 -65 -51 -35 -16 9 41 36 29 21 10 -3 -15 -25 -33 -40 -41 -37 -28 -20 -12 -3 2 4 7 18 38 71 66 54 37 -3 -15 -11 -18
-185 -214 -244 -236 -146 -167 -195 -218 -138 -28 52 -25 -64 -228 261 -174 -246 -142 -67 -29 -63 -88 -143 -147 -111 -139 -185 -270 -308 199 -79 -105 -86 -167 -119 -76 -64 -56 -57 -65 -77 -89 -97 -97 -89 -78 -66 -54 -42 -26 3 31 24 15 2 -13 -35 -60 -50 -50 -50 -43 -32 -22 -10 0 5 9 15 29 51 70 59 46 31 -10 -20 -14 -23
-199 -214 -238 -223 -134 -169 -191 -158 -111 -82 3 73 -33 -384 -3 -79 -165 -139 -68 -80 -137 -148 -150 -156 -113 -115 -138 -222 -212 -112 -16 -179 -79 -137 -98 -76 -67 -65 -69 -79 -90 -100 -109 -114 -126 -102 -77 -67 -61 -56 -43 -14 20 14 5 -6 -16 -24 -29 -31 -30 -24 -15 -5 5 13 16 18 24 38 57 62 51 38 23 -14 -24 -19 -28
-214 -210 -221 -193 -99 -146 -169 -191 -260 -224 -130 -46 -257 120 -141 -120 -177 -190 -133 -131 -199 -173 -171 -168 -118 -113 -121 -164 -151 -59 21 5 -174 -91 -84 -71 -59 -55 -68 -81 -98 -112 -122 -143 -164 -162 -150 -133 -103 -74 -76 -70 -49 -19 -37 -71 -89 -95 -91 -76 -51 -42 -30 -17 -3 7 12 17 27 50 66 55 42 28 14 -15 -27 -22 -34
-224 -204 -205 -148 -74 -173 -200 -219 -350 -285 -299 -150 -12 -194 -190 -172 -134 -143 -186 -206 -232 -191 -184 -186 -181 -170 -144 -114 -97 -42 25 -41 -59 -76 -41 -8 -11 -9 -18 -28 -54 -100 -129 -146 -179 -187 -182 -174 -164 -151 -110 -73 -46 15 13 7 -3 -14 -23 -28 -26 -20 -11 0 12 19 21 24 39 68 61 47 33 20 5 -16 -27 -27 -40
-249 -220 -206 -158 -93 -177 -273 -271 -367 -437 -526 42 -136 -180 -214 -199 -166 -160 -209 -230 -196 -207 -186 -189 -177 -164 -141 -137 -113 -41 1 -1 -119 -18 -29 -14 -15 -9 -12 -19 -31 -45 -78 -129 -162 -200 -228 -250 -269 -277 -279 -267 -232 -205 -151 -125 -111 -103 -97 -86 -61 -34 -14 4 15 19 19 28 63 63 50 34 21 10 -3 -18 -28 -33 -45
-264 -228 -211 -196 -190 -258 -355 -351 -282 -69 -105 -91 -195 -282 -293 -243 -189 -247 -239 -212 -199 -180 -172 -175 -173 -154 -145 -141 -134 -125 -111 -101 -80 -52 -38 -33 -30 -29 -30 -33 -39 -45 -51 -55 -72 -93 -103 -108 -110 -111 -113 -116 -119 -121 -122 -118 -112 -102 -87 -75 -70 -62 -51 -40 -30 -22 -14 -4 6 11 8 2 0 1 -8 -22 -32 -38 -50
-263 -225 -207 -203 -207 -251 -146 -313 -352 -396 -161 -155 -200 -295 -322 -260 -221 -216 -199 -177 -153 -125 -123 -130 -133 -126 -118 -108 -95 -83 -67 -51 -46 -38 -32 -27 -26 -27 -30 -35 -42 -50 -57 -66 -96 -112 -120 -122 -120 -117 -115 -116 -118 -120 -118 -109 -91 -71 -69 -66 -62 -56 -49 -42 -34 -26 -17 -7 1 5 5 3 0 -4 -12 -25 -36 -42 -56
-273 -228 -212 -193 -144 -184 -213 -253 -294 -392 -260 -274 -281 -289 -297 -259 -230 -211 -181 -147 -127 -112 -109 -116 -119 -110 -98 -79 -56 -54 -53 -51 -47 -41 -34 -31 -29 -30 -33 -37 -44 -51 -59 -65 -94 -111 -120 -122 -120 -117 -114 -112 -110 -107 -98 -79 -64 -59 -56 -53 -50 -45 -39 -32 -24 -17 -9 0 6 10 9 6 0 -6 -16 -28 -37 -46 -69
-280 -219 -206 -97 89 103 85 41 23 327 466 245 100 -377 -354 -292 -252 -196 -168 -138 -129 -111 -105 -110 -113 -104 -87 -60 -58 -60 -62 -63 -61 -56 -51 -48 -47 -47 -48 -51 -56 -63 -70 -77 -101 -118 -126 -128 -126 -121 -114 -105 -93 -77 -68 -63 -58 -53 -50 -48 -46 -43 -39 -32 -25 -17 -12 -8 -6 -5 -5 -7 -11 -19 -30 -44 -59 -71 -81
