---
Cu Cloudbase where Cu Potential > 0 [m] Valid 1300 NZST ~Z75~(0100Z)~Z~ MON 5 Jan 2026 ~Z75~[49hrFcst@2110z]~Z~
Model= RASP Region= NZ Grid= d1 Reskm= 6.0 Indexs= 1 79 1 99 Proj= lambert 6000 6000 -35.0000 -42.0000 176.0000 -38.5000 176.0000
Day= 2026 1 5 MON ValidLST= 1300 NZST ValidZ= 100 Fcst= 49.0 Init= 46 Param= zsfclclmask Unit= m Mult= 1 Min= ****** Max= 2384
-999999 -999999 -999999 -999999 -999999 957 -999999 -999999 -999999 -999999 -999999 -999999 -999999 654 -999999 -999999 -999999 -999999 -999999 -999999 -999999 -999999 -999999 -999999 -999999 1543 1817 -999999 -999999 2119 2089 2148 2220 2372 2384 2229 -999999 -999999 -999999 -999999 -999999 -999999 -999999 -999999 -999999 -999999 -999999 -999999 -999999 -999999 -999999 -999999 -999999 -999999 654 677 699 719 738 755 771 788 805 819 830 837 843 850 860 -999999 -999999 895 908 919 928 934 938 939 936
-999999 -999999 -999999 -999999 -999999 -999999 -999999 -999999 -999999 -999999 -999999 -999999 -999999 -999999 505 -999999 -999999 -999999 -999999 -999999 -999999 -999999 -999999 -999999 -999999 -999999 -999999 -999999 -999999 2106 2143 2100 2165 2225 2299 2239 2033 -999999 -999999 -999999 -999999 -999999 -999999 -999999 -999999 -999999 -999999 -999999 -999999 -999999 -999999 -999999 -999999 -999999 648 672 694 712 729 744 760 776 791 805 816 824 832 842 855 869 882 894 905 915 923 929 933 934 939
-999999 -999999 -999999 -999999 -999999 -999999 -999999 -999999 -999999 -999999 387 358 376 480 -999999 -999999 -999999 -999999 -999999 -999999 -999999 -999999 -999999 -999999 -999999 -999999 -999999 -999999 -999999 -999999 2051 2091 2104 2124 2176 2213 2065 -999999 -999999 -999999 -999999 -999999 -999999 -999999 -999999 -999999 -999999 -999999 -999999 -999999 -999999 -999999 -999999 -999999 -999999 665 686 705 722 737 753 769 784 796 808 818 827 839 853 -999999 -999999 895 905 915 923 930 935 936 941
-999999 -999999 -999999 -999999 -999999 -999999 -999999 355 360 369 308 270 241 237 -999999 -999999 -999999 -999999 -999999 -999999 -999999 -999999 -999999 -999999 -999999 -999999 -999999 -999999 -999999 -999999 -999999 1883 1974 2012 2047 2027 1962 1833 -999999 -999999 -999999 -999999 -999999 -999999 -999999 -999999 -999999 -999999 -999999 -999999 -999999 -999999 -999999 -999999 -999999 648 668 687 705 722 739 755 769 781 791 803 814 826 840 855 -999999 -999999 895 908 921 931 934 935 941
-999999 -999999 -999999 -999999 -999999 -999999 -999999 307 -999999 407 244 204 190 209 -999999 -999999 -999999 -999999 -999999 -999999 -999999 -999999 -999999 -999999 -999999 -999999 -999999 -999999 -999999 -999999 -999999 -999999 1734 1753 1756 1767 1771 1773 1710 -999999 -999999 -999999 -999999 -999999 -999999 -999999 -999999 -999999 -999999 -999999 -999999 -999999 -999999 -999999 -999999 -999999 648 667 686 706 -999999 -999999 752 764 772 784 797 809 821 834 848 863 -999999 -999999 -999999 929 931 931 937
-999999 -999999 -999999 -999999 -999999 -999999 -999999 -999999 -999999 700 308 227 191 199 -999999 -999999 -999999 -999999 -999999 -999999 -999999 -999999 -999999 -999999 -999999 -999999 654 856 1018 1214 -999999 -999999 1755 1733 1738 -999999 -999999 1803 1783 1753 -999999 -999999 -999999 -999999 -999999 -999999 -999999 -999999 -999999 -999999 -999999 -999999 -999999 -999999 -999999 -999999 -999999 669 688 -999999 -999999 -999999 757 768 776 787 800 813 827 842 857 -999999 -999999 -999999 -999999 927 927 926 933
-999999 -999999 -999999 -999999 -999999 296 285 289 258 615 316 237 181 184 -999999 -999999 -999999 -999999 -999999 -999999 -999999 -999999 -999999 -999999 -999999 -999999 -999999 710 938 1170 -999999 -999999 -999999 -999999 -999999 -999999 -999999 -999999 1768 1756 1539 -999999 -999999 -999999 -999999 -999999 -999999 -999999 -999999 -999999 -999999 -999999 -999999 -999999 -999999 -999999 -999999 658 680 701 -999999 -999999 753 765 770 779 791 805 819 834 851 -999999 -999999 -999999 -999999 925 924 922 928
-999999 -999999 -999999 -999999 -999999 310 275 264 269 193 241 242 190 176 -999999 -999999 -999999 -999999 -999999 -999999 -999999 -999999 -999999 -999999 -999999 -999999 -999999 588 813 1025 1215 1377 -999999 -999999 -999999 -999999 -999999 -999999 -999999 1735 1745 -999999 -999999 -999999 -999999 -999999 -999999 -999999 -999999 -999999 -999999 -999999 -999999 -999999 -999999 -999999 -999999 -999999 677 700 -999999 -999999 756 765 769 776 788 801 816 832 850 -999999 -999999 -999999 -999999 924 923 920 926
-999999 -999999 -999999 -999999 -999999 352 293 259 -999999 264 237 210 190 172 -999999 -999999 -999999 -999999 -999999 137 146 166 -999999 -999999 -999999 -999999 -999999 -999999 700 889 1059 1216 -999999 -999999 -999999 -999999 -999999 -999999 -999999 1716 1731 1618 -999999 -999999 -999999 -999999 -999999 -999999 -999999 -999999 -999999 -999999 -999999 -999999 -999999 -999999 -999999 -999999 671 693 -999999 -999999 -999999 762 765 771 782 794 809 826 845 -999999 -999999 -999999 -999999 925 924 920 925
-999999 -999999 -999999 -999999 -999999 -999999 333 280 248 235 233 224 202 180 165 -999999 -999999 -999999 -999999 -999999 140 146 162 189 -999999 -999999 -999999 -999999 631 824 961 1105 1229 -999999 -999999 -999999 -999999 -999999 -999999 1725 1713 1794 -999999 -999999 -999999 -999999 -999999 -999999 -999999 -999999 -999999 -999999 -999999 -999999 -999999 -999999 -999999 -999999 663 686 -999999 -999999 -999999 758 762 765 776 788 803 819 838 -999999 -999999 -999999 -999999 925 925 921 924
-999999 -999999 -999999 -999999 -999999 -999999 370 319 273 242 227 217 206 192 -999999 -999999 -999999 -999999 -999999 -999999 -999999 156 163 173 194 236 -999999 -999999 620 786 898 1003 1090 1175 1259 1391 -999999 -999999 -999999 1730 1752 -999999 1640 -999999 -999999 -999999 -999999 -999999 -999999 -999999 -999999 -999999 -999999 -999999 -999999 -999999 -999999 -999999 652 676 699 -999999 -999999 751 757 760 769 782 796 813 832 -999999 -999999 -999999 -999999 -999999 926 923 925
-999999 -999999 -999999 -999999 -999999 -999999 391 356 314 272 240 221 208 197 185 -999999 -999999 -999999 -999999 -999999 155 161 170 182 194 213 231 -999999 460 -999999 857 969 1072 1183 1294 1361 1496 -999999 -999999 1719 1769 1761 1814 -999999 -999999 -999999 -999999 -999999 -999999 -999999 -999999 -999999 -999999 -999999 -999999 -999999 -999999 -999999 -999999 664 687 -999999 -999999 -999999 750 755 763 775 789 806 825 845 -999999 -999999 -999999 -999999 927 924 926
-999999 -999999 -999999 -999999 -999999 -999999 404 378 348 315 277 244 221 204 191 180 -999999 -999999 -999999 -999999 -999999 163 173 186 201 224 226 271 204 -999999 -999999 969 1064 1174 1281 1387 1481 1565 1636 1707 1779 1836 1865 -999999 -999999 -999999 -999999 -999999 -999999 -999999 -999999 -999999 -999999 -999999 -999999 -999999 -999999 -999999 -999999 654 675 696 -999999 -999999 -999999 750 757 768 782 799 819 839 -999999 -999999 -999999 -999999 925 925 928
-999999 -999999 -999999 -999999 -999999 -999999 -999999 392 369 345 318 286 256 230 210 192 180 168 -999999 -999999 162 170 182 197 209 229 233 275 213 525 -999999 -999999 1071 1171 1271 1380 1432 1548 1630 1717 1807 1826 1849 -999999 -999999 -999999 -999999 -999999 -999999 -999999 -999999 -999999 -999999 -999999 -999999 -999999 -999999 -999999 -999999 646 666 684 -999999 -999999 -999999 -999999 -999999 -999999 -999999 793 813 833 -999999 -999999 -999999 -999999 -999999 926 933
-999999 -999999 -999999 -999999 -999999 -999999 -999999 -999999 382 363 343 320 296 270 244 221 201 184 173 170 175 184 198 212 223 238 230 286 205 490 -999999 -999999 -999999 1201 1293 1400 1465 1549 1621 1735 1830 1858 1898 -999999 -999999 -999999 -999999 -999999 -999999 -999999 -999999 -999999 -999999 -999999 -999999 -999999 -999999 -999999 -999999 -999999 659 675 694 -999999 -999999 -999999 -999999 -999999 -999999 -999999 -999999 827 -999999 -999999 -999999 -999999 -999999 -999999 937
-999999 -999999 -999999 -999999 -999999 -999999 -999999 -999999 -999999 -999999 357 340 321 301 278 255 231 211 197 192 197 206 219 227 235 247 237 286 207 494 -999999 -999999 -999999 1249 1363 1457 1574 1649 1716 1819 1903 1959 1976 1693 -999999 -999999 -999999 -999999 -999999 -999999 -999999 -999999 -999999 -999999 -999999 -999999 -999999 -999999 -999999 -999999 652 666 684 -999999 -999999 -999999 -999999 -999999 -999999 -999999 -999999 -999999 -999999 -999999 -999999 -999999 -999999 -999999 -999999
-999999 -999999 -999999 -999999 -999999 -999999 -999999 -999999 -999999 -999999 -999999 350 335 318 300 281 260 240 225 220 224 231 240 241 251 248 -999999 272 246 -999999 -999999 -999999 -999999 1295 1444 1545 1672 1813 1906 1907 1967 1984 1994 1833 -999999 -999999 -999999 -999999 -999999 -999999 -999999 -999999 -999999 -999999 -999999 -999999 -999999 -999999 -999999 -999999 -999999 657 673 691 -999999 -999999 -999999 -999999 -999999 -999999 -999999 -999999 838 -999999 -999999 -999999 -999999 -999999 -999999
-999999 435 430 412 -999999 -999999 -999999 -999999 -999999 -999999 -999999 355 343 329 315 300 284 268 257 252 254 258 262 259 272 252 -999999 227 -999999 -999999 -999999 -999999 -999999 1326 1493 1622 1745 1870 1971 1990 2030 2072 2002 1914 1799 1657 1564 -999999 -999999 -999999 -999999 -999999 -999999 -999999 -999999 -999999 -999999 -999999 -999999 -999999 -999999 649 663 680 -999999 -999999 -999999 -999999 -999999 -999999 -999999 -999999 -999999 -999999 -999999 -999999 -999999 -999999 -999999
-999999 424 419 410 -999999 -999999 -999999 -999999 -999999 -999999 -999999 -999999 348 -999999 -999999 315 304 292 284 281 283 283 282 284 289 273 -999999 249 -999999 -999999 -999999 -999999 -999999 1343 1529 1642 1788 1913 1998 2066 2083 2015 1874 1813 1806 1818 1848 1713 -999999 -999999 -999999 -999999 -999999 -999999 -999999 -999999 -999999 -999999 -999999 -999999 -999999 -999999 -999999 670 688 -999999 -999999 -999999 -999999 -999999 -999999 -999999 -999999 -999999 -999999 -999999 -999999 -999999 -999999
-999999 412 408 394 -999999 -999999 -999999 -999999 -999999 -999999 -999999 -999999 -999999 -999999 -999999 -999999 -999999 -999999 -999999 -999999 -999999 -999999 -999999 -999999 -999999 -999999 -999999 -999999 -999999 -999999 -999999 -999999 1210 1371 1562 1739 1858 1949 2002 2078 2100 1893 -999999 1715 1757 1789 1862 1795 1568 -999999 -999999 -999999 -999999 -999999 -999999 -999999 -999999 -999999 -999999 -999999 -999999 -999999 -999999 -999999 -999999 -999999 -999999 -999999 -999999 -999999 -999999 -999999 -999999 -999999 -999999 -999999 -999999 -999999 -999999
411 -999999 398 -999999 -999999 -999999 -999999 -999999 -999999 -999999 -999999 -999999 -999999 -999999 -999999 -999999 -999999 -999999 -999999 -999999 -999999 -999999 -999999 -999999 -999999 -999999 -999999 -999999 -999999 -999999 -999999 -999999 1289 1441 1640 1839 1946 2002 1999 2064 2135 1860 -999999 1658 1728 1778 1853 1823 1651 -999999 -999999 -999999 -999999 -999999 -999999 -999999 -999999 -999999 -999999 -999999 -999999 -999999 -999999 -999999 -999999 -999999 -999999 -999999 -999999 -999999 -999999 -999999 -999999 -999999 -999999 -999999 -999999 -999999 -999999
408 396 -999999 -999999 -999999 -999999 -999999 -999999 -999999 -999999 -999999 -999999 -999999 -999999 357 -999999 -999999 -999999 -999999 -999999 -999999 -999999 -999999 -999999 -999999 -999999 -999999 -999999 -999999 -999999 -999999 1281 1382 1538 1730 1904 1986 2026 2014 2044 2149 1904 -999999 1633 1708 1759 1783 1745 1680 1491 -999999 -999999 -999999 -999999 -999999 -999999 -999999 -999999 -999999 -999999 -999999 -999999 -999999 -999999 -999999 -999999 -999999 -999999 -999999 -999999 -999999 -999999 -999999 -999999 -999999 -999999 -999999 -999999 -999999
409 399 -999999 -999999 -999999 -999999 -999999 -999999 -999999 -999999 -999999 -999999 371 367 -999999 -999999 -999999 -999999 -999999 -999999 -999999 -999999 -999999 -999999 -999999 -999999 -999999 -999999 -999999 -999999 1243 1317 1441 1612 1789 1921 1991 2027 2027 2029 2164 1991 -999999 1629 1688 1719 1715 1681 1559 1514 -999999 -999999 -999999 -999999 -999999 -999999 -999999 -999999 -999999 -999999 -999999 -999999 -999999 -999999 -999999 -999999 -999999 -999999 -999999 -999999 -999999 -999999 -999999 -999999 -999999 -999999 -999999 -999999 -999999
414 404 -999999 -999999 -999999 -999999 -999999 -999999 -999999 -999999 -999999 381 375 371 -999999 -999999 -999999 -999999 -999999 -999999 -999999 -999999 -999999 -999999 -999999 -999999 -999999 -999999 -999999 -999999 1275 1358 1476 1639 1805 1919 1980 2009 2020 2014 2123 2046 -999999 1620 1645 1652 1653 1561 1497 -999999 -999999 -999999 -999999 -999999 -999999 -999999 -999999 -999999 -999999 -999999 -999999 -999999 -999999 -999999 -999999 -999999 -999999 -999999 -999999 -999999 -999999 -999999 -999999 -999999 -999999 -999999 -999999 -999999 -999999
421 412 -999999 -999999 -999999 -999999 -999999 -999999 -999999 -999999 389 383 377 -999999 -999999 -999999 -999999 -999999 -999999 -999999 -999999 -999999 -999999 -999999 -999999 -999999 -999999 -999999 1250 1321 1378 1441 1544 1710 1862 1945 1977 1995 2000 1974 2154 2103 1648 1582 1579 1583 1613 -999999 -999999 -999999 -999999 -999999 -999999 -999999 -999999 -999999 -999999 -999999 -999999 -999999 -999999 -999999 -999999 -999999 -999999 -999999 -999999 -999999 -999999 -999999 -999999 -999999 -999999 -999999 -999999 -999999 -999999 -999999 -999999
429 420 -999999 -999999 -999999 -999999 -999999 -999999 -999999 399 392 386 379 -999999 -999999 -999999 -999999 -999999 -999999 -999999 -999999 -999999 -999999 1034 1146 1249 1327 1402 1485 1551 1590 1633 1711 1816 1906 1961 1999 2007 2006 1976 2076 2114 1708 1542 1544 1554 -999999 -999999 -999999 -999999 -999999 -999999 -999999 -999999 -999999 -999999 -999999 -999999 -999999 -999999 -999999 -999999 -999999 -999999 -999999 -999999 -999999 -999999 -999999 -999999 -999999 -999999 -999999 -999999 -999999 -999999 -999999 -999999 -999999
-999999 -999999 -999999 -999999 -999999 -999999 -999999 -999999 -999999 404 397 -999999 -999999 -999999 -999999 -999999 -999999 -999999 -999999 -999999 -999999 -999999 -999999 1131 1255 1360 1442 1527 1606 1669 1724 1778 1834 1887 1941 1993 2036 2039 2040 2010 2116 2193 1756 1494 1480 1477 -999999 -999999 -999999 -999999 -999999 -999999 -999999 -999999 -999999 -999999 -999999 -999999 -999999 -999999 -999999 -999999 -999999 -999999 -999999 -999999 -999999 -999999 -999999 -999999 -999999 -999999 -999999 -999999 -999999 -999999 -999999 -999999 -999999
-999999 -999999 -999999 -999999 -999999 -999999 -999999 -999999 417 409 -999999 -999999 -999999 -999999 -999999 -999999 -999999 -999999 -999999 -999999 -999999 978 1078 1185 1288 1379 1466 1553 1644 1727 1805 1869 1914 1946 1982 2018 2044 2053 2074 2061 2106 2237 1879 1472 1399 -999999 -999999 -999999 -999999 -999999 -999999 -999999 -999999 -999999 -999999 -999999 -999999 -999999 -999999 -999999 -999999 -999999 -999999 -999999 -999999 -999999 -999999 -999999 -999999 -999999 -999999 -999999 -999999 -999999 -999999 -999999 -999999 -999999 -999999
-999999 -999999 -999999 -999999 -999999 -999999 -999999 -999999 424 -999999 -999999 -999999 -999999 -999999 -999999 -999999 -999999 -999999 -999999 879 956 1069 1196 1300 1388 1474 1555 1643 1732 1810 1868 1907 1944 1995 2054 2105 2095 2118 2138 2123 2139 2232 1831 1450 1342 -999999 -999999 -999999 -999999 -999999 -999999 -999999 -999999 -999999 -999999 -999999 -999999 -999999 -999999 -999999 -999999 -999999 -999999 -999999 -999999 -999999 -999999 -999999 -999999 -999999 -999999 -999999 -999999 -999999 -999999 -999999 -999999 -999999 -999999
-999999 -999999 -999999 -999999 -999999 -999999 449 -999999 439 -999999 -999999 -999999 -999999 -999999 -999999 -999999 -999999 -999999 895 938 1027 1159 1288 1389 1489 1588 1660 1725 1790 1857 1909 1933 1972 2051 2103 2159 2174 2164 2177 2206 2225 2108 1674 1445 1309 -999999 -999999 -999999 -999999 -999999 -999999 -999999 -999999 -999999 -999999 -999999 -999999 -999999 -999999 -999999 -999999 -999999 -999999 -999999 -999999 -999999 -999999 -999999 -999999 -999999 -999999 -999999 -999999 -999999 -999999 -999999 -999999 -999999 -999999
-999999 -999999 -999999 -999999 -999999 -999999 449 -999999 436 -999999 -999999 -999999 -999999 -999999 -999999 -999999 -999999 991 982 1034 1142 1275 1393 1487 1583 1664 1717 1771 1826 1871 1906 1949 2022 2105 2133 2206 2248 2223 2188 2193 2226 1974 1629 1474 1314 -999999 -999999 -999999 -999999 -999999 -999999 -999999 -999999 -999999 -999999 -999999 -999999 -999999 -999999 -999999 -999999 -999999 -999999 -999999 -999999 -999999 -999999 -999999 -999999 -999999 -999999 -999999 -999999 -999999 -999999 -999999 -999999 -999999 -999999
-999999 -999999 -999999 -999999 -999999 -999999 -999999 457 386 621 -999999 -999999 -999999 -999999 -999999 -999999 1123 1103 1116 1197 1313 1425 1507 1584 1662 1700 1718 1765 1822 1861 1914 1953 2005 2057 2058 2095 2143 2247 2266 -999999 2229 1929 1676 1499 1327 1181 1079 -999999 -999999 -999999 -999999 -999999 -999999 -999999 -999999 -999999 -999999 -999999 -999999 -999999 -999999 -999999 -999999 -999999 -999999 -999999 -999999 -999999 -999999 -999999 -999999 -999999 -999999 -999999 -999999 -999999 -999999 -999999 -999999
-999999 -999999 -999999 -999999 -999999 -999999 -999999 414 570 767 921 -999999 -999999 -999999 -999999 1221 1222 1234 1288 1367 1462 1546 1623 1702 1721 1717 1736 1789 1838 1871 1883 1920 1957 1981 -999999 2041 2104 2232 2281 2257 2241 1948 1736 1542 1429 1257 -999999 -999999 -999999 -999999 -999999 -999999 -999999 -999999 -999999 -999999 -999999 -999999 -999999 -999999 -999999 -999999 -999999 -999999 -999999 -999999 -999999 -999999 -999999 -999999 -999999 -999999 -999999 -999999 -999999 -999999 -999999 -999999 -999999
-999999 -999999 -999999 -999999 -999999 -999999 471 391 632 890 -999999 -999999 -999999 1507 1334 1259 1233 1285 1361 1431 1561 1683 1756 1748 1706 1725 1777 1798 1814 1823 1816 1860 1939 2005 1997 2029 2093 2206 -999999 -999999 -999999 2132 1960 1775 1547 1316 -999999 -999999 -999999 -999999 -999999 -999999 -999999 -999999 -999999 -999999 -999999 -999999 -999999 -999999 -999999 -999999 -999999 -999999 -999999 -999999 -999999 -999999 -999999 -999999 -999999 -999999 -999999 -999999 -999999 -999999 -999999 -999999 -999999
-999999 -999999 -999999 -999999 -999999 468 -999999 548 718 896 -999999 1662 1627 1407 1274 1185 1158 1226 1287 1420 1575 1674 1693 1666 1662 1661 1686 1718 1744 1741 1760 1823 1918 2002 2025 2084 2151 2174 -999999 -999999 -999999 -999999 1979 1843 1662 1432 -999999 -999999 1146 1044 -999999 -999999 -999999 -999999 -999999 -999999 -999999 -999999 -999999 -999999 -999999 -999999 -999999 -999999 -999999 -999999 -999999 -999999 -999999 -999999 -999999 -999999 -999999 -999999 -999999 -999999 -999999 -999999 -999999
-999999 -999999 -999999 -999999 -999999 -999999 -999999 -999999 652 838 -999999 -999999 1571 1380 1245 1119 1050 1079 1146 1276 1446 1569 1612 1602 1610 1629 1630 1654 1695 1750 1775 1839 1912 2032 2076 2131 2150 2161 2109 -999999 -999999 -999999 1908 1688 1413 1362 1410 1448 1291 1153 -999999 -999999 -999999 -999999 -999999 -999999 -999999 -999999 -999999 -999999 -999999 -999999 -999999 -999999 -999999 -999999 -999999 -999999 -999999 -999999 -999999 -999999 -999999 -999999 -999999 -999999 -999999 -999999 -999999
-999999 -999999 -999999 -999999 -999999 -999999 459 -999999 -999999 783 -999999 -999999 -999999 -999999 1149 1041 971 965 1020 1146 1320 1482 1566 1575 1595 1625 1638 1670 1704 1743 1763 1817 1904 1963 2077 2081 2054 2092 2086 2078 -999999 -999999 1839 -999999 -999999 -999999 1497 1486 1365 1219 1033 841 -999999 -999999 -999999 -999999 -999999 -999999 -999999 -999999 -999999 -999999 -999999 -999999 -999999 -999999 -999999 -999999 -999999 -999999 -999999 -999999 -999999 -999999 -999999 -999999 -999999 -999999 -999999
-999999 -999999 -999999 -999999 -999999 -999999 -999999 -999999 -999999 -999999 -999999 -999999 -999999 -999999 -999999 929 894 880 932 1049 1228 1384 1471 1528 1579 1592 1620 1645 1636 1652 1682 1766 1833 1916 1991 2005 2007 1995 2002 1972 1949 1880 1817 -999999 1683 -999999 -999999 1520 1438 1259 1129 908 846 -999999 -999999 -999999 -999999 -999999 -999999 -999999 -999999 -999999 -999999 -999999 -999999 -999999 -999999 -999999 -999999 -999999 -999999 -999999 -999999 -999999 -999999 -999999 -999999 -999999 -999999
-999999 -999999 -999999 -999999 -999999 -999999 -999999 -999999 -999999 -999999 -999999 -999999 -999999 -999999 -999999 841 809 797 861 985 1138 1278 1389 1462 1506 1535 1581 1626 1624 1620 1656 1727 1776 1853 1875 1937 1978 1887 1879 1905 1907 1921 1889 1813 1856 1806 -999999 1620 1569 1376 1226 1060 900 848 -999999 -999999 -999999 -999999 -999999 -999999 -999999 -999999 -999999 -999999 -999999 -999999 -999999 -999999 -999999 -999999 -999999 -999999 -999999 -999999 -999999 -999999 -999999 -999999 -999999
-999999 -999999 -999999 -999999 -999999 -999999 -999999 -999999 -999999 -999999 -999999 -999999 -999999 -999999 -999999 -999999 679 699 790 932 -999999 -999999 -999999 -999999 1469 1502 1516 1526 1562 1571 1610 1676 1759 1824 1858 1945 1942 1788 1789 1844 1893 1915 1916 1866 1912 1934 1975 -999999 1631 1422 1310 1206 1098 996 888 -999999 -999999 -999999 -999999 -999999 -999999 -999999 -999999 -999999 -999999 -999999 -999999 -999999 -999999 -999999 -999999 -999999 -999999 -999999 -999999 -999999 -999999 -999999 -999999
-999999 -999999 -999999 -999999 -999999 -999999 -999999 -999999 -999999 -999999 -999999 -999999 -999999 -999999 -999999 -999999 -999999 576 716 870 -999999 -999999 -999999 -999999 1481 1494 1493 1494 1521 1510 1548 1637 1773 1843 1852 1965 1793 1712 1737 1845 1901 1918 1933 1940 1962 2018 2036 2013 -999999 1479 1366 1321 1212 1087 969 -999999 -999999 -999999 -999999 -999999 -999999 -999999 1308 1143 -999999 -999999 -999999 -999999 -999999 -999999 -999999 -999999 -999999 -999999 -999999 -999999 -999999 -999999 -999999
-999999 -999999 -999999 -999999 -999999 -999999 -999999 -999999 -999999 -999999 -999999 -999999 -999999 -999999 -999999 -999999 -999999 536 661 801 -999999 -999999 -999999 -999999 -999999 1471 1470 1521 1518 1500 1510 1572 1666 1758 1826 1913 -999999 -999999 -999999 1853 1904 1947 1977 1992 2011 2056 2041 2027 2007 -999999 -999999 1326 1257 1218 1122 1062 -999999 -999999 -999999 -999999 -999999 1323 1321 1170 -999999 -999999 -999999 -999999 -999999 -999999 -999999 -999999 -999999 -999999 -999999 -999999 -999999 -999999 -999999
-999999 -999999 -999999 -999999 -999999 -999999 -999999 -999999 -999999 -999999 -999999 -999999 -999999 -999999 -999999 -999999 -999999 -999999 592 -999999 -999999 -999999 -999999 -999999 -999999 1451 1447 1501 1558 1531 1522 1557 1633 1725 1792 1852 -999999 -999999 -999999 -999999 1899 1969 -999999 2023 2044 2013 1982 1984 2029 1925 -999999 -999999 1375 1416 1321 1244 1176 1159 1221 1254 1292 1338 1273 1131 -999999 -999999 -999999 -999999 -999999 -999999 -999999 -999999 -999999 -999999 -999999 -999999 -999999 -999999 -999999
-999999 -999999 -999999 -999999 -999999 -999999 -999999 -999999 -999999 -999999 -999999 -999999 -999999 -999999 -999999 -999999 -999999 -999999 -999999 -999999 -999999 -999999 -999999 -999999 -999999 -999999 1418 1456 1490 1504 1553 1636 1716 1815 1853 1745 1628 -999999 -999999 -999999 1873 1993 2068 2089 2050 1956 1900 1975 1988 1966 1851 1760 1604 1524 1392 1330 1314 1236 -999999 1230 1284 1277 1232 -999999 -999999 -999999 -999999 -999999 -999999 -999999 -999999 -999999 -999999 -999999 -999999 -999999 -999999 -999999 -999999
-999999 -999999 -999999 -999999 -999999 -999999 -999999 -999999 -999999 -999999 -999999 -999999 -999999 -999999 -999999 -999999 -999999 -999999 -999999 -999999 -999999 -999999 -999999 -999999 -999999 -999999 1322 1360 1434 1465 1489 1594 1745 1812 1848 -999999 -999999 -999999 -999999 -999999 1842 1974 2025 2022 1984 1903 1931 1960 1942 1812 1755 1768 1715 1522 -999999 1361 1420 1257 -999999 -999999 1276 1196 1142 -999999 -999999 -999999 -999999 -999999 -999999 -999999 -999999 -999999 -999999 -999999 -999999 -999999 -999999 -999999 -999999
-999999 -999999 -999999 -999999 -999999 -999999 -999999 -999999 -999999 -999999 -999999 -999999 -999999 -999999 -999999 -999999 -999999 -999999 -999999 -999999 -999999 -999999 -999999 -999999 -999999 -999999 1316 1359 1400 1391 1474 1585 1707 1781 1844 1750 -999999 -999999 -999999 -999999 1750 1804 1801 1793 1799 1839 1909 1893 1834 1791 1701 1685 1775 1715 -999999 1511 1254 -999999 -999999 1266 1250 1163 1113 -999999 -999999 -999999 -999999 -999999 -999999 -999999 -999999 -999999 -999999 -999999 -999999 -999999 -999999 -999999 -999999
-999999 -999999 -999999 -999999 -999999 -999999 -999999 -999999 -999999 -999999 -999999 -999999 -999999 -999999 -999999 -999999 -999999 -999999 -999999 -999999 -999999 -999999 -999999 -999999 -999999 1202 1263 1344 1413 1438 1456 1537 1657 1766 1829 1783 1696 1642 1634 1625 1654 1662 1607 1567 1668 1777 1821 1762 1765 1736 1627 1681 1779 1773 1802 1562 1068 -999999 1205 1266 1173 1121 1088 990 -999999 -999999 -999999 -999999 -999999 -999999 -999999 -999999 -999999 -999999 -999999 -999999 -999999 -999999 -999999
-999999 -999999 -999999 -999999 -999999 -999999 -999999 -999999 -999999 -999999 -999999 -999999 -999999 -999999 -999999 -999999 -999999 -999999 -999999 -999999 -999999 -999999 -999999 -999999 -999999 1100 1236 1303 1395 1378 1380 1502 1625 1718 1747 1686 1582 1626 1678 1690 1710 1673 1643 1602 1597 1641 1726 1786 1749 1648 1591 1647 1662 1662 1694 1624 -999999 1184 1266 1105 1048 -999999 1067 1004 914 886 926 971 -999999 -999999 -999999 -999999 -999999 -999999 -999999 -999999 -999999 -999999 -999999
-999999 -999999 -999999 -999999 -999999 -999999 -999999 -999999 -999999 -999999 -999999 -999999 -999999 -999999 -999999 -999999 -999999 -999999 -999999 -999999 -999999 -999999 -999999 -999999 1015 1061 1189 1298 1351 1316 1366 1483 1524 1644 1733 1587 1475 1531 1584 1617 1680 1651 1605 1609 1611 1672 1717 1704 1695 1651 1573 1566 1544 1590 1567 1557 1478 -999999 -999999 841 -999999 1055 1085 1077 1019 1005 1043 1021 950 -999999 -999999 -999999 -999999 -999999 -999999 -999999 -999999 -999999 -999999
-999999 -999999 -999999 -999999 -999999 -999999 -999999 -999999 -999999 -999999 -999999 -999999 -999999 -999999 -999999 -999999 -999999 -999999 -999999 -999999 -999999 -999999 -999999 1090 1009 1036 1147 1269 1324 1352 1370 1415 1489 1636 1628 1455 1436 1495 1527 1553 1642 1677 1642 1614 1622 1688 1655 1548 1490 1473 1469 1469 1478 1503 1395 1404 1433 1392 -999999 -999999 1064 1100 1000 -999999 1067 1120 1101 1027 965 918 872 -999999 -999999 -999999 -999999 -999999 -999999 -999999 -999999
-999999 -999999 -999999 -999999 -999999 -999999 -999999 -999999 -999999 -999999 -999999 -999999 -999999 -999999 -999999 -999999 -999999 -999999 -999999 -999999 -999999 -999999 -999999 1026 986 1015 1073 1218 1319 1309 1340 1425 1570 1580 1462 1374 1390 1496 1522 1527 1527 1562 1595 1628 1662 1674 1573 1454 1306 1330 1384 1416 1429 1340 1300 1283 1377 1435 1368 1293 1354 1168 -999999 -999999 -999999 1211 1103 1039 967 932 845 851 -999999 -999999 -999999 -999999 -999999 -999999 -999999
-999999 -999999 -999999 -999999 -999999 -999999 -999999 -999999 -999999 -999999 -999999 -999999 -999999 -999999 -999999 -999999 -999999 -999999 -999999 -999999 -999999 -999999 863 857 881 977 1068 1126 1258 1261 1304 1452 1514 1432 1389 1351 1401 1481 1462 1434 1455 1540 1591 1678 -999999 1533 1602 1456 1259 1205 1296 1352 1330 1251 1178 1201 1300 1334 1282 1262 1354 1259 -999999 -999999 1158 1247 1026 971 926 882 862 825 -999999 -999999 -999999 -999999 -999999 -999999 -999999
-999999 -999999 -999999 -999999 -999999 -999999 -999999 -999999 -999999 -999999 -999999 -999999 -999999 -999999 -999999 -999999 -999999 -999999 -999999 -999999 -999999 -999999 750 791 834 901 968 -999999 1054 1207 1246 1404 1389 1358 1370 1344 1400 1467 1385 1437 1489 1495 1588 -999999 -999999 -999999 1504 1267 -999999 1118 1207 1244 1199 1161 1128 1145 1217 1238 1228 1254 1332 -999999 763 988 1300 -999999 -999999 1005 919 900 848 808 751 -999999 -999999 -999999 -999999 -999999 -999999
-999999 -999999 -999999 -999999 -999999 -999999 -999999 -999999 -999999 -999999 -999999 -999999 -999999 -999999 -999999 -999999 -999999 -999999 -999999 -999999 -999999 -999999 678 745 819 895 913 1063 1117 1198 1281 1279 1290 1286 1288 1339 1400 1389 1407 1454 1515 1560 1439 -999999 -999999 -999999 1327 1037 -999999 1060 1133 1120 1097 1094 1075 1096 1147 1172 1170 1225 1264 1338 -999999 -999999 1386 1273 1071 1081 937 945 894 842 -999999 -999999 -999999 -999999 -999999 -999999 -999999
-999999 -999999 -999999 -999999 -999999 -999999 -999999 -999999 -999999 -999999 -999999 -999999 -999999 -999999 -999999 -999999 -999999 -999999 -999999 -999999 -999999 550 655 759 914 977 1024 1033 1060 1157 1230 1239 1241 1233 1230 1276 1340 1359 1392 1470 1552 1488 -999999 -999999 1215 -999999 1375 -999999 1051 1061 1067 1048 1035 1035 1020 1030 1040 1080 1127 1171 1205 1251 1298 -999999 -999999 1325 1241 1120 967 904 841 794 707 -999999 -999999 -999999 -999999 -999999 -999999
-999999 -999999 -999999 -999999 -999999 -999999 -999999 -999999 -999999 -999999 -999999 -999999 -999999 -999999 -999999 -999999 -999999 -999999 -999999 -999999 -999999 525 627 766 894 982 1009 930 -999999 1064 1193 1228 1251 1242 1210 1224 1254 1310 1389 1481 1567 1431 -999999 -999999 1176 1142 1288 1163 1039 949 991 983 983 979 964 970 954 1002 1043 1067 1104 1158 1218 1241 1204 -999999 1228 1129 1014 928 852 787 699 -999999 -999999 -999999 -999999 -999999 -999999
-999999 -999999 -999999 -999999 -999999 -999999 -999999 -999999 -999999 -999999 -999999 -999999 -999999 -999999 -999999 -999999 -999999 -999999 -999999 -999999 -999999 454 -999999 -999999 -999999 875 854 -999999 -999999 1063 1164 1219 1260 1263 1225 1212 1242 1286 1368 1472 1566 1431 -999999 -999999 -999999 975 1139 1107 1010 914 935 914 917 923 914 913 -999999 911 933 953 1002 1076 1112 1154 1223 1108 1024 918 -999999 994 875 801 721 655 -999999 -999999 -999999 -999999 -999999
-999999 -999999 -999999 -999999 -999999 -999999 -999999 -999999 -999999 -999999 -999999 -999999 -999999 -999999 -999999 -999999 -999999 -999999 -999999 -999999 -999999 -999999 -999999 -999999 777 877 825 -999999 -999999 1098 1142 1192 1243 1257 1250 1263 1259 1268 1348 1460 1553 1427 -999999 -999999 -999999 873 939 980 978 934 878 836 837 861 -999999 -999999 -999999 -999999 822 850 885 962 1016 1081 1147 1217 1078 973 1002 952 837 794 698 -999999 -999999 -999999 -999999 -999999 -999999
-999999 -999999 -999999 -999999 -999999 -999999 -999999 -999999 -999999 -999999 -999999 -999999 -999999 -999999 -999999 -999999 -999999 -999999 -999999 -999999 -999999 -999999 -999999 -999999 895 980 981 -999999 1041 1115 1127 1166 1213 1247 1285 1294 1224 1208 1315 1435 1453 1340 -999999 -999999 -999999 832 838 828 810 787 758 741 721 745 -999999 -999999 -999999 -999999 -999999 708 687 822 928 1013 1066 1107 1076 1026 981 880 795 792 763 670 -999999 -999999 -999999 -999999 -999999
-999999 -999999 -999999 -999999 -999999 -999999 -999999 -999999 -999999 -999999 -999999 -999999 -999999 -999999 -999999 -999999 -999999 -999999 -999999 -999999 -999999 -999999 -999999 895 1039 1093 1117 1111 1096 1107 1135 1179 1222 1257 1277 1234 1174 1161 1264 1337 1266 1211 1107 -999999 -999999 793 753 744 739 718 -999999 -999999 -999999 -999999 -999999 -999999 -999999 -999999 -999999 -999999 -999999 657 803 901 972 1030 981 926 1005 908 734 802 787 -999999 -999999 -999999 -999999 -999999 -999999
-999999 -999999 -999999 -999999 -999999 -999999 -999999 -999999 -999999 -999999 -999999 -999999 -999999 -999999 -999999 -999999 -999999 -999999 -999999 -999999 -999999 -999999 -999999 1023 1111 1115 1134 1107 1097 1123 1162 1217 1263 1255 1212 1181 1160 1166 1217 1145 1025 1026 1027 916 777 749 696 659 642 566 -999999 -999999 -999999 -999999 -999999 -999999 -999999 -999999 -999999 -999999 -999999 -999999 655 761 878 944 835 850 874 729 670 802 794 -999999 -999999 -999999 -999999 -999999 -999999
-999999 -999999 -999999 -999999 -999999 -999999 -999999 -999999 -999999 -999999 -999999 -999999 -999999 -999999 -999999 -999999 -999999 -999999 -999999 -999999 -999999 -999999 -999999 -999999 -999999 -999999 -999999 1066 1086 1141 1190 1229 1236 1188 1153 1179 1159 1175 1192 971 789 821 876 856 749 667 634 -999999 -999999 -999999 -999999 -999999 -999999 -999999 -999999 -999999 -999999 -999999 -999999 -999999 -999999 -999999 478 629 786 861 743 726 759 748 739 705 763 782 808 -999999 -999999 -999999 -999999
-999999 -999999 -999999 -999999 -999999 -999999 -999999 -999999 -999999 -999999 -999999 -999999 -999999 -999999 -999999 -999999 -999999 -999999 -999999 -999999 -999999 -999999 -999999 -999999 -999999 -999999 -999999 1048 1120 1183 1162 1139 1170 1154 1155 1185 1153 1169 1128 860 676 710 752 729 655 -999999 -999999 -999999 -999999 -999999 -999999 -999999 -999999 -999999 -999999 -999999 -999999 -999999 -999999 -999999 -999999 -999999 -999999 457 694 772 769 779 767 771 815 671 -999999 859 920 -999999 -999999 -999999 -999999
-999999 -999999 -999999 -999999 -999999 -999999 -999999 -999999 -999999 -999999 -999999 -999999 -999999 -999999 -999999 -999999 -999999 -999999 -999999 -999999 -999999 -999999 -999999 -999999 -999999 -999999 1042 1098 1156 1166 -999999 -999999 1148 1168 1149 1162 1139 1068 888 695 631 -999999 -999999 -999999 -999999 -999999 -999999 -999999 -999999 -999999 -999999 -999999 -999999 -999999 -999999 -999999 -999999 -999999 -999999 -999999 -999999 -999999 -999999 482 588 691 757 803 830 697 752 681 655 923 972 -999999 -999999 -999999 -999999
-999999 -999999 -999999 -999999 -999999 -999999 -999999 -999999 -999999 -999999 -999999 -999999 -999999 -999999 -999999 -999999 -999999 -999999 -999999 -999999 -999999 -999999 -999999 -999999 -999999 1050 1122 1164 1177 1123 -999999 -999999 1138 1104 1086 1131 1092 870 622 536 -999999 -999999 -999999 -999999 -999999 -999999 -999999 -999999 -999999 -999999 -999999 -999999 -999999 -999999 -999999 -999999 -999999 -999999 -999999 -999999 -999999 -999999 -999999 465 419 577 630 688 803 774 778 770 890 893 911 -999999 -999999 -999999 -999999
-999999 -999999 -999999 -999999 -999999 -999999 -999999 -999999 -999999 -999999 -999999 -999999 -999999 -999999 -999999 -999999 -999999 -999999 -999999 -999999 -999999 -999999 -999999 -999999 -999999 1063 1139 1182 1181 1156 1187 1195 1086 1019 1047 1111 1043 710 -999999 -999999 -999999 -999999 -999999 -999999 -999999 -999999 -999999 -999999 -999999 -999999 -999999 -999999 -999999 -999999 -999999 -999999 -999999 -999999 -999999 -999999 -999999 -999999 -999999 484 464 -999999 -999999 -999999 729 782 818 852 873 835 -999999 -999999 -999999 -999999 -999999
-999999 -999999 -999999 -999999 -999999 -999999 -999999 -999999 -999999 -999999 -999999 -999999 -999999 -999999 -999999 -999999 -999999 -999999 -999999 -999999 -999999 -999999 -999999 -999999 1021 1069 1142 1204 1200 1191 1228 1187 1043 996 1058 1106 -999999 -999999 -999999 -999999 -999999 -999999 -999999 -999999 -999999 -999999 -999999 -999999 -999999 -999999 -999999 -999999 -999999 -999999 -999999 -999999 -999999 -999999 -999999 -999999 -999999 -999999 -999999 490 446 -999999 -999999 -999999 -999999 754 785 813 814 -999999 -999999 -999999 -999999 -999999 -999999
-999999 -999999 -999999 -999999 -999999 -999999 -999999 -999999 -999999 -999999 -999999 -999999 -999999 -999999 -999999 -999999 -999999 -999999 -999999 -999999 -999999 -999999 -999999 -999999 1066 1119 1183 1205 1200 1166 1159 1111 1040 1039 1053 934 -999999 -999999 -999999 -999999 -999999 -999999 -999999 -999999 -999999 -999999 -999999 -999999 -999999 -999999 -999999 -999999 -999999 -999999 -999999 -999999 -999999 -999999 -999999 -999999 -999999 -999999 -999999 499 445 -999999 -999999 -999999 -999999 -999999 -999999 -999999 -999999 -999999 -999999 -999999 -999999 -999999 -999999
-999999 -999999 -999999 -999999 -999999 -999999 -999999 -999999 -999999 -999999 -999999 -999999 -999999 -999999 -999999 -999999 -999999 -999999 -999999 -999999 -999999 -999999 -999999 -999999 1094 1058 1144 1181 1144 1074 -999999 -999999 -999999 1035 936 -999999 600 569 -999999 -999999 -999999 -999999 -999999 -999999 -999999 -999999 -999999 -999999 -999999 -999999 -999999 -999999 -999999 -999999 -999999 -999999 -999999 -999999 -999999 -999999 -999999 -999999 -999999 478 408 490 -999999 -999999 -999999 -999999 -999999 -999999 -999999 -999999 -999999 -999999 -999999 -999999 -999999
-999999 -999999 -999999 -999999 -999999 -999999 -999999 -999999 -999999 -999999 -999999 -999999 -999999 -999999 -999999 -999999 -999999 -999999 -999999 -999999 -999999 -999999 -999999 1093 1108 1132 1158 1159 1109 -999999 -999999 -999999 -999999 937 818 703 644 584 -999999 -999999 -999999 -999999 -999999 -999999 -999999 -999999 -999999 -999999 -999999 -999999 -999999 458 454 452 -999999 -999999 -999999 -999999 -999999 -999999 -999999 -999999 513 381 352 491 -999999 -999999 -999999 -999999 -999999 -999999 -999999 -999999 -999999 -999999 -999999 -999999 -999999
-999999 -999999 -999999 -999999 -999999 -999999 -999999 -999999 -999999 -999999 -999999 -999999 -999999 -999999 -999999 -999999 -999999 -999999 -999999 -999999 -999999 -999999 -999999 1158 1199 1219 1224 1158 1060 998 889 -999999 926 909 790 716 594 454 -999999 -999999 -999999 -999999 -999999 -999999 -999999 -999999 -999999 -999999 -999999 -999999 -999999 476 473 467 457 447 436 421 408 400 391 403 342 203 312 502 -999999 -999999 -999999 -999999 -999999 -999999 -999999 -999999 -999999 -999999 -999999 -999999 -999999
-999999 -999999 -999999 -999999 -999999 -999999 -999999 -999999 -999999 -999999 -999999 -999999 -999999 -999999 -999999 -999999 -999999 -999999 -999999 -999999 -999999 -999999 -999999 1175 1216 1210 1185 1072 -999999 898 849 853 939 917 754 654 432 373 -999999 -999999 -999999 -999999 -999999 -999999 -999999 -999999 -999999 -999999 -999999 -999999 493 494 496 496 475 416 324 242 212 205 204 203 125 124 -999999 -999999 617 -999999 -999999 -999999 -999999 -999999 -999999 -999999 -999999 -999999 -999999 -999999 -999999
-999999 -999999 -999999 -999999 -999999 -999999 -999999 -999999 -999999 -999999 -999999 -999999 -999999 -999999 -999999 -999999 -999999 -999999 -999999 -999999 -999999 -999999 1073 1102 1110 1149 1070 -999999 940 722 -999999 -999999 -999999 1017 831 408 420 -999999 -999999 -999999 -999999 -999999 -999999 -999999 -999999 -999999 -999999 -999999 -999999 502 504 509 517 516 452 342 237 186 191 207 190 159 165 -999999 -999999 556 622 -999999 -999999 -999999 -999999 -999999 -999999 -999999 -999999 -999999 -999999 -999999 -999999
-999999 -999999 -999999 -999999 -999999 -999999 -999999 -999999 -999999 -999999 -999999 -999999 -999999 -999999 -999999 -999999 -999999 -999999 -999999 -999999 -999999 1078 1078 1111 1163 1189 1149 1119 797 -999999 -999999 -999999 -999999 1036 1060 630 550 473 -999999 -999999 -999999 -999999 -999999 -999999 -999999 -999999 -999999 -999999 506 509 515 522 539 491 366 291 -999999 -999999 354 344 288 256 -999999 -999999 -999999 583 628 -999999 -999999 -999999 -999999 -999999 -999999 -999999 -999999 -999999 -999999 -999999 -999999
-999999 -999999 -999999 -999999 -999999 -999999 -999999 -999999 -999999 -999999 -999999 -999999 -999999 -999999 -999999 -999999 -999999 -999999 -999999 -999999 -999999 948 1113 1228 1290 1243 1136 1042 670 -999999 -999999 -999999 -999999 1052 1094 632 532 498 -999999 -999999 -999999 -999999 -999999 -999999 -999999 -999999 -999999 -999999 513 519 527 537 535 425 -999999 -999999 358 388 426 413 373 352 -999999 -999999 -999999 599 637 -999999 -999999 -999999 -999999 -999999 -999999 -999999 -999999 -999999 -999999 -999999 -999999
-999999 -999999 -999999 -999999 -999999 -999999 -999999 -999999 -999999 -999999 -999999 -999999 -999999 -999999 -999999 -999999 -999999 -999999 -999999 902 -999999 -999999 -999999 1244 1274 1141 1001 850 627 -999999 -999999 -999999 -999999 1166 958 411 246 -999999 -999999 -999999 -999999 -999999 -999999 -999999 -999999 -999999 -999999 -999999 521 529 538 550 508 -999999 -999999 372 414 456 474 483 466 435 -999999 -999999 559 610 -999999 -999999 -999999 -999999 -999999 -999999 -999999 -999999 -999999 -999999 -999999 -999999 -999999
-999999 -999999 -999999 -999999 -999999 -999999 -999999 -999999 -999999 -999999 -999999 -999999 -999999 -999999 -999999 -999999 -999999 -999999 -999999 -999999 -999999 -999999 -999999 1316 1140 944 879 774 663 -999999 -999999 -999999 905 1102 865 374 229 -999999 -999999 -999999 -999999 -999999 -999999 -999999 -999999 -999999 -999999 -999999 529 538 548 548 482 -999999 378 410 447 463 473 -999999 -999999 -999999 -999999 539 580 618 -999999 -999999 -999999 -999999 -999999 -999999 -999999 -999999 -999999 -999999 -999999 -999999 -999999
-999999 -999999 -999999 -999999 -999999 -999999 -999999 -999999 -999999 -999999 -999999 -999999 -999999 -999999 -999999 -999999 -999999 -999999 929 -999999 -999999 1024 1032 1058 831 771 703 666 -999999 -999999 -999999 -999999 933 885 658 565 565 -999999 -999999 -999999 -999999 -999999 -999999 -999999 -999999 -999999 -999999 530 535 543 550 534 479 425 415 440 463 468 -999999 -999999 -999999 -999999 538 558 589 -999999 -999999 -999999 -999999 -999999 -999999 -999999 -999999 -999999 -999999 -999999 -999999 -999999 -999999
-999999 -999999 -999999 -999999 -999999 -999999 -999999 -999999 -999999 -999999 -999999 -999999 -999999 -999999 -999999 -999999 -999999 -999999 953 930 915 939 881 798 645 721 -999999 -999999 -999999 -999999 -999999 -999999 978 563 372 396 595 -999999 -999999 -999999 -999999 -999999 -999999 -999999 -999999 -999999 -999999 535 538 543 542 524 488 455 447 455 460 -999999 -999999 -999999 -999999 -999999 545 567 595 -999999 -999999 -999999 -999999 -999999 -999999 -999999 -999999 -999999 -999999 -999999 -999999 -999999 -999999
-999999 -999999 -999999 -999999 -999999 -999999 -999999 -999999 -999999 -999999 -999999 -999999 -999999 -999999 -999999 -999999 -999999 943 839 -999999 839 781 776 -999999 -999999 -999999 637 -999999 -999999 -999999 -999999 -999999 853 691 519 566 557 -999999 -999999 -999999 -999999 -999999 -999999 -999999 -999999 -999999 535 538 540 540 535 520 496 474 463 465 467 -999999 -999999 -999999 -999999 -999999 552 573 -999999 -999999 -999999 -999999 -999999 -999999 -999999 -999999 -999999 -999999 -999999 -999999 -999999 -999999 635
-999999 -999999 -999999 -999999 -999999 -999999 -999999 -999999 -999999 -999999 -999999 -999999 -999999 -999999 -999999 -999999 -999999 870 736 721 801 -999999 -999999 -999999 -999999 628 627 -999999 -999999 -999999 -999999 -999999 602 639 671 -999999 -999999 -999999 -999999 -999999 -999999 -999999 -999999 -999999 -999999 -999999 539 540 540 538 532 521 503 486 473 467 -999999 -999999 -999999 -999999 -999999 -999999 555 576 -999999 -999999 -999999 -999999 -999999 -999999 -999999 -999999 -999999 -999999 -999999 -999999 -999999 -999999 625
-999999 -999999 -999999 -999999 -999999 -999999 -999999 -999999 -999999 -999999 -999999 -999999 -999999 -999999 -999999 -999999 872 735 -999999 -999999 771 -999999 -999999 -999999 -999999 -999999 -999999 -999999 -999999 -999999 -999999 -999999 444 508 610 644 -999999 -999999 -999999 -999999 -999999 -999999 -999999 -999999 -999999 539 541 542 541 537 532 522 509 494 481 471 -999999 -999999 -999999 -999999 -999999 -999999 559 -999999 -999999 -999999 -999999 -999999 -999999 -999999 -999999 -999999 -999999 -999999 -999999 -999999 -999999 614 619
-999999 -999999 -999999 -999999 -999999 -999999 -999999 -999999 -999999 -999999 -999999 -999999 -999999 -999999 -999999 763 780 683 -999999 608 793 -999999 -999999 -999999 -999999 -999999 -999999 -999999 -999999 -999999 -999999 543 305 487 -999999 599 -999999 -999999 -999999 -999999 -999999 -999999 -999999 -999999 539 541 543 544 542 539 533 524 512 500 489 479 -999999 -999999 -999999 -999999 -999999 547 564 -999999 -999999 -999999 -999999 -999999 -999999 -999999 -999999 -999999 -999999 -999999 -999999 -999999 -999999 608 615
-999999 -999999 -999999 -999999 -999999 -999999 -999999 -999999 -999999 -999999 -999999 -999999 -999999 -999999 634 719 -999999 716 664 675 569 -999999 -999999 -999999 -999999 -999999 -999999 -999999 -999999 -999999 -999999 534 550 510 -999999 -999999 -999999 -999999 -999999 -999999 -999999 -999999 537 540 542 544 545 546 545 542 536 526 514 504 496 490 -999999 -999999 -999999 524 535 551 570 -999999 -999999 -999999 -999999 -999999 -999999 -999999 -999999 -999999 -999999 -999999 -999999 -999999 612 606 614
-999999 -999999 -999999 -999999 -999999 -999999 -999999 -999999 -999999 -999999 -999999 -999999 -999999 -999999 647 592 817 788 526 582 -999999 -999999 -999999 -999999 -999999 -999999 -999999 -999999 -999999 -999999 510 594 603 -999999 -999999 -999999 -999999 -999999 -999999 -999999 -999999 546 547 547 547 547 548 548 548 546 540 531 519 510 504 502 505 515 523 527 538 556 576 -999999 -999999 -999999 -999999 -999999 -999999 -999999 -999999 -999999 -999999 -999999 -999999 -999999 609 605 614
-999999 -999999 -999999 -999999 -999999 -999999 -999999 -999999 -999999 -999999 -999999 -999999 -999999 641 563 -999999 831 747 150 549 -999999 -999999 -999999 -999999 -999999 -999999 -999999 -999999 -999999 -999999 668 659 -999999 -999999 -999999 -999999 -999999 -999999 -999999 -999999 556 557 556 554 553 552 551 551 551 549 544 536 527 518 513 513 519 526 528 531 543 561 582 -999999 -999999 -999999 -999999 -999999 -999999 -999999 -999999 -999999 -999999 -999999 -999999 -999999 609 605 615
-999999 -999999 -999999 -999999 -999999 -999999 -999999 -999999 -999999 -999999 -999999 -999999 702 769 -999999 -999999 711 657 -999999 657 -999999 -999999 -999999 -999999 -999999 -999999 -999999 -999999 -999999 -999999 673 -999999 -999999 -999999 -999999 -999999 -999999 -999999 -999999 -999999 567 567 565 561 559 557 555 555 555 553 549 543 536 531 527 527 530 533 534 539 551 567 588 612 637 656 670 -999999 -999999 -999999 -999999 -999999 -999999 -999999 -999999 623 610 607 619
-999999 -999999 -999999 -999999 -999999 -999999 -999999 -999999 -999999 -999999 -999999 -999999 -999999 -999999 -999999 -999999 -999999 -999999 723 728 -999999 -999999 -999999 -999999 -999999 -999999 -999999 -999999 -999999 -999999 -999999 -999999 -999999 -999999 -999999 -999999 -999999 -999999 -999999 -999999 -999999 576 573 569 565 561 559 558 558 557 555 550 546 543 541 539 539 539 541 547 559 574 594 617 639 656 668 -999999 -999999 -999999 -999999 -999999 -999999 -999999 -999999 624 612 611 624
-999999 -999999 -999999 -999999 -999999 -999999 -999999 -999999 -999999 -999999 625 704 -999999 -999999 652 534 -999999 808 776 778 726 -999999 -999999 -999999 -999999 -999999 -999999 -999999 -999999 -999999 -999999 -999999 -999999 -999999 -999999 -999999 -999999 -999999 -999999 -999999 -999999 -999999 -999999 575 570 566 562 561 561 561 560 558 555 553 551 548 546 546 550 557 567 582 601 621 640 654 666 672 -999999 -999999 -999999 -999999 -999999 -999999 -999999 625 616 617 631
-999999 -999999 -999999 -999999 -999999 -999999 -999999 -999999 -999999 -999999 803 762 -999999 -999999 651 660 802 818 832 813 667 -999999 -999999 -999999 -999999 -999999 -999999 -999999 -999999 -999999 -999999 583 -999999 540 -999999 -999999 -999999 -999999 -999999 -999999 -999999 -999999 -999999 -999999 575 569 565 563 564 565 566 565 564 562 559 556 553 554 558 566 577 592 608 625 638 652 662 667 -999999 -999999 -999999 -999999 -999999 -999999 -999999 628 621 624 639
-999999 -999999 -999999 -999999 -999999 -999999 -999999 -999999 -999999 -999999 896 -999999 644 712 781 -999999 804 818 765 716 606 -999999 -999999 -999999 511 559 572 -999999 -999999 497 568 686 -999999 -999999 -999999 -999999 -999999 -999999 -999999 -999999 -999999 -999999 -999999 -999999 578 572 567 565 566 569 571 573 573 572 569 565 562 562 566 575 587 601 616 628 638 649 657 662 663 -999999 -999999 -999999 -999999 -999999 634 632 626 631 647
-999999 -999999 -999999 -999999 -999999 -999999 -999999 -999999 -999999 839 -999999 734 779 772 -999999 -999999 824 768 698 626 -999999 -999999 -999999 -999999 539 576 571 -999999 -999999 -999999 631 -999999 -999999 -999999 -999999 -999999 -999999 -999999 -999999 -999999 -999999 -999999 -999999 585 579 573 568 567 569 572 576 579 580 579 576 572 568 568 573 583 597 611 622 629 637 646 652 656 656 -999999 -999999 -999999 -999999 635 637 636 633 638 656
-999999 -999999 -999999 -999999 -999999 -999999 -999999 -999999 -999999 -999999 974 941 -999999 767 806 839 825 722 567 437 -999999 -999999 -999999 -999999 548 563 569 -999999 -999999 -999999 690 729 -999999 -999999 -999999 -999999 -999999 -999999 -999999 -999999 -999999 -999999 -999999 583 579 574 571 572 576 582 588 592 593 592 589 584 578 576 580 591 606 619 625 630 636 642 648 652 651 647 639 634 634 639 643 640 639 646 667
-999999 -999999 -999999 -999999 -999999 -999999 -999999 -999999 -999999 -999999 895 994 945 927 900 814 796 668 422 -999999 -999999 -999999 -999999 -999999 -999999 -999999 -999999 -999999 -999999 640 723 -999999 -999999 -999999 -999999 -999999 -999999 -999999 -999999 -999999 -999999 -999999 -999999 -999999 575 571 569 570 574 580 586 590 593 593 591 587 583 583 590 602 616 624 629 634 638 643 649 653 651 645 639 636 639 645 648 646 647 655 677
-999999 -999999 -999999 -999999 -999999 -999999 -999999 742 -999999 -999999 -999999 975 1002 938 872 802 687 635 478 -999999 -999999 -999999 -999999 -999999 -999999 -999999 -999999 -999999 -999999 -999999 579 587 -999999 -999999 -999999 -999999 -999999 -999999 -999999 -999999 -999999 -999999 -999999 -999999 -999999 -999999 -999999 -999999 -999999 -999999 -999999 -999999 -999999 -999999 -999999 -999999 594 590 594 604 615 621 627 629 631 635 641 647 648 642 637 638 644 650 654 653 655 664 686
-999999 -999999 -999999 -999999 -999999 -999999 800 834 875 928 937 998 1009 995 895 758 609 -999999 -999999 -999999 -999999 -999999 -999999 -999999 -999999 -999999 -999999 -999999 -999999 -999999 -999999 -999999 -999999 -999999 -999999 -999999 -999999 -999999 -999999 -999999 -999999 -999999 -999999 -999999 -999999 -999999 -999999 -999999 -999999 -999999 -999999 -999999 -999999 -999999 -999999 -999999 -999999 -999999 619 625 633 639 643 645 647 650 654 659 661 659 655 654 656 658 659 660 663 672 694
-999999 -999999 -999999 -999999 -999999 731 773 786 846 902 965 1005 1014 988 907 762 -999999 -999999 -999999 -999999 -999999 -999999 -999999 -999999 -999999 -999999 -999999 -999999 -999999 -999999 -999999 -999999 -999999 -999999 -999999 -999999 -999999 -999999 -999999 -999999 -999999 -999999 -999999 -999999 -999999 -999999 -999999 -999999 -999999 -999999 -999999 -999999 -999999 -999999 -999999 -999999 -999999 -999999 634 639 645 651 654 656 658 660 664 669 672 672 670 668 668 668 668 669 673 682 702
-999999 -999999 -999999 -999999 -999999 695 714 764 801 859 991 1036 1009 981 919 797 -999999 -999999 -999999 -999999 -999999 -999999 -999999 -999999 -999999 -999999 -999999 -999999 -999999 -999999 -999999 -999999 -999999 -999999 -999999 -999999 -999999 -999999 -999999 -999999 -999999 -999999 -999999 -999999 -999999 -999999 -999999 -999999 -999999 -999999 -999999 -999999 -999999 -999999 -999999 -999999 -999999 639 640 645 651 656 659 660 662 664 668 674 678 681 681 681 681 681 681 682 685 692 709
-999999 -999999 -999999 -999999 -999999 556 589 587 628 678 757 918 950 923 866 804 751 714 -999999 -999999 -999999 -999999 -999999 -999999 -999999 -999999 -999999 -999999 -999999 -999999 -999999 -999999 -999999 -999999 -999999 -999999 -999999 -999999 -999999 -999999 -999999 -999999 -999999 -999999 -999999 -999999 -999999 -999999 -999999 -999999 -999999 -999999 -999999 -999999 -999999 656 652 650 651 655 660 666 669 671 672 674 679 686 693 698 702 704 705 706 706 705 705 708 714
