---
Cu Potential [m] Valid 1300 NZST ~Z75~(0100Z)~Z~ MON 5 Jan 2026 ~Z75~[49hrFcst@2110z]~Z~
Model= RASP Region= NZ Grid= d2 Reskm= 2.0 Indexs= 1 69 1 69 Proj= lambert 2000 2000 -35.0000 -42.0000 176.0000 -37.7968 175.7263
Day= 2026 1 5 MON ValidLST= 1300 NZST ValidZ= 100 Fcst= 49.0 Init= 46 Param= zsfclcldif Unit= m Mult= 1 Min= -1138 Max= 858
244 248 250 287 314 313 420 444 431 464 498 483 447 438 448 417 425 433 441 435 416 430 440 424 423 429 308 256 231 210 203 215 255 388 462 467 475 487 487 485 460 396 212 207 241 310 360 394 404 437 468 504 512 476 423 453 524 576 536 499 318 268 258 250 264 260 243 219 189
176 177 235 259 304 365 495 496 475 430 397 379 363 369 380 390 399 408 425 435 438 437 438 442 512 528 525 337 273 254 242 261 364 450 469 483 491 508 517 524 531 488 326 275 290 380 431 420 414 443 459 489 500 511 422 451 527 574 541 521 307 -522 -435 202 266 327 381 395 235
169 165 157 233 248 354 501 483 432 373 360 270 326 349 350 329 328 359 415 440 450 432 433 454 503 462 426 374 299 286 285 321 428 476 485 495 470 520 537 548 531 478 308 282 293 408 476 443 433 446 458 530 546 563 483 467 503 537 548 394 -625 -703 -701 -595 -147 292 348 418 281
154 155 147 206 236 291 441 441 392 240 -160 -237 -119 361 337 240 156 223 425 496 484 419 399 432 478 443 389 410 501 487 494 504 508 508 459 444 498 524 544 561 543 467 332 293 282 382 520 490 492 470 523 534 409 327 485 444 416 518 548 -439 -594 -551 -576 -554 -300 303 374 416 269
163 174 168 234 249 238 394 434 281 -596 -248 -452 -344 330 354 206 44 104 377 566 479 379 369 430 488 459 384 326 503 489 494 497 519 436 436 466 462 521 543 552 563 419 468 304 214 325 521 507 517 460 552 456 425 211 156 363 340 469 380 -525 -516 -474 -493 -503 -28 143 361 403 261
177 201 210 253 240 249 357 446 444 383 221 -464 -673 328 328 100 -502 -891 158 463 426 405 442 442 456 378 431 464 502 513 492 465 496 460 528 519 505 525 531 563 509 487 565 514 522 519 520 519 499 493 366 662 662 -24 -14 292 436 533 -458 -467 -448 -427 -475 -509 -215 -96 249 349 263
193 219 233 279 278 358 296 437 42 94 269 93 -477 395 408 232 -52 121 465 419 387 422 430 420 425 425 420 450 468 468 457 473 402 497 484 485 498 511 510 548 464 547 506 465 482 469 495 512 477 479 375 420 447 443 526 512 327 260 -539 -440 -235 -420 -412 -389 -263 -227 242 258 289
215 242 294 305 306 400 326 507 -70 -425 30 204 465 552 249 435 448 444 441 402 397 432 482 485 422 392 398 420 422 418 448 509 495 520 503 492 479 455 441 454 478 492 460 435 454 467 503 528 519 443 477 504 618 585 503 592 541 373 -408 -471 -409 -56 -157 -288 -415 -429 181 341 323
240 301 307 324 397 396 293 259 442 260 326 278 323 410 412 382 388 435 438 428 444 463 478 432 357 367 389 389 396 421 482 551 519 527 517 475 424 368 333 367 440 447 409 431 453 470 491 514 553 473 493 494 596 382 234 418 261 10 -114 -9 -121 71 -47 -230 -458 -429 231 366 290
318 328 336 433 393 351 365 456 190 187 262 245 320 482 458 391 373 392 410 449 463 477 461 357 354 385 392 377 383 426 451 518 528 529 446 372 329 300 316 385 419 402 392 422 442 460 492 515 513 536 487 517 546 506 237 -462 -512 -352 33 -436 -227 8 118 -110 -456 -171 46 334 226
314 316 335 425 380 312 255 -692 -845 -491 33 283 285 545 477 420 384 375 403 440 461 448 417 404 424 382 368 356 379 419 434 432 382 404 330 299 288 284 342 410 402 373 369 397 427 459 536 479 466 520 465 536 262 425 -267 -457 -30 167 123 261 435 455 275 -116 -587 -491 267 350 217
232 281 284 347 398 458 372 423 160 331 180 312 361 379 564 505 443 410 407 417 409 396 390 419 416 351 331 334 380 405 409 342 371 320 300 336 361 378 438 425 353 326 358 412 462 472 488 509 463 478 442 524 236 35 -323 -356 57 66 156 423 488 470 382 -385 -437 -318 97 379 251
147 126 96 174 234 366 363 433 536 360 167 246 -155 -322 -214 532 478 452 421 385 368 363 365 388 339 301 289 385 402 389 461 374 300 302 342 488 452 385 437 338 279 314 385 467 449 419 410 418 455 441 539 558 541 355 -379 -211 -232 21 96 227 434 427 471 -43 40 37 270 382 342
48 7 -20 51 95 233 358 449 225 224 367 205 -317 -676 -622 -503 489 456 405 370 357 359 356 344 283 264 271 335 338 388 472 75 256 334 512 380 314 383 417 318 288 374 449 460 381 375 392 396 459 420 576 455 435 285 -410 -438 -162 -13 -65 -32 176 -38 163 102 275 338 447 470 395
-18 -24 -47 -42 -20 102 171 409 178 176 206 202 -573 -497 -428 -512 459 416 374 356 367 375 360 334 283 287 289 360 284 441 239 23 327 334 379 264 326 478 459 354 412 443 460 389 352 383 418 426 468 424 447 314 402 499 59 -170 -57 -45 -35 53 219 402 491 321 143 304 409 462 419
-42 -42 -44 -41 29 57 168 220 307 235 -54 197 -404 -521 -281 511 439 394 368 370 386 374 344 323 322 352 354 343 313 410 217 383 477 313 349 380 453 475 463 478 455 455 452 456 408 416 446 451 461 489 431 481 463 566 -276 -290 -269 -259 -181 -210 107 237 357 57 -65 219 323 396 418
-50 -42 -29 -18 29 71 177 220 265 172 -216 -309 36 384 318 506 457 402 373 371 366 344 334 339 351 362 386 333 381 388 389 455 496 488 467 446 417 411 483 532 492 464 477 485 457 436 431 427 440 426 428 573 356 463 -305 -316 -328 -333 -342 -298 -60 57 220 309 41 196 286 371 403
-33 -9 4 48 124 142 201 271 181 -149 -214 -202 -145 367 402 471 449 396 361 355 353 353 372 361 348 350 337 346 393 370 371 482 424 378 414 397 394 445 521 510 476 474 471 450 422 405 398 408 427 476 462 594 193 421 -312 -436 -416 -419 -317 -275 -130 14 143 186 179 219 275 325 359
-17 5 43 107 183 205 249 264 239 -244 -362 -443 -277 378 442 456 412 357 348 371 388 416 405 339 325 326 337 346 381 360 388 313 -161 -57 300 442 445 489 487 472 459 435 424 414 412 413 415 422 431 454 468 577 178 436 -86 -508 -526 -439 -405 -330 -172 12 135 224 169 237 273 280 297
-11 30 91 171 189 249 249 380 -75 -338 -469 -513 -181 356 427 457 384 339 374 428 442 437 375 320 322 354 385 398 333 260 503 -370 -789 -577 251 382 363 439 448 465 426 415 431 453 446 433 415 411 416 443 476 541 415 402 -349 -549 -523 -484 -430 -306 -153 -18 113 195 168 229 261 268 269
6 60 138 189 221 287 327 417 -130 -251 -499 -282 345 282 301 410 404 396 442 451 437 392 352 335 349 390 415 338 416 290 397 350 193 368 357 357 385 472 492 450 423 429 457 460 422 402 391 384 409 430 478 475 547 528 302 -430 -422 -396 -325 -212 -179 -48 107 181 51 122 191 218 258
57 104 164 212 289 331 252 355 402 -383 -506 319 330 263 274 186 275 436 453 428 395 389 383 361 342 364 382 356 403 356 393 319 271 275 321 378 455 419 466 486 456 436 429 406 404 410 408 407 434 466 551 554 615 576 502 -359 -136 -258 -44 -69 -44 -26 69 105 119 182 196 240 235
76 139 232 262 282 290 523 201 334 364 334 322 333 209 126 224 365 288 408 396 406 405 401 393 352 340 352 360 342 309 324 325 318 331 368 438 516 295 245 532 479 422 398 394 420 432 435 438 459 389 583 483 -56 363 482 -4 -341 -276 -68 -62 -47 -7 157 228 198 218 229 223 211
117 165 207 250 281 579 261 278 300 344 341 467 237 1 -556 -683 294 473 433 423 427 420 403 391 357 351 425 430 420 329 337 305 322 337 400 498 496 235 209 542 478 492 437 407 407 411 432 426 461 488 440 96 -7 337 391 436 -285 -230 -252 -215 -184 -77 157 244 228 224 217 191 179
133 154 287 306 275 483 481 274 370 355 482 396 228 78 47 261 447 497 479 447 429 414 405 413 387 391 428 412 386 352 326 332 376 414 494 196 425 396 396 424 487 512 446 410 378 397 422 414 542 357 407 343 304 513 454 378 466 -209 -315 -228 -124 -158 69 252 246 235 209 191 174
128 191 262 279 229 245 357 311 261 371 427 155 97 159 449 396 393 454 475 440 420 421 430 427 426 405 384 370 372 370 373 399 400 455 160 158 441 380 384 392 374 391 445 456 428 450 431 542 380 362 496 534 571 600 508 510 595 279 -364 -90 60 34 32 242 253 227 196 179 160
127 184 216 260 261 299 302 308 327 271 324 212 167 200 466 384 345 402 465 481 449 423 409 381 351 347 371 401 424 417 419 402 408 292 91 527 432 394 383 407 386 342 378 431 477 483 552 275 354 535 548 563 529 546 529 473 490 456 198 90 128 138 161 216 230 208 182 166 144
76 101 134 177 208 200 228 256 262 236 249 290 424 489 463 406 366 364 395 430 403 375 354 322 303 331 384 421 423 426 409 369 443 414 192 177 317 341 358 437 440 342 355 436 444 547 608 257 291 548 549 498 454 505 494 461 442 450 338 -5 146 254 214 191 188 180 165 151 128
6 4 13 34 54 59 72 106 151 182 215 246 298 346 456 471 391 362 378 403 384 361 345 180 279 334 365 381 396 440 438 351 443 452 -74 -384 125 181 296 286 570 447 356 410 370 477 436 614 545 483 441 433 465 483 450 405 386 327 492 207 133 218 205 183 159 144 139 129 109
-127 -133 -109 -83 -76 -41 -11 26 116 152 200 275 382 225 140 540 408 371 384 377 344 319 316 327 344 379 395 385 420 446 488 441 106 190 543 230 -978 -293 306 445 468 465 408 435 428 500 332 535 501 426 425 409 415 411 371 348 353 331 433 289 253 221 180 152 123 104 107 100 73
-183 -192 -195 -190 -145 -106 -62 -6 77 165 194 273 412 327 104 366 404 378 398 408 375 355 369 396 419 468 474 457 446 445 192 417 295 162 195 401 234 119 513 449 482 371 401 457 500 375 423 391 436 331 295 344 428 375 274 269 266 274 389 353 240 159 138 101 88 76 82 74 41
-273 -273 -256 -195 -191 -158 -95 -53 25 131 173 258 259 49 153 407 446 410 369 308 373 424 453 446 469 486 479 452 473 -133 -498 47 431 264 -11 162 470 446 466 253 282 377 426 444 603 27 -93 108 313 361 306 261 302 291 251 229 224 259 356 263 184 111 95 69 64 43 45 34 22
-303 -303 -287 -253 -200 -178 -143 -107 11 73 155 228 279 74 -174 49 432 493 319 124 245 424 495 483 509 543 475 505 617 -378 -520 -422 427 403 250 740 471 421 436 471 361 338 407 450 527 275 56 -277 37 230 228 231 273 253 247 212 173 218 240 198 139 77 73 37 17 9 13 14 6
-252 -241 -263 -257 -228 -194 -183 -118 -17 48 126 202 297 91 -204 63 169 580 425 320 321 388 445 430 447 401 260 630 368 353 -175 375 358 437 405 30 391 393 444 407 319 348 370 442 459 583 458 301 286 204 127 158 229 199 208 198 169 147 111 125 105 55 51 -3 -14 -13 -7 0 -64
-268 -219 -240 -235 -212 -198 -180 -112 -15 56 152 231 250 311 151 -197 -62 600 466 437 446 458 411 322 305 347 299 79 178 306 409 421 395 404 398 309 443 526 417 147 212 408 415 470 507 308 29 205 182 178 74 79 187 161 183 181 151 120 79 84 69 7 -5 -17 -17 -34 -28 -55 -113
-263 -220 -226 -186 -191 -159 -155 -63 7 89 207 262 272 374 51 -671 -542 160 363 364 213 -345 -7 375 338 343 438 -703 -493 349 430 423 419 464 440 372 311 485 481 395 313 391 412 507 587 48 65 126 85 126 30 20 156 125 144 138 101 103 78 62 40 -21 -14 -46 -36 -50 -86 -180 -175
-220 -180 -145 -93 -92 -94 -42 24 90 192 275 322 455 363 281 318 372 317 326 302 -494 -728 -611 -27 445 374 308 369 429 381 372 333 181 98 639 372 329 360 116 97 322 389 445 605 271 165 121 73 -3 54 30 -17 120 63 67 74 37 71 67 38 12 -55 -57 -57 -65 -91 -119 -178 -182
-149 -112 -89 -68 -22 19 65 109 205 262 407 348 254 221 251 387 367 265 313 9 -508 -691 -672 -494 345 313 308 346 141 82 329 409 333 123 185 380 351 164 467 269 335 408 581 187 134 83 68 42 -23 56 40 -15 25 -72 -27 15 0 36 37 23 -7 -63 -79 -176 -178 -177 -172 -172 -176
-139 -103 -70 -19 24 73 123 174 247 348 408 390 338 -660 -954 364 416 355 387 -323 -586 -550 -635 -561 341 380 351 359 -592 -516 300 441 344 127 -111 204 498 504 432 263 313 351 163 255 144 51 44 44 2 69 49 11 -108 -174 -80 -31 -61 22 7 -8 -43 -171 -169 -189 -199 -190 -182 -180 -179
-147 -120 -87 -24 27 91 133 193 266 367 298 409 369 -38 39 370 391 285 477 -687 -19 -421 -175 340 514 463 432 370 279 248 319 437 385 323 183 220 411 472 471 338 339 137 204 206 120 0 -11 16 19 56 40 32 -70 -361 -270 -202 -175 -35 -37 -58 -174 -196 -208 -209 -212 -210 -205 -206 -201
-161 -132 -95 -23 42 108 171 225 289 376 224 211 572 342 294 382 -513 -257 -209 90 462 154 240 210 353 502 458 357 283 -314 -175 135 433 400 367 383 438 486 373 520 141 101 86 57 69 -33 -58 -35 -46 4 -34 -25 -186 -249 -21 -114 -49 -71 -160 -168 -190 -209 -220 -218 -217 -220 -213 -214 -211
-176 -138 -99 -20 58 119 200 259 262 244 591 665 353 428 438 384 -165 -835 -266 234 370 -616 -40 150 164 533 403 282 246 339 249 93 412 355 308 210 263 802 386 553 212 -9 10 103 1 -80 -69 -78 -90 -70 -178 -80 -139 -149 -96 -72 -169 -166 -175 -186 -197 -215 -223 -223 -224 -223 -218 -212 -211
-172 -141 -100 -16 70 142 233 259 291 418 218 293 327 321 387 354 -29 -148 106 276 352 319 252 178 362 310 222 195 210 177 202 248 408 411 340 346 296 350 417 250 162 127 73 41 -84 -124 -102 -148 -189 -209 -217 -206 -145 -78 -165 -172 -159 -178 -184 -185 -191 -208 -223 -224 -225 -224 -220 -214 -202
-149 -135 -76 -1 96 176 242 277 320 414 372 347 238 240 381 364 313 173 393 394 316 302 318 267 413 252 93 78 177 92 109 244 389 324 230 303 509 539 455 332 193 194 168 54 -48 -245 -247 -161 -190 -181 -241 -205 -182 -176 -123 -147 -172 -178 -182 -185 -189 -200 -215 -222 -225 -222 -217 -210 -198
-143 -113 -42 29 126 216 251 322 414 408 436 412 330 331 371 293 201 215 281 312 313 195 331 386 404 184 -292 -777 -96 43 -53 249 436 225 -376 -67 417 429 473 257 158 117 97 32 -115 -245 -248 -157 -158 -170 -206 -195 -169 -150 -164 -175 -170 -175 -179 -182 -184 -189 -209 -217 -221 -216 -209 -200 -196
-104 -36 8 96 183 249 295 411 411 407 424 376 290 314 378 258 134 167 232 320 285 219 352 427 336 -215 -852 -626 -34 -733 -563 556 473 442 453 442 280 163 404 135 55 28 34 -20 -199 -238 -246 -185 -112 -117 -143 -187 -178 -167 -155 -165 -171 -177 -175 -176 -180 -186 -194 -210 -216 -205 -204 -202 -198
-46 1 64 141 234 268 366 404 402 373 368 362 334 255 391 365 342 241 212 282 313 347 383 435 -554 -723 -747 221 335 379 256 322 444 333 269 282 222 198 280 74 -2 8 21 -44 -207 -240 -243 -214 -147 -134 -182 -184 -179 -165 -158 -168 -171 -173 -171 -172 -176 -184 -193 -199 -204 -205 -204 -202 -198
-27 27 92 176 249 317 404 322 379 321 330 387 382 346 354 372 376 347 294 242 237 192 325 405 348 194 241 356 439 414 435 439 399 293 300 392 252 -52 68 77 9 -29 10 -126 -200 -242 -241 -215 -221 -191 -193 -186 -177 -160 -152 -160 -168 -173 -168 -164 -171 -182 -192 -199 -204 -206 -204 -203 -198
-42 29 105 199 243 386 244 357 347 331 360 395 340 319 240 304 354 314 263 335 302 185 230 252 31 -21 16 50 356 484 446 418 348 232 361 454 135 -8 25 30 -14 -78 -198 -188 -204 -230 -228 -156 -189 -179 -181 -179 -171 -152 -138 -150 -163 -161 -155 -151 -163 -179 -190 -199 -205 -206 -205 -203 -199
-46 45 128 200 309 375 380 364 376 378 302 308 299 298 -181 331 329 259 203 310 415 223 270 245 68 99 114 58 185 403 413 401 423 350 435 372 340 136 98 31 -83 -159 -63 -279 -234 -218 -204 -146 -171 -173 -181 -180 -167 -131 -130 -132 -151 -158 -139 -124 -141 -172 -188 -199 -205 -206 -205 -203 -198
-45 74 153 212 334 368 383 368 324 254 267 333 373 261 252 424 301 246 221 303 431 123 195 220 140 82 4 -633 -574 290 389 404 475 358 407 314 215 265 155 29 -154 56 -93 -225 -253 -222 -126 -167 -165 -167 -176 -177 -164 -125 -128 -123 -140 -159 -133 -118 -133 -157 -184 -197 -204 -205 -204 -201 -195
-29 103 181 81 289 338 354 -227 305 274 298 294 329 255 300 346 282 184 208 332 326 595 211 -193 149 265 -78 90 342 423 391 431 -160 -15 301 127 139 199 262 251 280 292 218 -228 -227 -180 -160 -164 -146 -148 -162 -167 -156 -122 -126 -119 -140 -158 -121 -113 -136 -152 -175 -192 -201 -201 -198 -192 -181
16 130 198 106 -13 222 229 295 301 306 324 -973 139 189 258 367 311 170 195 213 462 305 -255 -375 -178 287 330 112 405 408 398 408 -28 73 108 0 -202 -110 331 294 277 274 239 -107 -178 -131 -135 -146 -117 -120 -138 -153 -140 -120 -124 -113 -140 -152 -91 -104 -139 -152 -161 -184 -195 -195 -189 -180 -168
56 171 219 155 -39 -118 165 245 253 315 -1054 -385 -443 157 275 346 -164 -265 130 409 224 -218 -376 -581 -423 220 336 263 406 420 513 444 -36 -236 -124 -197 -93 239 317 325 317 329 224 72 -126 -121 -149 -123 -110 -111 -120 -126 -127 -115 -119 -104 -140 -143 -71 -83 -138 -150 -157 -168 -185 -184 -175 -170 -167
104 213 251 309 250 368 319 357 216 -876 -1138 -608 94 266 293 -188 -476 -341 -154 124 -162 -214 -295 -365 75 297 62 -72 243 466 393 439 216 165 216 -116 424 306 282 226 232 252 190 32 -47 -136 -122 -112 -103 -96 -107 -116 -117 -104 -105 -86 -138 -130 -68 -76 -131 -143 -152 -162 -167 -170 -171 -171 -167
150 229 286 394 406 309 405 376 214 -1029 -803 -425 252 322 285 79 -387 -165 -43 -66 -431 -461 -458 -433 167 13 -705 -629 -451 202 147 427 146 82 130 293 274 225 252 128 135 115 136 39 -83 -109 -119 -108 -95 -79 -77 -88 -94 -74 -73 -57 -131 -119 -63 -77 -123 -136 -148 -159 -165 -168 -170 -170 -165
206 248 321 401 414 349 418 171 422 -322 -812 -651 312 272 225 337 121 50 194 252 -564 -471 -499 -572 35 -302 -720 -539 -490 -163 112 241 306 50 111 197 275 282 155 -65 75 41 60 0 -23 -78 -109 -105 -88 -57 -61 -63 -65 -59 -69 -54 -115 -106 -49 -77 -119 -132 -144 -156 -162 -165 -166 -165 -159
213 278 370 381 359 338 321 372 424 228 185 216 348 355 174 229 312 313 312 321 183 5 -25 -103 858 257 -580 -602 198 32 74 87 333 400 68 261 235 204 130 -24 49 49 59 -8 -29 -49 -100 -94 -64 -56 -59 -60 -60 -55 -63 -48 -102 -86 -20 -76 -108 -120 -133 -146 -155 -158 -158 -155 -146
218 291 362 372 379 355 386 386 365 396 314 259 330 253 -240 180 302 341 213 224 145 -232 -320 29 291 408 397 309 182 297 204 -142 153 256 357 341 220 173 197 139 85 90 98 16 -1 -54 -70 -58 -52 -53 -58 -58 -55 -49 -55 -36 -92 -75 4 -73 -86 -92 -98 -124 -141 -145 -142 -136 -120
202 261 351 374 363 348 348 358 327 314 165 378 339 182 366 377 404 332 238 260 4 -251 -45 144 464 442 404 148 198 336 435 405 388 330 298 251 184 190 236 207 161 126 102 -13 -48 -82 -71 -59 -52 -53 -58 -57 -51 -43 -47 -16 -80 -48 0 -70 -80 -87 -95 -102 -109 -111 -113 -114 -113
177 230 340 358 376 341 363 314 128 182 318 283 -367 105 113 365 293 219 118 140 287 336 365 205 300 416 376 390 184 245 426 400 362 320 300 254 236 213 230 220 124 58 8 -60 -100 -118 -84 -63 -58 -59 -61 -57 -48 -39 -39 2 -71 -2 -4 -65 -74 -81 -90 -99 -106 -108 -110 -110 -108
158 199 305 358 380 380 335 321 653 795 363 -50 -381 79 154 97 352 253 205 215 215 201 153 97 245 307 291 333 301 274 339 315 378 299 248 319 286 194 152 125 91 20 -26 -104 -144 -134 -103 -73 -68 -66 -64 -57 -47 -36 -33 7 -55 14 -6 -45 -55 -70 -83 -93 -100 -103 -104 -104 -100
169 201 285 380 372 417 348 320 -173 314 252 -28 -637 66 280 353 299 193 178 143 93 79 61 43 73 204 281 289 458 374 350 361 242 128 126 182 253 187 155 108 58 -24 -77 -144 -149 -140 -106 -79 -74 -70 -65 -56 -44 -31 -20 4 2 80 -3 -4 -9 -47 -67 -80 -89 -94 -94 -92 -86
224 252 322 416 402 374 392 209 -581 229 104 76 277 361 303 235 137 55 36 37 -38 -85 -107 -88 -60 61 190 243 396 338 386 394 318 190 34 30 78 222 314 103 6 -84 -134 -179 -161 -144 -106 -81 -75 -69 -60 -48 -32 -10 -1 1 0 8 3 -5 -10 -16 -32 -55 -69 -74 -72 -66 -51
266 300 343 442 216 204 414 210 -607 -742 -805 -600 -34 303 293 150 43 11 -46 -92 -121 -150 -170 -171 -140 -84 41 172 276 283 403 507 413 258 188 90 141 360 308 167 -3 -118 -159 -188 -164 -148 -117 -85 -77 -66 -51 -26 -5 -5 -3 0 -1 8 2 -6 -11 -16 -21 -26 -29 -34 -35 -37 -38
288 329 348 456 461 234 212 217 112 224 220 201 336 379 280 14 -103 -145 -179 -193 -190 -186 -197 -215 -168 -120 -55 62 172 300 396 475 443 223 221 257 257 273 269 238 60 -142 -171 -191 -165 -150 -121 -88 -80 -66 -42 -9 -8 -6 -4 -2 0 -1 -2 -6 -11 -16 -21 -26 -30 -33 -35 -36 -36
301 327 325 369 455 252 221 220 220 226 268 288 241 216 12 -115 -127 -216 -258 -268 -252 -198 -166 -211 -195 -137 -103 -60 99 230 369 403 325 240 244 186 186 192 194 210 150 -156 -178 -190 -161 -150 -125 -92 -84 -69 -37 -12 -11 -9 -5 -3 -2 -2 -4 -8 -12 -17 -22 -27 -31 -33 -35 -36 -36
297 317 306 320 360 260 233 233 235 245 262 241 227 152 -150 -125 -231 -208 -254 -259 -236 -165 -161 -227 -218 -150 -117 -112 6 214 357 396 359 291 235 184 166 177 172 197 85 -133 -177 -185 -156 -150 -130 -96 -89 -74 -43 -15 -13 -10 -6 -4 -3 -4 -7 -11 -15 -19 -24 -28 -31 -34 -35 -36 -35
294 295 272 266 254 243 242 250 263 271 300 278 202 -59 -174 -110 -246 -225 -270 -268 -238 -162 -161 -237 -317 -205 -236 -116 38 241 360 394 372 229 247 218 186 164 143 139 110 -63 -152 -172 -150 -149 -136 -104 -96 -83 -56 -17 -15 -11 -8 -5 -6 -8 -11 -14 -18 -22 -26 -30 -33 -34 -35 -35 -34
