---
Cu Potential [m] Valid 1500 NZST ~Z75~(0300Z)~Z~ MON 5 Jan 2026 ~Z75~[51hrFcst@2110z]~Z~
Model= RASP Region= NZ Grid= d2 Reskm= 2.0 Indexs= 1 69 1 69 Proj= lambert 2000 2000 -35.0000 -42.0000 176.0000 -37.7968 175.7263
Day= 2026 1 5 MON ValidLST= 1500 NZST ValidZ= 300 Fcst= 51.0 Init= 46 Param= zsfclcldif Unit= m Mult= 1 Min= -1175 Max= 696
-70 87 121 137 147 191 316 324 331 347 371 408 434 458 428 287 288 302 307 337 298 324 377 391 509 495 441 519 464 375 232 196 186 195 248 328 341 354 357 363 322 231 210 208 212 123 92 75 21 8 28 171 222 202 217 197 156 126 147 210 217 235 267 318 387 413 419 408 294
-65 -14 61 168 183 182 340 340 336 351 376 405 439 381 311 294 301 307 327 347 357 412 584 601 597 546 574 528 466 380 266 225 234 374 405 379 368 359 358 369 333 354 417 271 194 180 109 47 17 -19 -22 136 218 215 187 129 105 79 81 102 166 223 256 291 341 388 404 440 252
-128 -64 8 51 109 192 212 348 343 356 377 418 295 171 169 255 328 341 342 342 571 586 605 614 561 520 579 539 476 418 391 365 395 436 424 396 361 371 372 381 311 341 444 272 175 142 85 48 30 6 7 158 220 222 117 61 21 16 82 93 135 174 239 303 345 381 401 438 279
-136 -97 -71 -18 44 82 184 300 348 361 374 262 -235 -212 -148 -149 125 355 366 290 267 379 523 571 544 520 486 571 511 450 406 398 418 436 404 397 387 378 384 345 277 307 450 281 247 236 279 248 203 169 65 102 234 141 -17 -103 -83 -21 70 94 111 121 185 361 396 412 411 424 382
-135 -97 -89 -77 -40 33 141 196 355 387 219 -159 -271 -365 -401 -199 -54 206 220 213 -88 220 443 446 427 516 507 542 543 361 304 417 401 384 370 338 343 234 235 227 259 288 295 310 292 284 349 373 372 -136 -678 -617 209 -321 -189 -251 -137 2 104 115 120 12 -180 164 232 398 377 373 408
-160 -133 -127 -81 -64 1 82 163 202 238 93 -122 -292 -243 -236 -229 -111 158 324 350 1 -30 321 466 483 431 307 318 442 562 520 417 381 365 383 364 330 335 391 355 445 302 215 510 421 223 242 180 372 222 213 73 258 -60 -135 -166 -1 29 72 29 -107 -85 -55 87 307 341 296 274 356
-142 -127 -129 -100 -67 -38 39 187 315 379 -285 -397 -224 -242 -261 -219 88 316 315 -44 -9 91 225 376 423 310 276 380 373 470 535 417 360 366 360 319 258 294 349 428 190 384 377 394 302 176 368 328 380 309 311 284 -57 -203 -46 -62 -1 -61 123 94 -375 -413 -215 235 184 229 219 114 301
-119 -103 -108 -85 -61 -11 77 172 332 199 -240 -356 -296 -174 -17 35 230 365 83 -512 -348 -104 178 342 291 256 284 369 402 502 518 380 334 352 319 283 308 382 418 374 330 354 323 350 385 422 384 392 376 433 419 -604 -517 -461 -562 -231 -166 -37 181 222 73 -684 -409 278 -303 159 188 207 314
-105 -82 -76 -32 -21 44 90 158 320 244 -418 -325 -271 -45 -108 -191 -219 196 95 -586 -583 -228 106 301 305 278 320 299 372 567 548 416 344 316 287 295 332 342 326 323 346 403 409 442 403 370 380 406 332 452 363 -615 -394 -428 -411 -399 -435 -353 211 251 157 23 -350 -167 -31 -37 200 232 301
-92 -59 -10 23 65 106 105 180 155 207 -13 -299 -244 -139 -106 -199 -113 181 280 231 -271 -387 -101 89 199 314 341 -151 112 503 546 401 298 252 273 313 230 195 262 345 338 379 423 471 415 388 346 326 322 560 201 307 -432 -438 -346 -479 -524 -598 385 371 357 -538 -306 -156 -55 216 135 281 310
-79 -10 31 92 168 202 234 225 219 -398 -268 -259 -169 -113 -72 -190 -125 -5 65 157 230 -370 -524 194 227 95 96 182 392 584 445 374 296 271 310 201 138 180 245 277 306 365 424 482 434 380 334 353 343 477 551 524 -557 -488 145 262 287 415 369 374 304 -158 -235 211 -306 -53 319 353 315
-2 44 73 193 207 314 279 320 559 -417 -276 -276 -194 -150 -195 -210 -196 -153 -168 -69 135 309 346 361 378 227 98 219 580 443 408 377 310 292 206 151 198 227 245 235 245 274 313 391 410 382 336 335 358 374 461 310 308 356 -23 -21 -57 -12 124 377 487 459 -74 -44 44 38 197 390 289
62 104 124 248 256 364 331 300 284 231 188 -317 -216 -267 -231 -298 -262 -236 -159 79 210 133 -28 -45 -14 161 405 573 487 399 367 303 263 241 128 205 292 260 217 198 192 231 276 320 315 372 376 404 378 419 442 581 -374 -108 -3 90 11 -73 -38 104 289 233 100 -54 142 172 240 284 236
76 127 150 261 276 284 348 278 214 154 211 126 -290 -216 -212 -252 -219 -157 46 -211 -466 -317 -167 -67 -47 -80 108 596 511 367 332 79 166 126 154 275 262 247 229 215 194 197 253 179 202 344 324 352 331 333 360 579 -380 -178 12 32 -19 -72 -108 -90 320 108 90 -29 172 316 423 301 233
72 126 126 138 154 235 176 122 80 160 184 183 238 51 -137 -220 -89 -26 116 -372 -649 -398 -160 -71 -24 -43 60 602 497 376 295 79 206 199 269 257 231 242 254 248 250 244 190 212 246 366 343 332 334 363 334 500 -393 -244 -127 -101 -49 -102 -146 -90 217 298 310 149 125 206 310 336 240
74 117 123 132 112 83 57 -1 21 78 99 134 252 437 393 344 181 338 297 -472 -327 -96 -70 -16 27 13 14 475 508 351 176 231 206 246 288 288 311 320 305 282 250 229 197 252 366 406 360 324 338 322 333 380 -268 -248 35 -62 -69 -79 -152 -16 78 136 143 35 49 162 208 267 263
64 63 67 58 55 75 18 -23 -21 6 26 137 281 339 452 467 314 267 238 28 -15 11 -105 -52 -31 -105 -472 -210 559 460 381 345 346 287 392 421 374 322 294 175 119 158 156 116 374 416 343 281 289 321 336 419 452 149 -155 -123 -135 -230 -150 -113 15 68 115 149 101 180 205 239 261
9 19 26 31 22 -11 12 -42 7 -15 39 87 137 316 326 260 -3 -256 -201 172 203 153 100 -416 -518 -387 -347 -44 558 483 425 385 405 167 336 275 240 176 155 -19 33 134 -289 -367 263 388 334 283 273 349 325 457 503 633 -436 -217 -185 -158 -247 -119 -20 34 116 139 177 184 195 231 226
-24 -22 -4 19 23 2 -28 -13 -57 -16 54 87 106 209 207 172 49 -62 -23 267 188 303 287 142 -24 -244 -210 361 450 281 265 271 117 -887 9 138 166 127 157 148 225 -90 4 155 316 366 358 303 311 360 345 467 453 560 -553 -387 -320 -247 -238 -170 -75 32 119 141 161 167 183 210 217
-35 -18 7 19 18 20 -7 -81 -55 -6 35 36 48 99 176 183 182 179 195 233 -151 213 230 -131 -270 -414 -126 626 453 303 -1071 -1130 -1175 -1138 -219 -6 65 172 257 344 364 190 -51 222 141 119 277 401 422 402 441 501 519 654 634 -554 -300 -241 -227 -174 -67 41 89 119 128 159 172 194 208
-26 -10 9 21 23 20 -12 -61 -39 68 72 41 71 94 119 150 138 120 236 110 -323 -41 153 255 -350 -258 323 548 520 364 -1039 -1090 -18 -1 52 193 335 321 -274 -483 293 240 189 86 -665 -453 -243 412 455 488 507 489 539 659 577 166 -207 -161 -163 -129 -62 11 85 120 118 113 143 149 206
36 38 51 55 44 38 17 -40 18 128 202 187 199 181 163 149 145 172 282 314 320 137 131 307 391 501 598 558 493 345 262 246 260 300 358 329 276 696 -268 -588 -421 -16 -686 230 211 -53 282 496 523 383 176 157 250 435 489 386 -12 -68 -21 -11 -3 1 63 107 155 135 124 185 188
39 56 67 65 49 45 24 2 119 214 216 199 343 248 174 165 164 147 260 378 328 182 112 117 247 412 531 495 464 424 349 243 210 237 244 296 284 283 15 -580 -644 -294 290 384 343 384 414 230 -81 -60 56 307 436 511 539 -139 26 40 16 7 -17 28 101 145 134 147 165 168 169
41 55 57 49 31 19 -6 19 110 137 156 296 298 305 318 310 300 296 297 275 319 266 140 108 141 174 137 230 436 418 381 347 390 320 404 456 318 293 214 -869 -515 375 241 219 145 392 439 438 280 -9 77 331 315 447 440 29 -35 13 32 -121 -93 15 89 148 137 151 151 149 146
23 34 18 11 14 1 -13 25 54 126 213 315 336 290 272 299 292 310 106 108 98 386 421 373 236 188 50 41 181 189 377 455 477 397 401 418 314 281 315 362 400 249 248 247 163 456 277 240 187 226 116 272 322 383 313 450 47 58 33 -156 6 -13 74 183 165 149 143 140 133
-4 1 -5 2 -13 -23 9 51 94 206 238 313 336 286 250 237 265 338 257 107 87 318 482 303 210 -289 13 182 260 186 224 451 373 -375 -462 162 381 374 206 404 397 242 215 231 313 425 151 175 126 158 234 244 298 311 350 240 396 -164 -180 -147 -194 -73 15 162 154 135 121 120 118
-12 5 -8 -31 -26 0 90 94 211 235 233 188 197 273 241 244 227 266 251 289 317 338 440 88 159 157 328 352 369 366 351 398 -755 -734 -534 -533 -396 221 211 237 275 173 233 268 471 63 102 108 105 127 212 270 230 241 293 276 188 273 188 -298 77 -43 -18 36 86 99 112 116 110
26 11 -11 29 4 61 94 81 194 196 178 133 73 39 48 135 139 156 176 212 461 95 280 217 406 356 302 294 292 255 388 -325 -704 -657 -364 -528 -584 -489 345 249 130 61 144 374 266 187 113 84 70 66 140 214 245 287 285 237 214 166 212 173 33 54 -37 15 56 83 99 112 111
-3 -14 40 10 18 104 91 72 174 189 158 104 17 -20 -16 -17 -11 113 175 172 268 -20 -11 167 395 222 202 209 229 382 367 322 -568 -527 -470 -589 -683 -630 60 196 23 -79 -115 390 223 172 135 120 48 2 103 185 222 229 267 251 221 177 204 247 195 161 96 69 46 67 88 103 110
-22 8 14 -17 25 83 66 37 -1 121 66 17 -41 -84 -84 -72 -38 -15 64 269 262 261 385 230 58 76 149 108 342 416 332 267 -489 -493 -446 -504 -674 -838 -91 169 33 -92 -153 184 257 186 120 94 11 -42 98 174 225 237 246 240 230 207 209 253 206 168 129 92 51 60 81 91 96
19 3 -13 -40 -57 -86 -126 -50 -78 -79 -64 -101 -156 -200 -222 -198 -135 -41 39 137 232 219 220 260 200 73 -47 -50 113 296 252 369 -399 -426 -470 -605 -732 -528 37 123 -250 -19 -2 19 138 153 131 69 35 -114 -13 145 221 237 232 195 164 200 218 205 195 179 142 97 51 53 71 79 83
-4 -16 -36 -67 -101 -142 -185 -237 -145 -137 -141 -167 -209 -245 -263 -245 -193 -126 -12 67 183 248 307 346 245 197 219 119 123 298 425 -174 -601 -608 -147 -611 -784 -143 29 87 -484 -182 -15 114 103 191 119 85 65 -135 -32 112 196 228 211 125 82 105 181 155 154 155 123 89 45 44 59 67 72
-94 -117 -147 -183 -224 -272 -315 -278 -304 -230 -211 -237 -282 -304 -302 -265 -204 -128 -49 38 195 286 314 303 221 80 187 245 199 326 408 303 -298 -371 -291 -250 -775 90 -179 -250 -765 -500 -286 -54 -43 -175 31 115 98 102 190 157 158 196 190 116 44 19 73 100 108 104 87 61 36 38 50 60 71
-195 -199 -239 -280 -319 -364 -388 -431 -377 -385 -350 -315 -329 -327 -314 -267 -221 -142 -61 41 167 255 183 125 83 44 148 267 280 383 310 204 393 318 114 -228 87 29 55 -81 -358 -466 -390 -450 27 34 -51 59 108 90 127 97 121 178 188 137 73 72 69 92 107 86 68 49 36 37 52 61 35
-240 -214 -245 -297 -343 -383 -415 -474 -481 -446 -412 -335 -292 -349 -312 -239 -174 -52 12 166 209 279 237 -128 -72 -43 86 192 303 270 126 160 218 223 18 -160 -106 -140 202 -10 -269 -446 -343 -385 137 139 224 203 134 82 94 71 108 171 159 171 121 110 92 102 121 87 71 61 22 25 33 30 23
-242 -210 -238 -280 -338 -375 -398 -458 -469 -429 -388 -320 -247 -292 -260 -234 -105 5 56 218 157 422 54 -211 -230 -120 -14 178 324 290 223 244 250 265 -866 -845 -895 -760 106 19 -329 -385 -42 282 201 166 166 176 118 88 95 44 94 145 105 126 147 148 125 107 123 98 101 90 38 34 31 -13 -16
-178 -186 -210 -236 -268 -311 -348 -389 -359 -346 -296 -234 -177 -200 -200 -103 -55 57 153 233 209 122 279 140 -91 -226 -203 -291 190 420 293 316 320 335 189 -144 -733 61 222 208 403 448 260 177 238 179 142 80 46 84 82 47 51 55 51 76 103 124 129 109 105 100 114 66 32 34 27 -22 -22
-124 -145 -165 -185 -213 -245 -300 -301 -277 -246 -167 -145 -112 -79 -31 0 0 100 -83 74 166 296 342 284 179 2 -138 -14 164 -823 -710 -209 342 343 300 312 389 266 212 78 307 108 117 117 165 181 121 72 63 71 82 28 -4 3 12 46 73 107 119 107 105 60 56 -32 -51 -35 -23 -17 -16
-135 -148 -164 -184 -207 -232 -258 -250 -255 -202 -143 -103 -40 12 48 88 85 141 -150 -99 36 114 199 202 234 187 126 -26 -522 -899 -930 -490 -177 366 382 338 216 223 173 209 343 225 179 116 196 164 116 88 82 119 84 14 -94 -70 -53 9 17 60 59 53 46 -13 -39 -61 -52 -38 -27 -21 -24
-132 -151 -168 -188 -212 -239 -258 -248 -286 -250 -173 -110 -24 0 68 184 204 266 272 -278 87 115 154 175 130 128 -176 -851 -880 -539 -949 -282 -382 238 366 381 233 260 99 279 225 294 130 123 186 120 81 63 108 106 47 -2 -37 -206 -145 -85 -72 13 5 5 -41 -56 -85 -100 -64 -47 -42 -41 -45
-140 -163 -185 -205 -230 -252 -259 -260 -301 -289 -202 -138 -48 -30 29 150 174 220 260 274 307 309 265 347 84 389 -905 -815 -814 -833 -602 -740 -314 -239 -102 307 297 211 -81 153 212 224 147 189 160 83 55 30 46 79 0 -29 -185 -211 -49 -54 -33 -46 -88 -74 -70 -87 -108 -100 -49 -48 -53 -57 -63
-156 -186 -214 -234 -257 -270 -254 -251 -336 -332 -153 -49 -8 28 175 209 159 188 236 282 296 292 256 397 231 335 -880 -872 -331 -436 -887 -713 -257 -341 -137 28 313 -226 55 153 209 209 212 162 96 30 24 -49 -16 8 -126 -72 -168 -182 -121 -72 -95 -97 -98 -84 -87 -105 -114 -85 -49 -54 -62 -69 -72
-195 -224 -259 -280 -301 -310 -284 -270 -286 -332 -272 -197 -56 12 31 238 253 228 259 352 403 378 337 361 312 -215 -817 234 286 -194 -559 -471 -179 -224 -226 -17 72 -106 228 85 149 169 190 125 9 -110 -136 -165 -148 -98 -141 -169 -138 -99 -189 -120 -107 -112 -97 -87 -100 -114 -105 -69 -53 -60 -72 -81 -87
-220 -249 -286 -312 -330 -336 -310 -280 -269 -270 -239 -199 -50 -9 44 163 257 188 241 254 396 426 189 368 -1007 -844 -330 -484 75 -516 -576 -500 -451 -406 -289 -86 136 197 -9 212 244 193 178 87 -42 -190 -219 -182 -144 -101 -146 -159 -172 -189 -126 -116 -119 -107 -92 -97 -115 -115 -88 -57 -65 -70 -80 -88 -93
-226 -257 -298 -323 -337 -328 -318 -291 -252 -213 -198 -182 -42 25 105 197 240 351 324 264 285 367 160 368 -831 -837 -909 -446 40 -102 -505 -408 -349 -386 -316 -78 168 280 -113 102 197 170 143 42 -83 -189 -220 -145 -117 -115 -150 -157 -163 -156 -160 -144 -120 -103 -97 -112 -122 -105 -74 -64 -79 -80 -88 -94 -97
-235 -272 -300 -314 -299 -302 -301 -263 -211 -175 -147 -149 -74 18 69 185 251 187 195 198 167 212 254 361 -257 -487 -359 -329 203 -92 -417 -426 -414 -483 -294 -27 157 301 307 170 118 127 146 38 -175 -162 -205 -165 -113 -93 -123 -156 -173 -173 -154 -146 -120 -104 -108 -126 -122 -94 -72 -77 -88 -90 -96 -100 -103
-249 -278 -296 -283 -279 -277 -267 -224 -189 -137 -87 -69 -8 50 90 184 254 300 464 410 389 378 393 360 -459 -502 -386 -253 248 278 -352 -481 -426 -439 -123 130 328 393 31 41 -54 -31 26 -11 -150 -145 -189 -185 -130 -118 -146 -157 -173 -166 -163 -160 -122 -108 -121 -134 -118 -88 -79 -88 -92 -93 -100 -104 -106
-259 -278 -274 -274 -263 -255 -216 -201 -144 -115 -46 -34 -25 30 83 145 218 251 243 382 432 421 436 277 -70 -257 -243 -275 -43 314 118 -504 -326 -361 277 395 467 514 99 71 -48 -107 -141 -183 -142 -131 -173 -166 -170 -158 -160 -155 -170 -164 -165 -161 -121 -116 -132 -135 -111 -89 -88 -93 -91 -94 -100 -105 -107
-269 -273 -269 -275 -264 -222 -205 -181 -175 -115 -27 -15 10 28 106 187 207 217 188 195 234 255 134 -277 -290 -225 -176 -164 -261 1 -306 -533 -582 229 287 395 451 379 282 140 -15 -136 23 -189 -143 -113 -143 -124 -159 -157 -151 -144 -164 -162 -170 -156 -121 -124 -139 -132 -105 -89 -91 -91 -88 -91 -98 -103 -105
-290 -274 -278 -277 -256 -219 -204 -176 -140 -40 -60 29 15 32 -62 82 160 111 112 -23 22 -785 -591 -595 -176 -109 -177 -242 -242 -261 -130 226 304 258 295 451 462 406 259 -34 -100 53 -210 -177 -140 -111 -116 -99 -142 -150 -147 -144 -162 -158 -170 -144 -119 -131 -143 -126 -91 -74 -86 -85 -82 -89 -97 -102 -104
-320 -295 -298 -290 -270 -230 -208 -159 -72 -12 49 111 188 260 289 317 180 69 50 19 220 146 -543 -416 -463 -167 -265 -312 -276 -220 -30 113 281 284 314 388 200 338 75 -36 -154 56 -39 -103 -158 -126 -60 -104 -127 -144 -147 -145 -158 -153 -169 -134 -120 -137 -144 -117 -68 -55 -75 -76 -76 -86 -94 -99 -101
-366 -337 -328 -334 -306 -264 -220 -257 -153 -90 -38 62 159 212 306 290 143 251 280 354 289 279 -623 -458 -347 -271 -325 -330 -330 -263 -44 186 240 261 345 197 69 134 207 319 267 74 -66 -203 -145 -98 -79 -100 -121 -149 -150 -145 -155 -147 -166 -133 -124 -143 -142 -106 -55 -59 -59 -57 -67 -79 -88 -91 -93
-387 -363 -352 -355 -350 -340 -284 -194 -105 -74 27 -117 182 148 274 253 94 195 187 165 219 278 -292 -298 -223 -246 -270 -320 -347 -255 -88 63 187 263 314 220 -67 134 266 257 209 81 -52 -144 -109 -56 -62 -89 -116 -150 -158 -151 -154 -144 -162 -132 -131 -149 -138 -88 -60 -64 -61 -57 -58 -60 -66 -73 -77
-369 -368 -353 -354 -335 -429 -362 -298 -239 -131 -243 -419 -447 -67 71 224 86 128 199 70 369 -271 -319 -394 -230 -235 -412 -407 -353 -296 -124 98 217 259 130 90 257 167 214 167 140 95 -33 -88 -95 -53 -79 -77 -109 -141 -159 -155 -157 -145 -160 -131 -139 -153 -132 -66 -65 -65 -60 -56 -58 -61 -63 -66 -70
-349 -347 -321 -270 -256 -201 -193 -124 -338 -552 -528 -663 -394 -335 -278 109 231 270 246 238 -197 -342 -417 -365 -299 -308 -451 -392 -391 -297 -270 -6 94 87 3 -210 16 198 160 93 -13 -53 -7 -65 -61 -80 -75 -63 -96 -125 -148 -153 -156 -150 -166 -133 -146 -155 -123 -68 -68 -64 -57 -54 -57 -60 -64 -68 -72
-329 -312 -271 -248 -182 -98 -36 -47 -23 -599 -598 -645 -364 -235 -500 -276 107 288 253 225 -345 -302 225 -407 -344 -315 -399 -352 -372 -361 -199 66 -108 10 -242 -171 -138 -11 21 -120 173 -75 -5 -33 -76 -71 -66 -39 -83 -117 -132 -137 -141 -150 -174 -140 -162 -154 -107 -72 -70 -63 -55 -53 -57 -61 -66 -69 -74
-283 -255 -245 -206 -115 -60 6 110 161 195 188 18 -72 -258 -390 -351 -67 109 205 -565 -407 -372 -82 307 -398 -343 -346 -409 -332 -420 -116 187 -98 -261 -150 -111 -28 1 -5 86 193 7 34 -32 -54 -69 -46 -39 -79 -110 -125 -132 -137 -142 -176 -157 -184 -156 -92 -76 -72 -63 -55 -54 -58 -63 -67 -71 -76
-223 -219 -197 -120 -79 -35 25 142 188 191 250 -627 -710 -756 -761 -340 -96 17 256 -258 -244 -464 84 101 298 -408 -379 -466 -392 -394 78 262 216 -129 -68 -71 -76 -34 9 105 121 110 61 -14 -34 -58 -41 -60 -91 -108 -119 -128 -133 -138 -162 -168 -196 -158 -94 -81 -73 -62 -55 -56 -61 -65 -69 -72 -77
-216 -197 -158 -100 -64 -6 73 154 201 189 243 -629 -722 -373 -558 -372 -138 -56 -4 -362 -374 -215 140 60 85 200 -530 -419 -399 -367 155 246 108 -83 -73 -33 -29 12 93 341 234 119 86 -3 -27 -49 -51 -86 -102 -108 -117 -127 -134 -137 -148 -156 -196 -159 -103 -85 -72 -60 -54 -56 -62 -66 -70 -73 -78
-236 -217 -160 -139 -72 -63 8 96 142 137 176 -626 -630 -677 -327 -198 -113 134 232 -117 89 278 240 92 43 95 60 82 70 222 212 265 -307 -165 -102 -38 12 84 285 301 202 171 87 -6 -34 -58 -64 -91 -106 -110 -116 -127 -137 -141 -146 -150 -180 -156 -110 -85 -70 -58 -53 -56 -62 -67 -70 -74 -78
-279 -254 -218 -144 -93 -49 39 104 153 157 135 183 246 -503 181 255 -47 182 115 181 254 104 44 32 38 -26 -25 43 167 250 199 201 -357 51 -160 -71 -36 172 221 243 220 145 54 -34 -55 -78 -76 -83 -100 -110 -113 -122 -134 -141 -147 -150 -156 -146 -113 -83 -68 -57 -54 -58 -63 -67 -70 -73 -77
-298 -273 -238 -159 -109 -14 38 117 192 157 173 188 178 176 -64 -163 -140 -332 -139 59 88 61 -3 -60 -96 -79 -42 -9 -8 147 317 375 436 105 -125 -116 230 251 248 278 224 114 -28 -55 -86 -95 -93 -80 -80 -98 -101 -102 -112 -128 -142 -151 -153 -121 -110 -83 -67 -56 -55 -59 -63 -66 -70 -72 -75
-296 -273 -235 -149 -97 -29 53 111 219 123 130 111 122 167 195 102 -387 -435 -178 -4 58 -36 -106 -158 -162 -146 -106 -84 -68 14 252 291 425 -346 -216 209 279 238 227 268 208 90 -36 -67 -91 -102 -105 -94 -71 -74 -79 -77 -77 -102 -131 -147 -151 -85 -111 -85 -70 -56 -54 -58 -62 -64 -67 -70 -72
-262 -241 -203 -121 -70 13 94 137 164 178 163 146 158 204 213 168 -507 -375 -286 -82 -78 -151 -200 -224 -207 -158 -116 -85 -54 26 258 336 232 385 221 208 203 213 250 227 193 -47 -53 -88 -93 -97 -102 -96 -78 -74 -77 -78 -77 -90 -125 -143 -148 -138 -123 -88 -73 -59 -53 -54 -57 -60 -63 -65 -66
-215 -189 -149 -78 -18 77 134 163 238 220 199 214 211 208 192 -618 -536 -310 -186 -183 -211 -241 -253 -245 -237 -190 -154 -134 -97 -24 213 370 245 280 199 153 267 288 260 188 157 -33 -51 -83 -88 -86 -85 -72 -73 -74 -75 -77 -79 -95 -126 -140 -144 -137 -127 -91 -78 -63 -52 -49 -49 -51 -55 -56 -55
-151 -114 -59 -15 46 156 172 197 214 211 195 192 195 201 161 -528 -400 -265 -260 -257 -251 -245 -264 -274 -260 -226 -191 -173 -126 -33 232 391 423 299 265 293 294 287 214 160 92 -32 -54 -76 -80 -77 -71 -72 -71 -72 -74 -77 -82 -102 -129 -138 -139 -138 -128 -96 -82 -67 -52 -43 -35 -33 -36 -37 -35
-42 6 35 79 150 215 224 233 227 219 205 205 173 186 -543 -400 -242 -318 -315 -306 -291 -256 -240 -250 -266 -235 -233 -205 -141 -35 261 364 393 364 310 281 307 236 168 106 75 -24 -45 -65 -65 -60 -67 -71 -69 -69 -73 -79 -84 -105 -128 -136 -137 -135 -126 -97 -85 -70 -54 -34 -8 -10 -12 -13 -15
30 63 106 163 243 244 258 256 248 244 230 222 162 193 -521 -295 -370 -300 -309 -293 -276 -234 -239 -268 -268 -255 -238 -218 -138 -12 296 379 401 377 349 300 256 196 139 90 13 -17 -41 -59 -54 -62 -68 -71 -68 -68 -72 -79 -85 -95 -123 -131 -132 -131 -123 -96 -86 -72 -56 -24 -10 -11 -13 -15 -16
85 125 163 231 264 270 276 276 273 271 271 271 193 207 -410 -185 -238 -305 -300 -301 -279 -234 -241 -261 -334 -258 -338 -214 -99 71 338 375 388 361 345 286 220 174 105 44 12 -12 -41 -59 -59 -65 -70 -72 -69 -69 -72 -78 -84 -88 -112 -124 -125 -123 -114 -97 -87 -74 -53 -16 -12 -13 -15 -17 -17
