---
MSL Height of maxmin Wbl [m] Valid 1200 NZST ~Z75~(0000Z)~Z~ MON 5 Jan 2026 ~Z75~[48hrFcst@2110z]~Z~
Model= RASP Region= NZ Grid= d2 Reskm= 2.0 Indexs= 1 69 1 69 Proj= lambert 2000 2000 -35.0000 -42.0000 176.0000 -37.7968 175.7263
Day= 2026 1 5 MON ValidLST= 1200 NZST ValidZ= 000 Fcst= 48.0 Init= 46 Param= zwblmaxmin Unit= m Mult= 1 Min= 8 Max= 2126
1298 1514 977 975 1109 1090 1239 1041 1207 744 877 890 1694 1716 349 511 542 441 450 499 516 564 656 702 1304 1304 1268 1365 1313 1437 1391 1559 1524 545 943 1272 1497 1522 1555 1599 1624 1860 1236 1234 1225 1195 1359 1362 376 405 1830 1844 1863 1883 1672 1685 1686 1911 1010 1117 1085 1071 1220 958 981 898 1041 1062 1190
1300 1310 1522 983 1117 1094 1061 1036 1197 1404 1011 1023 1680 1462 1484 1503 420 390 1389 1646 541 638 722 1825 1448 1304 1268 1355 1683 1631 1586 1546 501 709 940 299 312 453 444 493 1627 1866 1630 1245 1225 1371 1353 1801 1801 1803 1815 1594 1613 1633 1655 1461 1292 1293 1146 1131 976 964 1863 1870 1648 1668 1927 1052 1052
1296 1309 1521 1520 968 1094 1058 1030 1008 1391 995 1006 1665 1685 449 366 356 390 399 428 514 588 667 887 1290 1290 1254 562 533 561 467 590 637 821 1484 1487 1500 375 411 494 1863 976 1256 1257 1237 417 423 1804 1802 1803 1815 1831 1841 1620 1426 1440 1895 1137 1145 1139 995 986 1882 1437 1270 1283 1477 1489 1699
1280 971 1509 1509 1502 273 1052 1022 999 1164 981 1169 1195 1427 1683 1694 293 323 358 409 470 544 597 1780 1784 1132 1229 570 653 547 1801 1768 1749 315 954 961 1753 1776 1804 1838 1863 1879 1888 1121 469 467 723 1194 1191 1577 1819 1831 829 833 1851 1414 1427 1888 1005 1011 1669 1459 1456 890 891 896 1146 1301 1303
1274 837 1293 1506 1289 295 899 1197 598 823 1606 1612 1633 1014 542 1037 906 1471 1288 1155 1209 495 546 581 655 984 1069 1681 869 824 893 862 972 968 968 1754 993 1789 911 1839 456 780 997 1274 482 1243 1081 1070 1391 1389 1389 1840 1218 1219 1841 1400 1413 1113 1453 1674 1473 1300 489 457 453 473 807 1144 1149
1274 1293 1294 1507 351 1711 1051 1010 828 1141 957 1360 1165 998 1006 866 544 1225 1068 1105 348 443 796 916 922 1040 1033 1131 1095 1057 1021 860 969 970 850 866 1017 1572 1588 1215 1083 860 989 1658 1274 1114 1250 1867 1870 1249 1242 1853 1224 1077 1070 1217 1227 975 1128 1473 1933 1044 499 454 450 448 663 902 1021
545 1122 974 1514 324 1707 1672 850 970 954 798 804 1603 1154 1619 1178 1407 1023 1037 297 616 367 1054 1082 484 449 1261 867 1411 923 683 326 841 1516 868 1015 1190 1386 1393 829 1075 849 1636 1648 1130 1136 898 1292 1155 1917 1667 1264 1246 1236 1849 1073 1401 774 1022 947 586 573 497 496 487 486 605 534 913
728 987 988 859 973 928 1024 983 1604 1351 1581 653 310 800 960 1614 996 864 1034 652 779 280 355 557 409 1389 820 539 1086 936 901 993 830 983 887 1030 812 941 941 1059 452 548 1626 1113 1127 1290 1694 1721 595 1314 1467 1699 504 535 1848 1854 2124 1111 1299 1187 868 788 1035 889 480 480 447 671 916
747 1005 1006 1539 1308 945 1231 1185 821 1606 1587 769 912 1100 1564 111 963 869 1064 237 1423 1219 363 351 367 806 680 350 416 1247 428 999 1486 976 1019 559 636 1590 1590 1578 1576 1586 1222 1240 1642 1674 579 705 1553 571 1131 1341 1232 497 1852 1253 969 1250 1896 1684 1335 1206 1318 791 538 434 660 813 1157
774 1355 1356 1559 999 1295 1270 1429 1374 981 809 1312 746 1084 1546 1550 944 1014 297 770 1414 611 213 274 379 469 1500 965 398 616 657 997 1481 969 1157 380 369 514 706 1564 1561 1038 1206 1395 1634 523 566 631 1573 699 929 639 1997 511 860 1439 2126 1417 1273 1909 1169 856 825 1108 866 784 1135 1297 1158
688 1363 1364 1353 364 1503 1460 1023 1378 1376 1354 1311 754 911 1094 1320 801 997 454 533 1408 844 852 414 271 272 1063 935 568 354 1176 855 1265 970 1001 871 1156 609 1559 1019 1017 1357 1050 1212 475 647 793 659 1581 1420 1262 2016 1549 1928 1905 1441 1225 833 1438 1155 1491 697 530 460 424 708 1147 1307 1160
442 1357 1357 1347 1324 1101 1213 846 1161 1158 555 280 911 1095 765 1327 957 351 694 174 977 986 1003 526 173 339 892 915 691 953 635 710 931 957 846 1120 733 748 1329 1328 1331 1174 1051 440 789 840 1720 580 625 669 1627 1285 1555 1728 1711 1287 505 1042 1076 923 1508 689 465 438 712 499 1163 1173 1162
326 1160 1156 1328 1308 933 1022 986 817 1137 784 1089 508 336 618 913 1130 580 673 1335 1124 1148 1389 1384 833 230 867 644 659 786 787 1446 789 812 943 699 816 832 976 1129 990 1163 413 838 708 570 1074 1736 613 725 1821 660 1089 1957 1701 1450 1838 1798 812 1144 1036 603 587 646 677 758 552 1188 1162
954 982 982 1131 1294 1463 210 194 810 790 775 419 901 750 907 1099 1131 1368 1344 1325 1109 1125 1360 1139 961 301 723 625 884 555 747 535 777 800 588 793 597 944 1278 1285 1121 358 460 440 453 550 1229 1552 654 1807 1165 1396 1060 1686 781 1588 1161 1538 1178 1858 982 505 647 560 697 949 797 570 838
784 816 954 1112 1104 286 763 439 1361 1343 1114 1093 622 352 1121 797 798 805 788 923 925 934 1123 1344 1360 594 1181 731 871 867 1004 864 893 664 666 1062 923 1080 1088 1100 1295 1135 1541 1337 429 561 1573 1573 1792 1152 1434 916 527 1287 479 467 984 1120 1135 544 1066 785 1000 797 933 963 976 883 1049
200 770 793 942 1099 1078 1433 855 810 788 784 768 760 1327 1347 1341 777 772 921 922 781 662 806 1366 703 704 1170 1003 1188 718 845 622 876 879 648 1229 1233 912 353 615 969 982 990 362 469 598 1568 1563 689 700 1592 585 518 916 972 1270 1324 1100 821 730 1172 961 723 615 704 870 975 884 1059
168 744 909 941 1099 1264 1444 1191 805 917 774 797 797 802 1348 1330 636 915 1098 925 786 805 976 996 859 724 719 856 1006 711 711 1008 523 732 1027 1035 759 896 670 932 944 1115 587 624 502 562 1546 1379 1770 1573 1398 630 873 1000 1947 1436 654 368 276 382 380 645 886 1023 766 962 975 975 1059
190 744 909 291 1123 1303 946 888 818 420 1316 1367 1381 491 1349 1323 770 918 920 775 790 959 1162 866 895 898 278 888 735 833 696 841 847 1185 619 736 879 644 765 783 1078 621 531 423 486 549 622 1565 1575 1778 1762 588 484 934 1817 1337 547 412 372 380 736 1179 762 889 906 1044 1185 557 1170
190 233 240 349 1344 901 880 1265 852 447 521 795 1137 1341 1320 1309 914 913 913 772 941 468 1154 1021 1067 399 807 814 296 1000 966 818 701 1389 1392 1004 623 741 752 905 511 309 331 413 505 573 627 1400 1787 1403 1237 677 568 1060 1327 728 471 408 364 372 444 881 806 744 494 555 534 542 534
190 244 261 379 725 944 1073 1331 1066 1170 524 501 751 1079 1081 1305 630 631 766 927 1119 1342 965 200 269 640 379 661 399 1068 1157 1348 817 707 723 860 856 854 865 1034 904 944 358 466 458 562 588 1562 1398 1569 1765 558 534 1253 1581 869 554 310 380 441 509 521 350 427 821 671 624 634 535
322 266 285 1367 848 1255 1131 1233 374 1249 1123 603 748 904 1304 1310 632 920 1106 1111 1116 791 962 218 290 363 451 1105 526 1137 1000 950 1352 846 747 1198 845 168 172 859 885 926 357 368 436 514 543 1376 1240 1763 1555 1374 1196 579 765 1206 627 452 498 555 600 579 863 534 785 376 442 534 493
467 360 757 1391 698 1454 1500 502 841 320 959 610 907 1096 759 622 754 517 526 1104 775 779 119 174 206 288 423 605 477 654 622 799 801 211 549 1006 975 172 824 995 401 497 302 366 455 527 572 1555 1562 1553 1231 1546 1206 1173 1133 978 1109 694 662 799 777 587 654 656 313 340 370 489 449
565 542 879 1391 976 1458 1514 1332 1225 575 1112 738 739 748 897 742 325 748 1308 764 761 914 429 107 148 220 307 345 307 920 853 800 809 185 740 1169 1355 1133 962 592 1024 912 963 412 508 637 1549 915 1768 1106 1224 1361 1346 1176 810 1262 1872 1234 574 490 533 655 739 845 284 330 361 447 406
584 484 765 1373 1223 1238 984 692 668 507 1079 600 731 490 742 1077 744 614 757 913 910 911 1309 1107 980 1207 724 694 169 847 820 797 820 1001 722 830 805 1341 556 1362 178 248 331 449 539 585 1544 1750 1754 1226 1367 577 1716 1312 1141 1255 1839 705 607 529 375 720 621 712 608 809 327 410 367
687 547 855 764 888 1334 989 1103 889 664 734 731 733 1284 611 747 896 1082 1092 1094 761 761 760 107 188 1435 152 780 667 681 805 948 1153 603 709 1150 666 787 657 947 337 1010 308 487 1189 1333 1509 1519 1730 876 1215 580 1183 1301 1281 1102 1382 789 599 577 348 295 403 520 790 785 271 334 294
692 716 834 835 835 940 1441 610 1131 907 1065 1066 1283 1283 608 1293 741 616 630 764 914 914 1092 921 149 844 661 770 795 825 705 818 695 707 694 389 1118 780 934 373 1345 1172 313 499 1084 595 1467 1486 936 1048 682 979 546 1292 1446 1415 1385 904 665 631 323 272 775 329 763 756 240 301 259
596 703 810 796 914 1035 993 1344 630 741 885 1066 885 604 401 742 605 892 904 1092 914 912 1091 758 918 1108 928 938 970 1010 738 837 821 688 806 941 647 778 204 654 1119 978 310 537 1228 558 989 499 1146 1012 1040 1188 917 893 1122 1417 723 784 751 614 782 555 236 297 733 856 208 269 226
449 453 506 763 1199 1385 1356 360 900 737 734 734 602 603 606 605 887 886 739 1079 754 1087 755 755 505 345 941 811 176 215 871 592 814 799 939 1114 928 644 647 777 1322 1149 335 546 1347 524 476 874 1115 971 981 999 996 712 1124 1431 813 876 650 305 257 530 846 708 417 178 203 281 230
328 1051 1040 1015 990 968 806 648 614 885 886 1067 733 886 603 886 199 885 885 1068 891 1079 908 760 1306 791 706 496 614 778 273 845 824 1130 537 646 773 767 917 766 631 193 311 500 1029 787 674 830 941 935 939 958 968 1094 1248 1427 833 1016 734 811 892 602 286 678 323 123 310 370 303
207 873 864 844 824 971 970 553 78 600 394 602 489 734 886 886 489 885 734 733 731 892 1089 1309 928 851 770 861 631 947 290 870 989 567 654 1108 1101 629 757 1304 626 972 344 1155 794 438 606 881 682 687 903 927 1064 1205 493 598 1055 894 842 922 877 492 265 540 195 95 284 282 343
592 596 707 700 824 820 969 664 334 733 602 603 736 602 602 1069 604 734 733 733 732 737 903 1085 113 217 1259 890 235 973 738 1252 1187 1143 1119 434 635 759 753 619 1097 201 447 1187 453 653 715 613 477 493 981 593 609 382 1028 1021 1131 832 809 891 848 396 364 92 135 73 326 325 324
560 569 576 692 823 820 964 137 330 886 734 887 736 1284 603 606 736 733 733 733 884 317 1082 773 120 216 231 1451 814 844 969 1480 732 804 933 635 633 1092 752 621 1338 314 544 567 453 827 664 276 254 250 283 602 347 975 869 882 970 780 749 189 821 119 281 51 153 80 246 245 309
536 550 564 692 828 825 953 152 71 1284 1067 735 604 886 1066 1284 602 602 734 198 601 37 756 143 398 580 1469 807 847 1289 1220 183 690 664 645 912 629 626 506 623 1150 370 598 557 407 807 549 737 729 195 865 242 431 250 376 793 567 321 726 171 662 95 261 482 138 297 297 234 234
95 114 672 696 834 698 943 423 1292 735 734 735 735 1065 729 730 885 886 734 734 884 393 75 127 211 821 846 830 806 760 690 658 787 935 1103 756 623 752 898 1078 704 408 1101 558 907 976 335 642 130 139 151 200 384 200 347 779 823 884 242 126 113 607 189 23 173 289 289 227 226
88 90 671 700 840 987 458 348 1294 887 888 737 734 732 729 883 886 886 603 1284 603 492 501 76 136 287 798 204 988 950 936 1118 540 531 764 904 1298 503 893 1065 710 436 1224 910 932 914 673 417 368 627 645 144 383 141 320 280 353 329 695 324 150 588 177 15 285 285 285 285 222
115 167 675 835 994 997 228 1313 744 733 889 893 1283 734 887 890 891 737 737 606 610 901 1318 1349 824 973 1136 790 537 774 774 780 783 641 911 1085 619 507 898 478 827 451 1085 1030 959 799 844 625 526 395 401 72 332 93 254 179 200 264 564 396 237 297 227 286 284 284 221 221 221
295 378 476 426 1174 1177 167 766 738 727 885 1288 1065 883 737 746 616 742 738 1072 897 909 140 703 839 940 752 1090 639 1104 637 638 772 1312 906 753 622 622 898 1282 996 429 873 913 1220 1001 797 207 660 85 394 310 312 53 237 108 109 188 125 325 235 294 225 286 283 283 220 166 166
369 464 483 505 604 717 149 927 891 480 879 1063 1062 878 885 900 621 747 892 891 896 907 646 679 1366 653 1086 510 628 759 761 520 911 1083 749 751 619 504 880 911 255 534 942 977 890 829 781 258 496 652 493 308 307 182 185 63 74 175 81 196 233 290 286 222 166 166 166 166 166
379 472 582 600 847 849 184 146 903 1278 1515 875 880 596 490 615 749 898 1535 892 1077 903 909 1321 1124 781 752 612 1082 908 422 629 1083 1076 1077 1295 746 890 1274 827 407 949 889 896 699 649 255 207 285 234 486 307 304 173 221 289 45 187 67 176 226 169 167 167 166 166 166 166 166
950 477 585 367 847 846 162 161 918 1064 871 724 1280 885 735 1530 1071 895 743 609 895 898 748 414 635 762 742 396 504 763 914 620 1075 739 400 892 739 875 910 296 747 1059 377 457 193 134 218 96 266 250 24 472 239 128 222 84 223 224 222 222 167 167 166 166 83 166 120 83 166
958 969 354 1172 846 712 983 180 137 1063 872 878 728 598 597 723 1059 890 741 1288 738 740 744 746 1080 894 1283 885 742 751 750 741 603 735 1069 605 733 1052 971 461 1144 861 281 605 556 100 129 29 230 230 290 368 179 126 223 89 225 222 166 166 166 166 166 166 166 166 166 83 166
964 973 1160 1169 842 707 830 1378 156 891 1049 873 1269 1055 1059 869 1048 730 892 891 1287 739 740 610 744 1289 315 731 600 732 1066 1281 599 884 1283 885 725 400 219 522 1038 836 491 538 83 65 246 375 290 224 168 222 170 289 171 33 31 29 166 166 166 166 166 166 166 166 166 166 166
969 974 1160 706 707 831 688 153 973 96 581 1505 580 871 723 713 860 870 1283 1287 888 887 885 600 1071 493 730 1060 1277 481 725 879 729 1064 1281 313 868 521 312 905 926 235 160 258 477 301 296 13 222 168 122 121 168 126 171 30 54 166 166 166 166 166 166 166 166 166 166 166 166
969 1154 1155 583 827 965 557 811 976 797 738 707 1504 868 1048 708 1258 863 1513 1276 733 1065 880 1280 599 1277 1275 1274 1058 592 724 727 312 729 483 879 711 1101 319 988 336 213 269 475 368 58 56 167 226 127 169 121 122 123 10 54 120 166 166 166 166 166 166 166 166 166 166 166 166
964 1146 684 681 961 796 199 935 792 668 652 730 858 1505 575 1256 1257 1047 721 1060 501 627 1303 744 1062 1516 1271 874 477 477 726 728 726 725 593 1054 368 131 367 857 262 196 192 373 123 121 167 88 133 232 169 166 120 120 83 120 166 166 166 166 166 166 166 166 166 166 166 166 166
561 671 667 662 788 104 1090 746 614 103 674 766 299 1256 706 857 573 1268 733 890 1095 1140 821 1104 1059 1049 1051 1052 871 873 593 725 591 472 1257 709 143 297 531 841 190 406 182 126 121 83 167 126 295 127 222 120 120 120 120 166 120 166 166 166 166 166 166 166 166 166 166 166 166
551 657 651 775 637 758 895 730 875 740 451 948 613 577 460 1039 573 465 868 1060 758 983 751 1355 1058 466 1049 1267 584 586 873 872 715 1064 653 145 308 560 882 857 340 331 230 222 120 167 167 168 123 167 120 120 120 120 166 120 166 166 166 166 166 166 166 166 166 166 166 166 166
653 643 635 758 901 496 884 879 721 867 623 804 927 1273 1040 707 858 574 1040 1041 735 1348 1011 805 591 463 866 1047 715 376 717 869 587 1117 333 741 1201 899 885 491 293 134 17 125 121 120 221 167 121 167 120 166 166 120 120 166 166 166 166 166 166 166 166 166 166 166 166 166 220
128 115 751 742 602 878 874 588 584 862 882 652 650 730 1261 582 714 1053 1056 869 868 496 927 911 237 368 1045 371 712 581 373 468 586 151 515 1315 1116 676 505 432 317 195 483 240 130 56 221 362 167 166 120 166 166 166 166 166 166 166 166 166 166 166 166 166 166 166 166 166 220
150 219 1289 1280 723 585 866 712 578 709 1051 1300 911 882 593 742 1301 1359 721 938 726 1051 735 885 62 225 577 577 291 1260 577 577 1041 176 427 901 1325 748 722 479 478 150 509 309 183 171 221 167 120 120 83 166 166 166 166 166 166 166 166 166 166 166 166 166 166 166 166 220 220
116 748 738 109 475 713 292 859 707 708 708 716 1279 893 755 933 591 822 865 238 1130 941 933 755 377 288 1041 1258 859 1258 1039 711 1055 173 430 766 670 1009 614 602 428 438 374 311 12 167 285 166 166 166 120 166 166 166 166 166 166 166 166 166 166 166 166 166 166 220 220 220 220
761 749 738 484 872 713 576 857 705 575 705 460 1047 924 796 461 1210 350 1003 696 563 771 747 809 886 287 1040 1041 707 461 1258 1051 1101 244 805 320 427 708 400 596 584 737 147 46 170 180 172 220 166 166 83 166 166 166 166 166 166 166 166 166 166 166 166 220 220 220 220 220 220
761 749 738 1061 588 581 575 1038 168 574 224 122 601 820 832 934 831 295 1106 1129 719 1108 927 1152 1280 575 461 859 708 708 872 773 610 966 761 274 627 447 434 291 738 506 203 267 186 256 96 166 83 54 166 166 120 166 166 166 166 166 166 166 220 220 220 220 220 220 220 220 220
764 752 742 1281 723 375 368 461 574 288 55 178 360 1178 835 1338 838 1044 386 1362 782 712 728 911 1262 859 575 575 859 367 881 144 853 1058 553 832 488 599 510 420 687 494 816 615 298 45 225 220 220 220 166 166 166 166 166 166 166 166 166 220 220 220 220 220 220 220 220 220 220
637 1305 898 605 880 872 583 580 34 31 30 394 554 981 1350 1361 577 624 846 1193 1349 190 413 858 461 366 859 367 462 1039 66 603 112 683 846 591 338 461 309 368 383 491 478 54 56 220 220 220 220 220 220 29 166 166 166 166 166 166 220 220 220 220 220 220 220 220 220 220 220
643 91 903 741 883 480 722 584 1044 32 62 125 242 246 518 1341 671 413 750 742 665 540 369 858 460 1041 859 860 708 860 706 367 722 572 691 690 614 688 270 375 324 706 421 146 224 120 220 220 220 220 220 220 166 166 166 166 220 220 220 220 220 220 220 220 220 220 283 283 283
110 921 1089 896 733 1058 875 869 863 863 475 322 495 732 880 422 1185 428 664 1081 810 486 169 1039 859 575 707 859 1041 367 1502 1045 616 751 676 510 258 267 428 364 343 442 620 258 294 220 220 220 220 220 220 220 220 220 220 166 166 220 220 220 220 220 220 284 284 284 284 284 284
119 105 915 1079 884 723 719 582 1259 579 728 888 721 706 1045 1080 1142 664 1501 754 769 581 1039 858 461 462 575 575 708 575 706 365 775 273 485 417 393 315 417 280 316 737 538 272 300 120 220 220 220 220 220 220 220 220 220 220 166 220 284 284 284 284 284 284 284 284 284 284 284
145 1110 916 1079 601 1054 867 710 1042 581 1290 1078 477 578 722 510 814 885 1436 963 1281 705 857 574 707 575 575 575 575 574 707 470 377 275 360 444 401 466 610 762 587 661 540 379 372 283 283 220 220 220 220 220 220 220 220 220 120 220 166 284 284 284 284 284 284 284 284 360 360
309 1323 1094 95 598 1051 863 1042 860 876 413 78 490 263 1315 789 491 622 833 1315 1055 369 574 1039 1257 462 575 859 575 367 862 597 468 582 593 518 512 532 537 369 544 263 168 58 365 286 120 283 220 220 120 220 220 220 220 220 166 166 166 220 220 284 284 284 284 284 360 360 360
645 235 1304 1072 878 715 708 858 859 1059 746 612 893 517 544 798 1354 685 1120 749 1054 293 706 1256 461 462 575 859 575 709 712 885 447 447 271 424 474 526 486 288 550 200 87 72 365 286 284 220 284 220 220 220 220 220 220 220 166 166 83 220 284 284 284 284 360 360 360 360 360
641 635 511 1072 245 1267 1043 1039 1041 1268 882 889 1082 350 775 1111 786 779 910 892 1054 711 1039 858 575 290 290 461 461 862 472 743 651 585 738 292 504 401 313 470 360 314 53 180 287 285 284 284 284 284 220 284 284 284 220 284 220 221 221 284 284 284 284 360 360 360 360 360 360
433 920 516 164 885 1057 716 1046 866 721 1282 744 278 428 641 1113 934 632 611 487 586 862 860 1258 575 575 707 1257 1042 1051 600 521 344 306 343 396 505 447 284 230 175 639 317 294 83 360 166 284 284 284 284 83 284 284 284 284 284 361 284 284 284 360 360 360 360 360 360 454 454
777 1323 1317 111 503 886 1520 721 1056 880 1288 750 519 358 935 943 931 1088 1066 477 468 1043 463 1040 1040 575 708 574 1048 602 761 157 332 285 317 503 465 387 375 365 262 64 308 288 284 221 221 221 284 284 284 284 284 284 284 284 284 220 284 360 360 360 360 360 360 360 454 454 454
653 656 786 131 920 1090 1295 740 891 1075 1081 420 773 930 534 774 915 750 730 717 861 709 708 706 1039 1039 1043 865 1065 632 808 515 284 530 723 326 343 348 349 482 359 258 299 8 284 166 221 221 360 284 284 284 284 221 284 284 284 166 360 360 360 360 360 360 454 454 454 454 454
664 559 956 954 150 787 924 916 1094 914 917 1103 1111 1112 437 351 509 92 187 231 225 227 574 705 855 857 865 878 175 180 1178 766 596 552 643 628 363 368 374 151 220 52 16 220 221 120 221 360 360 360 360 360 221 284 284 360 360 221 360 360 360 360 454 454 454 454 454 454 454
566 579 982 984 981 973 808 798 792 942 1119 937 447 1111 920 82 47 33 40 11 121 124 286 363 702 705 587 615 788 195 489 707 727 372 514 326 512 302 352 365 327 46 290 284 284 120 360 360 360 360 360 360 54 360 360 360 360 360 360 360 360 454 454 454 454 454 454 454 454
571 984 1390 1184 1186 1002 838 829 822 971 1145 1137 459 1115 120 74 36 135 126 120 83 122 121 121 457 464 395 773 176 187 1263 737 857 576 303 544 295 217 398 525 397 235 290 284 284 83 360 360 360 360 360 284 360 360 360 360 360 360 360 454 454 454 454 454 454 454 454 454 567
571 702 847 1017 1024 1024 1015 859 1004 1001 995 982 683 1123 768 49 28 36 123 120 120 121 121 172 233 483 628 674 856 221 628 751 857 646 560 600 476 367 324 430 492 377 291 284 360 284 360 360 360 360 360 360 360 360 360 360 360 360 454 454 454 454 454 454 454 454 454 567 567
