---
BL Cloud Cover [%] Valid 1900 NZST ~Z75~(0700Z)~Z~ SUN 4 Jan 2026 ~Z75~[31hrFcst@2100z]~Z~
Model= RASP Region= NZ Grid= d1 Reskm= 6.0 Indexs= 1 79 1 99 Proj= lambert 6000 6000 -35.0000 -42.0000 176.0000 -38.5000 176.0000
Day= 2026 1 4 SUN ValidLST= 1900 NZST ValidZ= 700 Fcst= 31.0 Init= 22 Param= blcloudpct Unit= % Mult= 1 Min= 0 Max= 100
24 24 24 25 7 5 2 0 0 0 0 0 0 4 7 0 0 0 0 0 0 0 0 0 0 0 0 0 0 0 0 0 0 0 4 16 22 28 31 33 37 37 38 39 41 42 42 46 52 64 68 67 63 60 58 57 56 61 61 62 64 71 79 87 91 94 96 97 98 99 100 100 100 100 99 99 98 98 97
23 27 28 32 33 28 21 9 3 0 0 4 4 10 13 2 0 0 0 0 0 0 0 0 0 0 0 0 0 0 0 0 0 0 1 3 20 25 31 35 38 36 36 36 37 38 40 46 51 63 66 64 61 59 58 58 64 65 64 62 64 71 79 86 90 92 94 95 97 99 100 100 100 100 100 100 100 100 100
24 27 28 31 31 29 23 21 14 10 8 10 10 14 6 1 0 0 0 0 0 0 0 0 0 0 0 0 0 0 0 0 0 0 5 1 5 25 33 39 39 37 35 35 36 37 41 46 53 61 64 63 61 59 59 59 66 66 64 61 62 69 77 84 88 90 91 93 95 98 100 100 100 100 100 100 100 100 100
27 29 31 33 32 29 23 21 13 7 5 3 0 0 0 0 0 0 0 0 0 0 0 0 0 0 0 0 0 24 22 11 8 12 11 11 18 27 35 41 42 44 41 39 41 46 49 51 56 62 64 63 61 59 59 59 59 59 60 61 62 64 73 79 83 85 87 90 93 96 99 100 100 100 100 100 100 100 100
30 33 35 37 37 32 24 29 16 12 5 12 4 0 0 0 0 0 0 0 0 0 0 0 0 0 0 0 18 45 68 50 52 22 13 14 18 27 35 41 42 46 54 54 53 61 64 63 63 65 65 64 63 63 62 62 63 64 65 66 67 74 77 81 84 87 89 91 93 96 98 99 99 100 100 100 100 100 100
33 37 40 41 33 25 16 25 9 11 5 0 0 0 0 0 0 0 0 0 0 0 0 0 8 3 0 0 0 16 36 68 55 28 16 15 16 23 33 39 37 42 47 54 52 61 69 66 70 73 75 75 75 74 73 72 71 71 72 71 76 79 82 86 88 90 91 93 95 97 99 98 98 98 100 100 100 100 100
38 41 45 46 35 25 13 16 4 1 5 0 0 0 0 0 0 0 0 0 0 0 0 0 2 1 0 0 0 21 59 91 55 48 13 12 10 20 29 34 35 41 47 54 48 53 64 63 64 69 77 81 84 84 83 81 78 76 80 81 82 84 87 89 91 92 93 95 98 100 99 97 96 98 100 100 100 100 100
42 44 49 49 39 24 13 15 5 8 10 10 1 3 3 1 0 0 0 0 0 0 0 0 0 0 0 0 0 9 43 82 71 68 28 26 21 23 30 33 33 40 46 56 48 50 55 61 62 64 72 80 85 87 87 84 83 89 90 89 89 90 91 91 92 93 95 99 100 100 96 93 95 99 100 100 100 100 100
46 47 53 51 43 21 13 14 11 4 5 6 4 5 4 3 2 1 0 0 0 0 0 0 0 0 0 0 0 0 4 50 73 62 27 26 25 26 31 34 36 41 46 50 57 55 55 63 65 65 69 76 82 86 88 86 87 95 96 95 95 95 94 93 93 94 98 100 100 95 89 88 94 100 100 99 99 98 97
50 56 56 60 45 20 11 13 13 10 6 5 6 6 6 5 4 3 2 0 0 0 0 0 0 0 0 0 0 0 0 7 50 52 22 19 15 13 19 32 39 39 43 47 50 61 63 67 70 69 71 74 81 85 87 86 84 96 98 98 99 99 97 96 95 96 99 100 95 86 81 86 94 100 98 97 96 93 91
59 60 67 64 45 18 8 10 12 8 6 6 7 7 7 7 6 5 3 1 0 0 0 0 0 0 0 0 0 0 0 0 22 40 15 0 0 0 8 30 42 34 39 46 49 58 67 71 72 72 72 74 80 83 84 85 86 93 95 96 97 99 98 97 96 97 98 94 86 79 79 86 94 98 96 94 92 88 85
62 71 70 65 45 17 5 7 10 7 6 7 7 7 7 7 7 7 5 2 0 0 0 0 0 0 0 0 0 0 0 0 0 20 16 0 0 0 7 36 58 59 39 40 43 49 64 75 72 74 73 74 77 79 81 84 88 89 89 90 92 94 96 96 97 96 94 87 80 78 82 88 93 95 93 91 89 84 81
74 73 69 63 43 15 1 5 8 10 8 7 8 8 8 8 8 8 6 3 0 0 0 0 0 0 0 0 0 0 0 0 0 0 11 2 0 0 0 23 52 64 48 29 38 53 61 68 76 72 75 74 75 75 78 84 89 88 87 86 88 90 92 95 96 95 90 85 82 85 88 88 90 92 91 90 89 84 81
74 71 67 60 39 13 0 2 7 11 9 8 8 8 7 8 8 9 6 3 0 0 0 0 0 0 0 0 0 0 0 0 0 0 0 10 0 0 0 17 43 74 77 44 43 53 58 64 74 75 74 76 75 74 78 85 91 90 87 87 90 92 93 95 96 94 90 87 89 93 92 87 87 89 89 90 90 87 84
83 81 62 55 36 11 0 0 5 9 9 9 8 8 7 7 7 6 4 2 0 0 0 0 0 0 0 0 0 0 0 0 0 0 0 0 14 1 0 11 35 56 62 32 38 49 61 69 68 78 76 78 74 74 77 86 92 90 87 87 91 95 97 97 97 94 91 92 96 99 93 85 83 87 88 91 93 91 89
83 80 57 50 32 8 0 0 2 6 8 8 8 7 7 6 5 4 2 1 0 0 0 0 0 0 0 0 3 0 0 0 0 0 0 0 4 13 25 14 22 37 43 49 65 72 64 64 62 83 79 77 75 75 78 88 93 91 92 91 93 96 99 100 98 94 93 96 100 100 94 84 81 85 88 92 96 95 94
82 77 52 46 28 6 0 0 0 3 7 7 7 7 7 5 3 1 0 0 0 0 0 0 1 0 3 4 15 0 0 0 0 0 0 0 0 17 35 16 20 24 34 51 66 65 38 59 64 79 77 79 78 76 85 92 95 92 100 99 98 98 97 96 95 92 93 99 100 100 91 79 76 73 89 93 98 98 97
79 74 48 42 25 4 0 0 0 0 3 5 6 6 6 4 2 0 0 0 0 0 1 0 3 2 7 9 0 0 0 0 0 0 0 0 0 10 34 54 23 25 29 46 61 60 51 64 70 73 85 81 83 87 89 97 98 93 100 100 99 95 94 91 89 89 93 99 100 95 84 80 77 73 88 93 98 98 97
74 69 43 37 21 3 0 0 0 0 0 1 4 4 5 4 2 1 0 0 0 0 2 0 4 2 9 6 0 0 0 0 0 0 0 0 0 0 29 52 45 33 30 44 57 56 51 63 67 76 83 90 89 86 89 93 96 95 91 92 90 90 91 91 90 90 92 97 95 87 84 82 77 73 69 93 97 97 95
69 64 38 33 17 2 0 0 0 0 0 0 1 3 4 3 2 1 0 0 0 0 2 1 3 4 6 18 0 0 0 0 0 0 0 0 0 0 10 48 64 58 36 44 65 60 51 68 45 84 93 97 85 83 86 86 91 92 91 90 90 89 90 90 90 91 91 91 89 88 87 83 77 72 68 91 95 95 92
63 58 34 17 13 0 0 0 0 0 0 0 0 0 1 2 1 1 1 1 0 0 2 0 3 0 12 11 0 0 0 0 0 0 0 0 0 0 0 30 82 81 36 47 50 46 60 66 77 83 88 86 83 82 83 89 90 92 94 93 95 91 91 91 91 91 91 91 92 92 90 84 77 71 66 90 93 92 89
57 33 30 13 9 0 0 0 0 0 0 0 0 0 0 0 0 1 0 0 0 1 3 2 0 7 10 11 0 0 0 0 0 0 0 0 0 0 0 22 89 92 24 36 54 36 61 50 56 65 77 85 87 90 80 100 96 98 97 100 100 93 91 93 93 94 93 94 95 95 91 84 77 70 65 88 92 91 87
33 30 13 9 5 0 0 0 0 0 0 0 0 0 0 0 0 0 0 1 2 2 3 0 7 0 7 14 4 0 0 0 0 0 0 0 0 0 0 22 94 88 46 21 36 24 29 43 39 42 59 77 85 85 88 100 100 98 93 100 100 94 91 92 96 96 95 95 96 96 92 85 76 69 65 64 89 88 75
30 14 10 5 0 0 0 0 0 0 0 0 0 0 0 0 0 1 1 0 1 9 12 13 16 7 7 10 11 0 0 0 0 0 0 0 0 0 0 19 99 100 95 25 13 2 27 22 30 33 49 69 74 83 85 100 100 98 100 100 100 96 95 94 98 95 94 96 96 96 93 85 76 70 65 65 70 76 79
14 11 7 0 0 0 0 0 0 0 0 0 0 0 0 0 0 0 4 10 11 19 25 35 35 24 16 11 11 7 0 0 0 0 0 0 0 0 0 6 86 100 100 0 78 69 46 38 48 41 40 57 74 90 93 100 97 98 96 100 100 98 100 100 99 95 93 96 96 95 93 85 77 71 67 67 73 78 82
12 8 0 0 0 0 0 0 0 0 0 0 0 0 0 0 1 8 12 17 22 25 35 47 43 33 20 21 18 17 14 10 0 0 11 4 0 0 0 6 81 100 100 77 83 100 88 91 98 41 31 41 60 77 85 99 93 100 94 100 100 100 100 100 99 96 94 96 95 95 93 85 78 74 69 68 75 81 85
9 5 0 0 0 0 0 0 0 0 2 7 8 4 3 3 11 17 17 21 25 28 35 43 43 36 25 30 29 25 24 22 9 0 0 10 16 5 0 9 68 100 100 99 93 100 100 100 96 83 25 42 54 75 88 95 93 100 100 100 100 100 100 100 97 94 95 95 93 94 93 86 80 76 71 69 76 82 87
0 0 0 0 0 0 0 1 0 4 9 11 11 8 8 15 20 23 21 27 26 33 35 33 31 31 26 33 35 25 21 24 10 0 0 0 5 10 10 19 54 99 100 100 93 95 94 93 99 86 36 58 64 82 89 88 97 98 100 100 100 100 100 94 93 91 96 92 91 93 92 86 82 79 73 70 77 83 88
0 0 0 0 0 0 0 4 4 11 15 16 18 18 19 18 22 25 30 29 27 33 31 30 33 27 19 28 32 24 23 24 6 0 0 1 11 15 23 32 59 97 100 100 94 93 72 75 100 97 89 94 62 90 91 93 100 96 100 100 100 100 92 95 89 93 95 89 88 92 90 86 83 82 75 70 78 84 89
0 0 0 0 0 0 3 6 9 16 25 28 22 25 23 22 24 27 32 27 24 29 26 31 32 21 13 25 29 26 27 24 0 0 0 22 28 35 42 57 83 100 100 100 100 71 37 71 70 76 83 82 86 100 96 100 100 94 95 100 100 100 100 96 91 99 95 88 87 90 89 86 85 84 78 71 78 85 90
0 0 0 0 0 0 6 8 18 29 30 29 29 28 26 25 26 25 29 23 20 23 24 29 22 13 14 31 33 28 24 19 0 0 4 30 51 47 54 66 87 100 100 100 95 68 44 55 61 67 66 87 100 100 100 100 100 92 88 99 100 100 100 100 98 100 97 89 87 90 89 87 87 87 80 73 80 86 91
0 0 0 0 0 3 6 16 24 21 22 28 34 29 25 25 25 26 29 22 22 25 22 23 13 4 9 23 28 24 19 9 0 0 8 29 53 67 58 63 82 100 100 98 97 80 54 40 55 64 67 19 96 97 95 100 100 94 96 100 98 99 100 100 100 100 100 93 89 91 91 90 90 89 83 77 83 89 93
0 0 0 0 0 5 8 18 23 34 48 47 51 49 33 24 19 22 26 19 20 23 20 18 9 0 0 11 19 20 17 11 0 0 12 27 51 63 84 78 87 88 100 100 100 100 76 56 53 50 63 30 79 93 100 97 100 97 100 100 100 98 100 100 100 100 100 95 92 93 93 93 92 92 86 81 87 92 96
0 0 0 0 0 6 10 21 20 14 13 29 34 25 25 21 17 15 20 9 9 12 11 8 3 1 0 0 8 15 18 24 34 48 57 56 67 76 96 93 82 85 100 100 100 100 100 79 68 58 58 57 88 96 100 97 100 100 100 100 100 100 100 100 97 100 100 97 94 95 96 96 95 93 89 87 91 96 99
0 0 0 0 1 7 9 15 10 0 7 24 15 1 11 15 13 10 12 8 2 2 0 0 0 0 0 1 6 11 7 30 76 100 99 78 78 100 91 87 81 87 98 100 100 100 100 100 93 80 60 69 49 94 100 100 100 100 100 100 100 100 100 100 85 100 100 97 94 97 99 99 97 95 93 92 96 99 100
0 0 0 0 2 7 8 17 2 0 0 10 0 0 0 5 6 5 6 6 7 0 0 0 0 0 0 3 6 4 7 27 79 100 100 81 81 100 100 93 97 100 100 100 100 100 100 97 100 96 90 86 45 40 100 95 96 100 100 100 100 100 100 99 92 89 97 85 92 97 100 100 99 96 96 96 99 100 100
0 0 0 0 2 6 7 9 0 0 0 0 0 0 0 0 0 1 2 0 2 0 0 0 0 0 0 0 0 0 14 41 76 100 100 81 57 100 100 100 100 100 100 100 100 100 100 100 100 100 100 93 43 82 100 84 89 100 100 100 100 100 100 100 100 94 52 92 87 97 100 100 100 99 99 98 100 100 87
0 0 0 0 2 6 5 5 0 0 0 0 0 0 0 0 0 0 0 0 0 0 0 0 0 0 0 0 0 4 27 38 54 87 100 92 42 51 100 100 100 100 100 100 100 100 100 100 100 100 100 93 69 33 33 18 100 100 100 100 100 99 100 100 100 100 77 31 90 99 100 100 100 100 100 86 87 88 88
0 0 0 0 1 6 3 3 0 0 0 0 0 0 0 0 0 0 0 0 0 0 0 0 0 0 0 0 0 12 23 39 49 59 83 52 25 25 48 77 89 100 100 100 91 100 100 100 100 100 100 92 83 49 97 51 31 18 100 100 84 86 100 100 100 100 9 96 97 100 100 100 100 100 100 88 89 89 89
0 0 0 0 0 5 2 3 1 0 0 0 0 0 0 0 0 0 0 0 0 0 0 0 0 0 0 0 8 16 20 31 35 32 31 40 33 8 17 39 59 92 100 81 91 100 100 85 88 100 100 93 98 86 81 68 43 23 36 10 24 96 29 26 26 22 79 97 99 100 100 100 100 100 100 89 90 90 90
0 0 0 0 0 4 0 2 4 3 1 1 0 0 0 0 0 0 0 0 0 0 0 0 0 0 0 0 12 13 17 12 17 23 38 33 17 8 14 31 44 61 84 84 93 99 95 91 96 100 100 100 99 95 90 88 89 95 21 19 17 34 59 64 65 45 31 95 100 100 100 100 100 100 100 89 91 92 92
0 0 0 0 0 3 0 2 6 6 11 5 0 0 0 0 0 0 0 0 0 0 0 0 0 0 0 0 13 17 11 38 20 35 29 26 16 12 5 20 33 44 59 80 81 81 86 92 100 100 100 100 100 91 94 94 83 83 83 36 25 51 66 74 77 85 66 95 100 98 100 100 100 100 100 90 92 94 95
0 0 0 0 0 1 0 2 7 10 15 23 6 0 0 0 0 0 0 0 0 0 0 0 0 0 0 0 1 16 24 65 32 43 40 30 21 5 0 0 17 29 50 71 75 72 76 78 96 100 100 100 100 100 100 85 86 86 100 54 36 57 77 87 97 99 82 93 100 96 100 100 100 100 100 90 93 96 97
0 0 0 0 0 0 0 2 8 11 16 18 25 1 0 0 0 0 0 0 0 3 28 34 21 16 20 13 11 20 35 53 60 64 57 40 29 10 5 0 2 18 44 62 67 66 63 66 77 100 100 100 100 100 100 100 91 79 100 51 43 81 85 97 100 84 72 83 98 93 92 100 100 100 100 90 94 97 99
0 0 0 0 0 0 0 3 9 12 15 18 25 6 0 0 0 0 0 0 16 30 34 38 38 30 30 32 19 20 40 76 82 87 71 36 10 14 17 17 11 13 34 46 53 54 54 54 56 75 95 90 94 100 100 100 100 100 76 67 69 100 66 75 100 97 47 69 100 94 95 90 100 100 100 89 94 98 100
0 0 0 0 0 0 1 3 9 13 15 19 25 18 6 0 0 0 0 15 34 31 29 25 28 26 23 22 16 19 50 82 90 92 81 59 39 20 34 93 75 69 21 35 52 55 56 54 52 57 76 81 82 100 100 100 100 100 98 87 79 75 43 40 100 73 29 66 87 86 88 90 99 100 100 88 94 99 100
0 0 0 0 0 0 2 4 9 13 16 18 23 26 20 11 10 0 6 37 39 28 23 17 15 21 20 21 23 28 44 75 88 93 86 67 51 49 39 51 17 18 46 35 57 58 53 45 51 57 61 67 68 61 81 100 100 100 100 100 80 75 45 26 59 62 25 44 44 64 92 93 96 100 88 87 94 98 100
0 0 0 0 0 0 3 5 10 14 16 17 22 25 24 21 22 19 23 35 39 23 8 9 8 13 13 20 33 44 42 72 95 100 99 76 57 51 40 31 21 19 6 9 29 48 46 41 43 46 47 57 60 36 49 88 100 100 100 100 77 74 43 38 56 52 35 38 53 59 76 94 100 100 87 84 92 98 100
0 0 0 0 0 0 5 7 11 15 17 18 20 24 27 26 26 27 22 27 36 31 4 4 5 7 13 22 34 42 45 49 89 100 98 72 52 37 22 15 34 19 5 0 10 27 39 42 40 35 32 48 50 25 32 59 100 100 100 99 75 78 90 69 42 42 33 39 60 59 81 69 87 100 87 82 91 97 100
0 0 0 0 0 0 6 10 12 15 18 18 18 21 23 25 25 22 16 19 31 47 20 10 12 13 18 26 30 37 43 45 52 72 76 51 26 8 0 24 25 15 10 3 0 11 31 38 32 15 10 28 33 28 24 45 73 91 94 79 78 100 91 83 45 37 31 45 84 64 82 78 96 100 87 80 100 96 98
0 0 0 0 0 0 6 12 14 17 19 20 19 20 21 21 17 13 12 14 28 43 34 21 20 18 15 20 25 35 44 48 49 39 22 17 12 0 0 5 7 11 5 11 0 4 22 27 23 8 0 4 19 28 20 40 64 81 76 71 90 100 100 92 53 33 32 53 94 71 85 78 81 100 94 79 97 100 94
0 0 0 0 0 1 9 15 17 18 19 20 19 18 15 13 10 12 10 12 22 28 30 31 33 25 16 12 19 31 39 49 45 22 10 7 10 0 0 0 0 0 12 15 4 2 12 15 13 0 0 0 8 21 9 24 49 72 69 74 100 100 100 100 83 39 34 59 75 74 71 78 61 100 93 78 94 98 90
0 0 0 0 0 4 11 18 21 21 21 19 15 12 10 9 11 11 8 3 4 20 24 30 34 26 13 0 18 21 17 28 32 17 16 4 14 0 0 0 4 17 16 6 8 3 5 7 5 0 0 0 3 16 3 10 36 49 62 75 95 100 100 100 100 47 42 65 89 80 76 69 65 49 93 77 90 94 92
0 0 0 0 0 5 12 18 22 22 20 17 13 11 11 11 11 8 5 0 2 23 30 35 39 27 8 13 17 20 21 23 27 30 16 11 3 0 0 0 13 9 12 31 23 13 4 4 0 0 0 0 0 8 0 0 14 31 63 78 100 82 87 100 100 96 65 97 100 92 83 72 73 95 93 77 86 90 89
0 0 0 0 0 5 12 18 22 23 21 20 19 18 16 15 13 7 3 0 2 26 33 37 33 22 5 7 21 32 34 32 0 0 25 17 9 1 0 7 19 28 33 38 45 58 18 0 0 0 0 0 0 0 0 0 0 31 58 75 76 73 84 96 100 100 96 100 100 98 86 67 75 82 99 77 82 87 87
3 0 0 0 0 3 10 16 21 25 26 27 25 22 18 14 9 4 0 0 0 19 23 27 31 20 4 0 6 28 36 27 0 0 36 40 27 12 4 9 25 50 58 62 72 25 59 0 0 0 0 0 0 0 0 0 0 22 46 55 61 73 80 84 98 100 100 98 98 90 87 66 76 100 89 77 79 85 87
6 2 0 0 0 2 7 12 17 21 23 24 22 19 16 11 5 0 0 0 0 3 4 19 30 27 4 0 0 10 23 6 0 0 0 52 45 28 13 8 32 53 43 27 50 55 77 7 0 0 0 0 0 0 0 0 0 14 23 29 47 67 71 74 92 100 100 100 90 92 94 78 79 95 93 78 78 84 87
8 5 2 0 0 1 5 8 11 14 15 15 15 14 12 8 3 0 0 0 0 5 14 31 32 36 1 0 0 0 11 0 0 0 0 41 46 40 33 30 44 56 47 34 20 56 64 54 7 0 0 0 0 0 0 0 4 7 8 12 24 44 58 50 51 71 100 100 100 100 95 82 71 87 96 79 78 83 87
9 8 4 0 0 0 2 5 7 8 9 10 10 11 9 6 2 0 0 0 0 10 24 37 38 37 0 0 0 0 13 17 0 0 0 30 41 46 54 75 77 66 59 50 31 33 23 25 29 6 0 0 0 0 0 0 0 1 6 0 0 5 22 32 34 39 69 100 100 100 100 81 60 80 100 81 79 83 87
10 10 7 2 0 1 3 4 4 5 5 6 7 8 7 5 2 0 0 0 4 25 33 35 34 17 0 0 0 15 37 40 26 16 0 22 32 44 69 94 83 68 66 52 35 19 18 13 8 10 2 0 0 0 0 0 0 0 0 0 0 0 0 12 26 39 60 95 100 100 100 80 58 73 90 81 80 85 88
11 10 8 3 1 3 5 6 5 4 4 5 5 6 5 4 1 0 0 0 9 27 34 33 26 9 0 0 0 31 55 49 38 34 26 21 26 42 77 91 71 63 67 47 26 15 22 13 2 0 2 0 0 0 0 0 0 0 0 0 0 0 0 0 7 30 50 69 84 94 86 79 59 68 95 80 81 87 90
11 11 9 4 3 5 7 6 5 4 3 3 4 4 3 2 0 0 0 2 13 19 24 16 10 2 0 0 0 18 48 51 45 44 36 30 33 52 87 82 49 40 45 27 8 3 12 6 0 0 0 0 0 0 0 0 0 0 0 0 0 0 0 0 0 13 26 37 62 100 100 96 67 72 91 69 82 89 92
11 11 9 4 3 5 7 6 4 3 3 3 2 2 1 0 0 0 1 3 10 13 7 0 0 0 0 0 0 3 44 58 57 48 38 39 46 65 89 70 29 11 10 1 0 0 6 0 0 0 0 0 0 0 0 0 0 0 0 0 0 0 0 0 0 3 14 16 38 80 100 100 66 73 92 81 68 90 93
11 12 10 4 2 4 6 4 2 2 3 2 1 0 0 0 0 0 3 5 9 11 14 6 3 1 0 0 0 0 48 56 57 46 37 43 55 70 72 48 17 0 0 0 0 0 8 0 0 0 0 0 0 0 0 0 0 0 0 0 0 0 3 0 0 0 5 9 11 23 52 84 77 70 89 76 72 82 92
12 13 11 5 2 3 4 2 1 2 4 3 2 0 0 0 1 4 6 6 12 11 15 9 4 3 0 0 7 39 0 44 40 34 34 36 48 68 57 28 5 0 0 0 0 0 2 0 0 0 0 0 0 0 0 0 0 0 0 0 0 8 22 20 10 0 0 0 6 6 17 59 66 60 69 64 66 81 91
12 13 13 6 3 5 2 1 1 3 6 6 5 3 3 3 5 7 7 7 10 12 18 10 3 0 0 0 1 31 45 40 30 24 25 28 43 60 44 13 0 0 0 0 0 0 0 0 0 0 0 0 0 0 0 0 0 0 0 0 0 24 29 18 0 0 0 0 0 3 8 27 36 41 51 44 73 81 89
11 13 14 7 3 3 0 0 2 6 11 10 9 8 6 6 8 8 8 12 8 18 21 11 1 0 0 0 0 17 34 47 47 32 22 37 55 43 18 0 0 0 0 0 0 0 0 0 0 0 0 0 0 0 0 0 0 0 0 0 11 52 52 22 0 0 0 0 0 0 1 7 15 29 44 52 73 81 87
10 13 13 8 3 1 0 1 5 9 13 14 13 11 10 9 10 9 11 12 7 19 20 11 0 0 0 0 7 21 35 51 57 32 19 52 67 30 0 0 0 0 0 0 0 0 0 0 0 0 0 0 0 0 0 0 0 0 0 0 18 38 51 21 0 0 0 0 0 1 7 11 14 29 38 50 73 81 87
8 10 11 7 3 0 0 3 5 11 15 17 15 12 13 12 11 9 12 10 10 22 19 10 2 0 0 5 16 41 55 42 28 8 3 31 40 13 0 0 0 0 0 0 0 20 0 0 0 0 0 0 0 0 0 0 0 0 0 3 27 26 53 39 12 0 4 5 2 4 7 10 16 29 35 47 73 82 87
4 7 8 5 2 0 0 1 7 13 16 16 14 14 14 13 11 7 10 9 19 23 19 10 4 0 10 12 14 34 0 23 1 0 0 0 5 0 0 0 0 0 0 0 0 26 0 0 0 0 0 0 0 0 0 0 0 0 0 27 32 25 52 43 27 16 16 15 13 10 8 10 21 29 33 46 74 83 88
1 3 3 1 1 0 0 0 8 14 15 15 14 14 13 10 9 6 10 9 17 13 11 7 8 21 34 26 8 6 8 3 0 0 0 0 6 0 0 0 0 0 0 0 0 23 0 0 0 0 0 0 0 0 0 0 0 0 8 36 32 24 32 27 22 20 18 18 16 16 10 16 26 29 31 46 76 85 87
0 0 0 0 1 0 0 0 9 14 15 14 13 11 10 8 9 8 13 15 16 10 5 13 51 56 55 37 17 1 0 0 0 0 0 0 7 7 0 0 0 0 0 0 0 22 0 0 0 0 0 0 0 0 0 0 0 0 46 41 31 22 7 13 16 19 18 16 16 16 17 23 30 29 31 48 78 87 88
0 0 0 0 0 0 0 3 8 10 11 11 11 9 11 12 14 16 13 24 19 10 9 48 73 73 56 49 30 22 12 0 0 0 0 0 5 0 0 0 0 0 0 0 4 19 0 0 0 0 0 0 0 0 0 0 0 25 60 38 27 9 5 8 17 21 17 16 16 18 22 32 34 30 32 51 81 88 93
0 0 0 0 0 0 0 5 8 9 9 10 11 13 17 20 22 24 22 25 17 9 22 72 94 98 80 53 37 33 18 9 11 8 0 0 0 0 0 0 0 0 0 0 9 21 1 1 0 0 0 0 0 0 0 0 8 54 43 35 16 6 5 9 15 20 16 16 17 21 31 37 36 32 34 54 83 89 96
0 0 0 0 0 0 2 6 9 10 11 13 17 22 26 27 29 30 31 28 16 12 15 65 96 89 73 40 32 27 17 15 12 21 0 0 0 0 0 0 0 0 0 0 16 28 9 5 0 0 0 0 0 0 0 5 46 60 40 23 13 5 7 10 14 16 16 16 19 29 37 39 37 34 38 58 85 89 99
0 0 0 0 0 3 7 10 13 15 18 22 27 32 35 34 36 42 35 26 15 4 9 60 87 64 51 41 32 19 16 19 34 33 0 0 0 0 0 0 0 0 0 14 26 37 15 9 7 4 1 2 3 6 17 46 58 43 40 21 11 8 10 12 14 15 16 18 25 35 40 41 38 37 44 67 86 96 100
0 0 0 0 11 15 18 21 23 25 29 34 38 41 41 39 40 50 42 28 17 11 22 57 90 62 49 40 24 11 9 18 35 30 4 0 0 0 1 0 0 0 0 14 27 40 23 16 21 21 24 33 36 52 66 56 43 56 41 19 9 11 13 13 14 16 19 25 34 40 43 41 40 40 50 72 86 99 100
0 0 0 0 20 30 32 32 33 35 40 43 46 46 43 39 40 50 41 32 31 11 17 58 87 56 49 32 16 5 4 3 15 4 0 0 0 0 5 0 0 0 6 14 20 33 35 22 30 46 48 47 53 65 54 42 46 60 40 14 9 13 14 14 16 21 27 33 40 44 44 42 42 47 55 76 94 100 100
0 0 0 0 25 36 38 38 40 42 46 49 51 47 43 36 41 36 28 16 22 31 61 94 58 43 32 17 19 4 0 0 0 0 0 0 0 8 4 0 0 0 7 16 25 25 42 33 39 55 55 50 59 72 42 44 61 64 23 10 10 14 15 16 21 28 34 40 44 45 44 44 48 53 58 80 97 100 100
0 0 0 3 27 34 38 40 43 44 47 50 49 46 42 36 36 24 14 24 25 26 0 19 36 30 17 16 22 0 0 0 0 0 0 0 6 11 0 0 0 0 9 23 28 33 42 48 48 49 49 56 69 43 46 58 67 63 18 8 10 13 16 21 28 35 41 45 47 46 45 49 53 57 67 83 100 100 100
0 0 0 6 25 32 37 39 42 43 44 47 44 42 41 37 26 14 2 6 85 27 39 30 20 18 27 18 19 0 0 0 0 0 0 5 16 1 0 0 0 1 9 19 26 31 46 49 44 44 55 69 56 48 60 68 83 42 12 7 9 13 17 28 35 42 47 49 48 48 49 53 57 60 72 85 100 100 100
0 1 2 7 23 30 35 37 38 38 37 39 37 37 35 33 16 10 0 5 18 21 18 25 18 23 32 26 25 15 0 0 0 0 0 11 7 3 0 0 0 1 5 11 17 26 37 46 41 49 67 57 60 62 68 85 66 35 10 7 9 14 22 35 43 50 55 55 52 51 53 57 60 66 76 87 100 100 91
1 3 4 8 22 29 32 33 32 30 31 32 30 28 31 23 13 2 1 13 5 24 21 15 14 13 15 21 16 8 0 0 3 0 0 15 13 0 0 0 0 0 0 5 10 20 35 48 51 60 74 63 66 67 84 89 62 22 10 8 10 16 29 43 54 58 60 58 55 56 57 60 62 71 80 88 100 100 92
4 6 6 9 20 28 28 28 26 23 23 24 23 26 23 12 7 0 12 26 31 21 13 13 13 13 14 14 0 0 0 6 11 0 0 0 8 0 0 0 0 0 0 3 8 21 39 59 64 69 63 72 72 84 92 87 55 21 11 9 13 21 38 53 61 63 63 61 60 59 60 62 68 75 83 90 90 91 93
6 7 7 10 18 24 22 22 18 16 17 19 23 26 10 12 6 1 16 24 25 18 13 12 11 9 6 2 0 0 0 19 14 10 3 0 0 0 0 0 0 0 0 4 14 28 46 69 88 76 71 84 90 93 92 82 36 21 14 13 18 28 47 62 64 66 66 65 63 62 62 63 72 79 86 92 92 93 93
8 9 8 10 17 22 18 18 14 13 14 18 29 19 12 19 10 11 21 23 22 13 11 9 8 6 2 0 0 0 22 25 14 13 2 0 0 0 0 0 0 0 4 16 30 44 66 77 82 84 86 93 98 95 89 59 33 22 17 19 25 38 53 65 66 68 68 67 66 64 64 68 77 82 88 93 94 94 94
9 9 9 10 17 20 14 15 10 10 12 15 16 6 6 23 12 13 22 22 19 11 11 7 6 3 0 0 0 5 22 21 16 8 2 0 0 0 0 0 0 4 15 26 43 64 78 86 91 90 90 94 100 95 86 54 32 24 21 25 32 47 58 67 68 70 70 69 68 66 66 74 81 85 90 95 95 95 94
8 9 9 10 18 18 13 14 10 12 15 19 10 6 10 25 10 16 17 14 13 11 15 6 4 2 1 0 1 8 17 21 15 8 3 1 0 0 5 5 6 14 25 42 61 79 98 100 96 95 94 100 98 92 79 44 33 27 27 31 39 53 64 69 70 71 70 70 69 68 74 81 84 86 91 95 95 95 94
7 7 8 11 20 16 12 14 11 14 16 16 10 15 14 22 21 17 19 15 14 12 4 7 6 6 5 7 12 17 22 19 13 9 6 4 3 6 9 9 13 21 36 51 77 90 100 100 99 99 100 100 96 86 58 45 36 31 33 37 48 57 69 71 71 71 71 71 71 76 82 85 86 89 93 96 95 95 93
5 6 7 11 22 15 13 14 11 17 11 18 29 12 14 12 14 22 18 20 21 11 3 5 5 6 8 11 15 19 20 20 18 13 9 7 7 9 12 14 20 29 45 69 91 99 100 98 97 100 100 97 89 74 50 47 42 40 42 48 55 66 72 71 72 72 72 75 80 84 87 88 88 91 94 96 95 94 93
5 6 7 12 22 14 14 15 19 17 16 15 16 15 11 22 12 14 16 23 21 11 7 11 20 21 19 17 16 23 20 28 19 11 7 8 9 13 17 21 26 36 53 82 98 100 99 99 99 100 99 92 79 58 49 47 46 48 51 56 65 72 72 72 72 73 77 83 87 89 90 90 90 92 94 94 94 93 92
5 6 8 13 20 15 16 17 24 25 19 20 23 22 20 13 13 16 21 21 14 6 11 14 23 25 24 20 15 19 35 35 19 17 13 13 13 21 23 27 30 45 64 91 99 98 100 99 100 99 96 84 64 58 50 50 52 54 58 66 72 73 72 73 74 79 85 89 91 92 92 91 92 93 93 93 93 92 91
6 8 9 14 21 17 20 27 27 38 40 27 13 8 8 11 17 25 28 19 9 11 11 14 21 20 23 22 14 20 37 34 20 17 15 15 20 26 34 33 33 50 70 90 96 95 93 95 89 91 84 68 67 62 60 60 61 66 70 73 73 73 74 76 83 89 92 93 94 94 93 93 93 94 93 92 92 91 90
8 10 11 15 20 18 26 27 52 31 17 10 14 15 15 16 23 30 22 11 12 11 12 22 44 33 39 32 24 26 33 36 23 21 20 23 31 43 44 40 45 62 88 100 100 94 92 85 90 91 77 69 66 66 67 67 69 71 72 72 72 74 76 84 90 93 94 95 95 95 94 94 94 93 92 91 90 89 88
10 12 14 18 26 28 31 10 20 6 0 7 15 21 26 31 37 40 35 26 25 29 40 48 26 13 12 18 21 28 30 28 23 20 20 22 31 30 27 30 44 75 100 100 91 79 76 81 82 71 67 62 65 70 72 74 74 73 72 72 74 77 80 87 91 92 93 93 94 94 93 94 94 93 91 89 88 88 87
12 15 16 19 24 25 3 0 0 0 3 12 18 23 31 31 29 31 34 35 37 38 39 39 37 35 35 41 41 40 39 38 37 36 44 46 46 47 46 48 65 74 78 78 82 79 81 84 79 70 66 65 68 71 72 73 72 72 72 74 79 85 90 93 94 94 94 94 94 93 93 93 93 92 91 88 87 87 87
16 17 18 18 21 8 1 0 0 0 7 16 19 25 32 32 27 30 36 37 44 45 46 40 39 39 46 47 46 44 42 49 51 53 53 67 69 70 71 72 73 73 74 81 84 86 88 88 83 75 68 67 67 68 68 70 75 80 84 88 92 94 95 96 96 96 95 94 94 93 93 93 93 93 91 89 88 87 87
18 19 19 16 15 6 2 0 0 0 9 15 23 28 28 30 26 30 37 38 44 44 45 39 39 38 46 46 45 43 48 49 51 63 68 72 75 77 78 78 77 76 80 83 86 89 90 89 86 82 78 75 72 72 74 79 84 88 91 93 94 95 96 95 95 95 95 94 93 93 93 94 94 93 92 90 89 88 88
21 21 19 14 8 3 0 0 0 0 7 16 22 22 24 24 25 40 32 38 37 43 44 38 37 37 36 45 44 42 47 47 48 61 66 71 74 77 79 80 79 84 84 85 86 88 89 88 86 84 82 80 79 78 78 81 85 89 92 93 94 94 94 95 95 95 95 94 94 94 94 94 94 93 92 91 90 89 89
