---
BL Top Uncertainty/Variability (for +1degC) [m] Valid 1600 NZST ~Z75~(0400Z)~Z~ SUN 4 Jan 2026 ~Z75~[28hrFcst@2100z]~Z~
Model= RASP Region= NZ Grid= d2 Reskm= 2.0 Indexs= 1 69 1 69 Proj= lambert 2000 2000 -35.0000 -42.0000 176.0000 -37.7968 175.7263
Day= 2026 1 4 SUN ValidLST= 1600 NZST ValidZ= 400 Fcst= 28.0 Init= 22 Param= bltopvariab Unit= m Mult= 1 Min= 18 Max= 1544
332 354 359 344 312 282 276 272 277 694 784 809 615 310 231 162 114 116 115 106 104 99 98 99 82 68 64 65 72 92 122 133 148 225 286 282 221 205 184 153 96 130 150 273 384 516 748 916 468 375 318 349 344 309 286 282 288 303 316 313 299 275 250 220 201 189 182 184 183
301 324 337 323 320 308 271 279 281 282 274 273 368 709 514 281 216 205 156 130 119 117 108 107 86 71 63 65 74 124 128 101 115 262 294 281 251 228 218 182 135 170 228 314 394 495 693 891 417 356 336 370 378 362 342 342 340 322 298 282 278 256 225 190 164 154 156 168 173
294 301 322 333 338 314 305 277 276 268 260 267 263 271 515 510 348 296 235 194 180 180 153 148 105 81 75 72 113 135 122 114 144 301 296 281 272 252 237 191 157 193 255 324 381 490 661 862 1019 337 340 367 380 380 351 348 351 325 275 266 264 248 218 183 160 146 139 156 163
281 287 314 337 344 342 324 273 264 247 245 256 270 274 307 332 533 514 446 381 326 306 247 179 119 98 91 94 118 143 161 165 272 315 271 270 284 264 240 189 163 208 250 285 379 465 604 839 428 322 339 355 371 380 296 300 296 273 235 234 241 233 210 181 161 148 139 147 158
234 246 291 326 339 347 331 298 259 252 226 237 257 299 321 292 263 321 513 503 494 468 365 166 195 166 96 92 120 187 235 305 319 276 217 213 262 260 250 234 204 210 240 272 339 434 613 814 322 266 325 387 425 287 295 307 289 278 253 217 229 225 204 179 160 148 142 137 150
217 235 289 330 337 333 312 270 257 227 223 254 296 324 337 322 320 274 281 286 420 442 449 121 150 201 143 109 159 191 297 366 326 198 175 196 238 259 233 208 213 191 231 282 393 443 710 769 497 369 413 348 270 298 300 293 295 287 274 222 205 206 195 175 157 146 142 135 146
213 246 310 357 357 349 316 280 258 218 235 242 301 345 342 321 326 354 332 322 302 286 300 445 284 223 278 576 191 164 364 430 297 213 180 186 201 243 252 223 170 141 175 229 357 653 759 908 370 826 650 637 262 290 279 281 303 303 266 253 220 212 197 172 156 145 138 165 150
225 276 339 379 389 373 331 295 253 240 211 295 345 367 358 357 357 351 343 350 335 313 338 599 564 489 539 821 260 378 496 652 693 392 274 238 222 232 253 577 372 281 283 278 702 829 881 761 318 382 741 600 480 320 307 255 303 307 281 337 253 203 191 155 196 143 137 134 145
279 311 351 367 383 358 348 316 258 278 474 459 399 372 384 428 375 349 357 414 420 386 368 395 368 259 249 992 591 513 587 809 292 663 389 374 388 552 492 493 684 793 826 789 709 271 183 1112 291 306 273 363 316 279 280 237 295 309 375 364 222 209 212 190 286 184 139 135 141
275 291 313 329 324 295 369 233 770 776 735 729 597 472 409 423 376 366 351 446 503 412 356 338 286 382 231 776 922 886 172 817 494 771 502 571 471 474 364 510 611 584 479 1010 719 693 501 178 1123 226 238 382 330 279 285 875 289 266 264 244 242 217 163 135 159 150 142 136 142
247 255 271 273 248 258 210 294 693 278 662 805 655 521 471 449 379 399 392 466 502 404 295 341 330 418 294 303 978 878 497 40 76 49 25 203 790 426 552 661 650 438 266 734 469 537 412 533 906 247 326 281 315 566 544 751 536 331 240 216 233 234 174 162 179 156 146 137 150
217 223 237 253 235 234 187 943 180 109 116 755 625 562 504 443 374 404 456 489 468 388 385 385 321 408 358 296 919 895 504 63 81 58 189 54 675 561 785 856 910 486 942 656 472 468 126 820 757 857 937 698 363 487 502 384 412 374 317 255 226 222 187 170 245 197 155 139 155
189 197 223 242 238 226 200 906 322 221 469 668 590 547 524 458 373 401 470 477 430 377 386 414 406 381 380 338 873 887 317 58 58 54 162 540 400 665 738 662 571 936 985 213 412 48 402 916 783 773 706 861 586 332 363 346 536 290 305 247 205 228 187 328 288 245 171 156 163
185 192 218 244 221 259 222 222 875 745 638 559 564 579 584 514 416 436 508 495 420 393 410 425 408 395 379 334 924 99 467 65 41 133 37 43 142 931 1027 578 735 853 763 190 633 344 591 760 717 516 485 600 903 290 302 366 422 301 276 314 823 756 595 460 219 182 158 154 175
189 201 218 253 261 267 291 234 640 787 617 573 482 546 659 623 535 538 564 529 472 437 434 437 459 449 428 374 400 383 64 41 288 305 53 57 203 1203 1186 568 1019 976 187 279 603 414 694 307 604 368 324 324 865 1136 570 338 313 318 582 336 498 264 257 231 192 185 165 165 189
210 212 226 252 271 298 316 468 482 807 650 616 644 638 714 704 611 571 565 541 528 509 486 461 451 468 429 356 314 713 161 107 85 95 76 109 1240 1278 231 1038 731 1092 342 323 420 326 741 257 491 341 306 567 795 1045 274 274 276 379 653 302 236 198 218 373 211 180 172 177 200
195 204 214 229 251 292 353 520 488 417 472 410 591 441 428 772 650 524 469 511 554 556 499 457 410 400 354 341 329 280 918 304 264 361 697 1121 1130 314 778 1026 1016 999 219 238 470 542 829 258 401 347 320 500 1027 903 1142 285 281 1254 637 391 233 199 197 202 277 182 172 182 206
187 189 204 217 247 296 338 522 440 409 491 413 248 446 660 758 620 442 421 458 520 550 496 428 369 338 297 303 324 253 237 243 256 280 809 1301 1210 1153 1047 1041 938 985 787 693 670 581 769 249 284 315 783 888 1014 982 794 854 902 621 491 363 234 210 179 159 182 178 179 186 209
180 182 194 204 244 286 306 356 362 346 587 475 535 606 705 766 604 422 400 383 408 476 479 415 355 285 221 257 360 355 241 244 275 306 344 343 303 328 266 986 983 644 798 770 788 402 651 729 239 312 802 827 946 546 1044 1097 735 564 448 331 255 197 171 151 161 162 175 184 191
170 172 177 191 225 245 255 276 292 228 694 452 441 734 741 628 490 407 370 344 353 382 397 351 315 257 211 222 356 563 349 234 215 252 260 245 249 239 253 627 964 753 626 646 614 579 560 710 349 303 357 695 455 623 534 689 498 518 391 296 243 184 178 159 153 149 149 170 180
159 163 168 182 200 209 229 287 273 230 290 342 329 649 722 448 384 343 325 327 339 351 364 363 363 288 194 217 230 262 361 462 321 252 239 296 358 391 327 584 773 616 489 544 598 537 473 633 476 334 305 300 368 431 451 478 539 480 522 430 289 192 172 198 238 217 215 186 177
148 155 161 174 194 191 222 309 355 276 286 303 314 378 379 357 339 327 320 324 338 349 339 350 385 342 379 630 473 706 752 762 420 298 262 294 498 496 670 878 841 420 72 105 342 314 392 406 717 338 342 316 464 365 348 410 423 565 276 244 207 219 384 554 358 301 256 193 195
141 150 158 173 196 188 282 412 459 406 298 301 312 332 290 306 266 255 290 327 364 321 256 260 281 405 420 90 37 269 785 942 349 233 242 380 465 437 1060 972 830 408 66 334 283 278 251 369 670 276 328 327 363 345 346 336 358 370 233 197 239 343 439 435 287 299 268 222 223
136 145 156 177 183 193 206 361 578 550 300 277 284 279 248 247 251 203 190 274 344 327 285 278 277 761 99 81 43 92 322 925 895 279 251 384 381 553 919 53 18 32 111 324 304 299 253 138 179 703 313 334 324 308 317 335 336 247 193 333 449 465 421 428 354 339 304 264 274
132 142 158 183 194 206 264 463 649 722 295 271 266 249 230 216 211 205 204 224 249 266 294 595 958 222 42 54 40 57 316 787 918 423 295 396 359 742 119 257 71 39 191 361 176 116 169 87 283 504 296 310 333 281 287 343 285 228 462 710 663 541 399 384 276 370 363 343 355
135 144 157 182 193 203 227 399 602 438 353 258 233 206 223 236 230 231 235 236 182 293 391 872 848 82 208 33 28 113 384 516 817 508 1013 1057 396 879 167 386 606 226 176 208 111 127 126 137 497 339 295 300 548 744 801 395 347 850 853 464 586 343 373 383 466 1034 1044 1034 1009
136 145 160 184 198 252 382 436 413 397 353 247 207 206 245 259 248 249 253 254 215 218 318 451 228 111 18 51 38 266 365 696 651 239 1073 1086 838 1098 1108 191 33 519 526 166 264 295 300 481 322 384 388 470 586 680 369 466 902 766 724 373 552 1077 953 554 487 895 1058 1045 1001
128 138 158 191 221 343 360 351 361 360 380 321 245 252 259 255 252 264 282 305 315 247 232 249 235 89 37 86 98 217 833 830 224 223 1055 1228 1391 772 506 373 298 154 238 538 506 512 464 322 351 361 376 491 575 548 320 546 689 940 668 589 1036 560 449 411 343 372 455 810 783
145 152 175 232 324 328 327 364 391 325 340 356 357 282 248 236 242 264 294 321 328 263 233 259 337 304 433 341 325 268 768 235 240 291 1158 1137 1230 1051 421 265 230 356 929 889 723 507 317 279 343 340 404 425 436 328 358 697 715 650 1012 985 413 343 348 339 265 360 407 402 466
180 193 222 316 349 350 309 404 461 346 296 327 371 350 270 247 252 270 298 340 365 230 225 243 280 873 759 824 960 1052 795 625 234 288 1149 1057 840 872 644 260 223 288 352 725 836 538 297 268 357 381 415 340 428 345 548 464 839 508 490 453 348 339 416 360 291 353 399 381 426
279 302 315 306 321 319 290 423 398 320 288 326 360 385 367 310 289 298 322 354 303 485 586 384 308 167 497 899 890 881 442 441 286 259 981 761 546 465 745 276 249 296 320 164 320 728 356 286 410 386 377 288 382 427 534 604 848 569 554 432 266 414 429 344 284 343 392 389 432
263 235 235 237 239 249 286 355 347 317 300 341 404 444 420 336 308 318 348 349 244 625 706 1187 237 26 191 655 808 714 545 455 190 250 480 467 266 370 816 592 175 267 278 285 299 598 495 365 429 370 247 229 294 377 504 639 765 583 732 449 222 504 494 398 326 356 404 422 452
218 210 200 183 202 183 221 306 335 289 297 350 426 424 317 296 289 292 306 246 223 262 374 1043 76 191 41 243 777 313 397 452 245 260 309 1010 203 246 972 707 671 252 257 632 403 599 529 473 464 298 220 275 292 461 517 584 730 576 875 402 277 582 525 436 367 383 431 458 486
265 210 198 178 194 187 204 232 265 298 307 324 338 353 334 313 332 321 272 245 246 236 270 1050 357 33 47 317 250 214 370 369 280 254 312 556 712 1044 301 425 510 249 284 708 753 595 563 537 410 251 244 320 306 498 446 549 624 659 763 310 625 628 539 486 402 410 461 476 487
295 205 202 176 192 186 205 232 173 238 290 310 364 212 202 222 220 243 264 353 320 309 299 676 606 345 572 956 231 252 371 404 271 280 448 432 215 278 330 360 334 376 356 589 566 725 611 547 332 366 275 325 372 505 457 485 536 523 470 556 613 537 488 413 407 428 476 475 453
237 210 206 200 199 195 226 241 187 227 258 333 348 207 204 211 240 209 216 337 827 840 1085 681 577 233 356 455 296 349 395 406 284 326 349 308 260 266 226 323 312 343 327 717 740 674 588 494 411 508 520 316 326 441 506 410 355 390 424 561 455 458 399 332 410 430 476 437 359
205 192 199 213 215 206 239 283 229 249 280 299 275 232 216 249 186 253 1184 205 233 502 243 817 223 339 291 411 470 445 471 415 309 347 211 212 250 252 292 343 444 589 292 756 326 250 260 441 375 435 453 304 281 418 449 417 285 384 399 430 410 425 331 293 394 420 457 388 355
191 191 196 218 231 224 249 292 251 271 330 213 203 234 256 338 346 552 422 31 543 930 652 942 317 233 307 584 577 524 545 404 319 340 218 219 214 264 317 359 385 288 602 757 281 217 231 354 339 331 356 381 209 364 370 379 356 381 395 443 435 425 320 272 215 286 354 363 352
191 197 202 225 245 263 270 268 262 239 330 292 1141 443 343 440 454 1008 266 279 23 31 869 853 249 267 413 631 631 577 496 423 337 348 229 241 241 232 304 330 287 215 791 482 187 196 200 216 330 326 309 334 359 328 322 317 328 357 392 456 452 344 276 234 225 286 346 357 356
200 211 222 240 259 288 294 290 283 241 405 368 234 236 207 271 286 875 257 289 106 45 821 726 241 282 414 585 665 624 513 452 346 359 223 200 267 205 297 308 257 591 757 192 194 186 181 188 279 316 334 388 302 590 551 644 510 386 490 349 284 308 242 217 239 299 356 364 361
208 226 238 253 273 302 301 300 310 311 242 753 1110 261 275 259 275 364 181 150 124 99 760 775 266 387 528 858 701 906 808 733 431 376 206 214 216 219 295 271 487 693 210 175 196 170 148 195 238 355 408 426 327 523 361 511 519 480 197 230 312 288 238 223 257 310 365 378 374
214 229 243 262 283 300 289 314 237 200 719 751 857 862 808 798 575 632 1068 256 284 475 368 668 302 561 785 750 529 707 928 832 464 375 205 253 231 256 288 427 642 417 145 180 192 167 151 187 216 275 278 233 444 463 430 598 101 208 290 304 289 273 227 240 267 327 382 396 385
216 229 241 266 287 290 292 304 275 367 910 482 506 115 931 991 852 596 592 984 791 917 979 264 298 583 932 652 538 835 1019 1080 906 322 235 293 288 234 196 455 317 219 133 162 193 194 199 241 298 345 326 187 118 124 520 118 253 316 287 288 257 254 230 248 259 342 407 410 396
221 226 240 269 272 279 271 288 276 680 953 642 679 534 693 789 646 568 425 297 220 231 247 218 287 493 836 598 495 870 1086 1169 910 317 273 323 326 210 198 282 713 163 129 152 189 254 232 247 323 183 314 174 158 191 96 196 227 258 324 307 254 234 233 246 264 348 415 409 403
225 227 240 267 262 273 270 287 266 1013 245 787 605 697 831 605 594 569 351 314 291 253 245 210 304 394 796 731 651 801 1204 1188 932 246 257 335 364 225 217 430 456 157 132 163 215 230 233 217 172 212 205 138 110 120 200 187 216 286 350 327 260 235 236 231 266 340 408 404 401
225 228 239 268 260 255 275 240 974 606 694 885 747 793 863 760 960 704 534 428 366 300 250 252 353 387 416 874 880 585 1092 1042 402 691 260 274 370 304 217 670 369 188 155 200 212 190 209 181 227 233 209 120 128 155 145 184 215 274 354 340 269 228 237 228 262 323 385 392 388
230 231 246 274 242 255 253 264 445 635 293 727 860 1034 1063 984 909 954 817 599 411 283 231 306 409 451 390 1208 1233 1088 519 521 509 935 245 301 317 220 256 617 348 204 172 242 236 184 192 197 194 189 71 90 112 128 162 183 215 264 337 340 268 242 245 240 263 316 372 385 374
236 239 257 280 244 257 216 1075 189 696 35 790 894 814 1195 1162 950 1096 895 415 273 245 1119 315 444 1342 392 406 1144 883 833 715 650 261 247 254 380 262 373 466 591 237 214 297 229 182 182 180 116 75 100 100 105 127 161 186 214 257 304 319 270 259 270 272 286 320 346 374 363
246 256 277 272 245 203 384 861 86 36 42 28 43 893 992 1070 1198 292 774 259 221 648 716 847 919 1159 1176 794 1051 965 759 387 250 291 415 446 413 290 383 422 524 260 267 321 222 178 155 186 94 92 85 93 103 128 162 186 214 246 269 288 267 271 291 297 313 329 336 366 353
256 275 294 277 255 212 294 457 295 251 110 46 620 772 685 1122 1189 933 667 243 292 575 1145 169 200 1138 1068 252 904 848 573 542 253 417 346 397 346 341 378 391 379 285 258 346 201 177 148 159 88 86 82 88 98 127 160 189 214 238 250 265 262 265 282 310 311 330 339 356 347
272 294 306 285 274 240 307 255 263 108 63 241 418 104 248 866 1078 933 635 515 547 621 952 776 1143 1231 1266 318 790 511 617 330 252 335 329 483 311 339 388 427 418 290 263 318 188 165 152 122 96 86 91 97 107 130 165 192 213 228 241 254 254 257 289 289 312 322 343 353 349
288 273 302 386 255 237 339 270 280 137 79 279 418 181 215 414 777 822 675 532 313 532 609 883 269 218 1408 367 339 1303 613 328 257 394 344 472 437 396 355 413 342 316 311 264 177 141 137 116 97 93 94 102 113 136 171 193 208 216 236 251 251 251 279 282 315 323 348 360 357
292 277 301 406 478 272 253 1148 521 599 479 75 592 711 547 537 915 496 436 334 273 431 880 421 1201 519 1321 305 323 804 934 381 417 388 409 481 515 478 373 289 270 322 339 258 170 129 130 113 101 96 103 108 117 141 172 189 188 200 228 252 253 253 271 285 313 324 353 365 366
284 285 284 417 594 582 789 722 1310 1114 126 112 867 778 712 863 980 522 262 237 634 915 1313 1174 1006 868 835 528 221 315 807 554 634 621 589 534 558 567 452 318 373 413 385 284 167 144 106 112 105 103 110 112 121 144 172 181 172 182 216 254 261 269 263 290 308 328 359 369 374
310 273 272 314 337 366 627 469 1188 1382 245 1066 802 838 688 872 924 572 364 229 209 824 1097 1218 811 610 997 1117 256 279 748 657 844 763 688 616 635 622 527 417 467 518 422 220 159 151 100 106 106 110 117 118 126 149 175 176 161 171 202 257 271 268 270 298 308 332 362 371 377
312 265 264 281 262 395 653 544 264 1487 1142 1021 927 898 967 1261 752 249 316 294 204 573 1047 1217 1209 1071 969 681 297 263 563 622 860 824 735 466 513 618 621 554 574 541 463 197 139 141 92 103 106 113 122 125 131 155 179 174 156 166 194 253 265 275 287 311 307 342 368 375 380
293 262 256 259 242 318 456 550 245 1051 1123 1439 1465 1494 1115 1302 251 367 620 790 969 569 917 1239 1362 850 797 701 388 265 376 543 944 792 673 495 565 523 603 539 546 543 447 181 132 140 96 105 103 110 122 128 135 159 182 173 154 164 185 241 254 285 308 315 340 356 374 378 382
260 231 217 223 213 246 306 329 414 1161 1441 1322 1492 372 1201 1069 1312 762 383 865 683 1025 212 230 1365 1259 1154 865 467 420 622 447 760 735 512 533 550 601 579 496 593 549 426 225 123 144 91 105 106 113 124 129 135 160 179 172 152 162 180 221 231 284 322 319 362 374 381 382 382
210 184 189 210 207 234 237 264 336 354 473 1017 1190 466 330 1544 520 547 350 898 1029 382 287 1030 1106 1135 1108 1169 914 335 303 361 712 809 567 665 687 635 568 464 486 488 363 196 135 138 99 100 114 126 133 131 136 156 167 163 149 159 177 204 215 272 317 347 368 381 385 386 383
183 180 203 224 209 226 230 259 300 296 365 936 1131 1163 1256 1253 669 1029 1032 860 745 320 1170 1191 950 1030 1018 1012 930 546 439 509 608 566 327 403 597 510 512 468 473 347 260 200 153 125 111 113 122 143 142 135 140 155 161 156 156 165 174 195 207 262 308 353 366 383 386 384 380
205 203 211 216 218 226 265 295 302 295 260 646 1190 1359 1343 1051 1132 1079 687 495 820 764 1235 953 1020 1084 1003 1030 883 776 536 516 534 463 347 398 532 281 286 448 489 338 229 176 158 115 120 126 145 160 154 150 161 184 197 187 171 171 184 196 206 262 298 351 362 379 382 380 376
190 198 209 209 211 216 287 281 246 259 272 219 798 1228 1177 992 673 515 669 755 1204 1110 1147 1153 1046 1038 1019 935 736 380 790 761 699 637 455 365 474 301 301 316 498 383 195 137 135 109 125 138 175 183 182 195 225 252 278 281 257 201 189 209 215 261 293 335 361 371 375 374 370
181 183 198 192 193 214 263 237 266 1510 1292 425 309 236 967 477 726 235 827 927 1151 606 979 1047 900 824 932 915 630 430 666 962 898 609 450 476 455 349 328 306 391 313 169 130 109 115 130 157 193 207 209 213 217 164 150 187 302 304 187 211 240 254 292 307 355 360 367 365 361
184 173 181 181 196 203 213 195 297 384 1168 1123 894 1164 915 307 235 380 964 1194 325 540 693 1027 740 873 841 838 495 848 343 837 765 657 586 529 520 398 375 326 335 167 123 175 118 128 145 178 200 197 182 163 140 153 208 253 246 182 201 217 252 262 285 294 340 347 358 356 352
178 172 174 175 180 185 180 212 1499 1376 1014 67 1278 1218 1130 358 396 371 1062 971 580 747 645 741 908 987 897 805 632 460 280 401 495 624 606 532 515 490 407 378 397 156 128 137 124 139 159 190 190 166 146 141 163 202 216 218 197 181 189 213 234 267 283 288 308 332 346 345 339
214 178 174 179 184 177 179 279 1518 1347 903 1147 1109 1116 1133 777 706 772 1090 987 817 913 813 683 1197 886 851 812 684 564 387 385 468 612 567 511 476 443 408 407 330 145 121 124 125 141 154 165 170 171 162 154 160 188 208 209 192 178 179 196 229 258 280 287 293 316 331 334 326
430 329 340 222 225 225 323 380 1217 1410 1330 1303 1085 976 1173 1130 1019 1052 1009 211 924 1071 865 849 1142 860 814 773 661 532 437 427 462 491 465 425 427 425 421 335 232 122 117 114 121 139 149 152 149 148 151 157 165 186 199 198 188 179 182 198 228 252 271 280 286 295 311 314 308
403 383 378 387 355 420 400 598 1159 1366 1313 1338 541 507 1039 1217 1208 1175 1038 136 133 925 1096 1122 1043 843 845 750 618 521 435 420 452 433 402 392 412 410 415 353 142 116 114 110 123 138 147 147 143 143 149 161 173 188 193 191 184 181 185 199 227 248 266 275 282 289 295 299 299
353 325 326 365 425 560 545 586 879 1228 1243 1265 689 565 992 1216 1195 1186 173 146 157 900 1104 772 641 846 729 667 589 485 443 419 416 395 382 392 417 405 414 304 189 138 121 122 127 139 148 148 141 141 145 164 181 190 189 187 186 184 190 204 229 249 263 274 282 287 291 293 294
