---
BL Top Uncertainty/Variability (for +1degC) [m] Valid 1800 NZST ~Z75~(0600Z)~Z~ SUN 4 Jan 2026 ~Z75~[30hrFcst@2100z]~Z~
Model= RASP Region= NZ Grid= d1 Reskm= 6.0 Indexs= 1 79 1 99 Proj= lambert 6000 6000 -35.0000 -42.0000 176.0000 -38.5000 176.0000
Day= 2026 1 4 SUN ValidLST= 1800 NZST ValidZ= 600 Fcst= 30.0 Init= 22 Param= bltopvariab Unit= m Mult= 1 Min= 19 Max= 1268
162 154 160 175 252 169 216 209 248 259 284 237 169 117 123 127 119 129 138 129 136 151 156 217 241 433 595 353 410 403 463 355 263 205 184 188 176 182 173 174 174 192 222 251 267 291 314 319 310 297 288 292 305 316 311 308 316 323 334 327 315 293 254 231 223 212 201 197 203 211 215 216 216 215 213 211 207 204 202
155 145 140 151 145 157 163 164 188 187 190 172 150 109 104 119 120 128 128 125 127 133 153 186 248 396 537 622 442 365 315 339 291 245 191 168 161 158 153 148 162 200 243 263 274 289 301 313 306 296 290 295 304 306 288 291 285 280 289 305 297 267 223 220 215 208 202 200 204 211 214 214 214 213 211 209 206 204 204
146 141 140 135 139 143 152 151 149 169 171 154 141 108 123 122 126 127 126 122 120 128 140 171 252 354 514 606 451 376 390 381 345 282 226 182 155 165 162 146 153 204 251 269 276 285 290 300 303 297 292 294 299 289 272 268 255 247 256 269 274 260 216 212 209 206 203 202 204 209 211 211 211 210 208 207 205 204 205
139 133 132 137 136 138 141 134 151 159 153 144 165 142 137 129 124 114 118 114 110 117 125 152 232 374 437 440 400 363 352 346 335 297 259 218 181 159 154 127 162 189 226 261 261 259 265 277 292 290 286 284 280 256 248 243 236 233 236 240 238 228 208 176 168 175 184 193 199 202 204 204 204 203 203 204 204 205 207
136 130 128 132 123 124 117 110 132 195 138 148 159 128 112 102 97 98 94 88 88 88 89 100 95 464 292 244 234 304 333 179 186 253 264 168 158 156 160 168 170 158 156 184 203 208 226 231 247 256 251 241 223 225 223 218 212 209 207 201 189 164 129 134 139 144 150 159 169 179 187 192 191 188 190 193 202 207 210
136 131 129 132 119 106 84 87 159 126 125 171 125 90 86 86 84 81 77 75 76 76 76 78 77 246 256 288 297 333 227 214 176 193 215 134 125 105 114 135 141 136 126 173 199 208 211 223 226 235 218 202 205 205 201 194 187 182 172 149 109 115 118 122 126 130 137 145 154 164 171 173 171 172 181 184 199 210 216
143 135 134 136 122 105 89 104 170 127 89 123 100 89 86 65 68 66 69 72 72 73 74 84 99 103 259 308 427 351 205 183 194 192 233 153 155 145 125 139 144 124 139 160 204 207 208 222 222 234 209 195 194 191 185 179 174 166 146 96 100 105 108 111 115 119 126 133 141 148 153 154 155 165 180 179 200 215 239
152 142 142 145 134 113 99 121 226 197 74 95 78 74 75 73 70 68 69 69 69 72 76 87 146 182 305 247 650 684 292 143 154 129 191 154 151 144 148 139 141 124 139 149 196 201 201 216 218 234 207 188 186 183 179 175 170 160 132 90 94 98 101 104 108 113 118 124 130 134 137 139 145 163 178 177 204 227 252
161 156 153 159 150 123 115 159 213 113 79 80 68 65 66 67 66 66 65 65 67 71 77 85 119 185 218 179 564 232 378 168 127 149 227 185 177 176 153 142 134 132 136 148 170 186 198 197 211 210 191 176 178 177 176 174 170 158 121 88 91 94 97 100 104 108 112 117 120 122 125 129 139 158 173 179 211 232 260
181 174 174 182 173 153 148 173 180 97 82 71 62 59 59 60 60 60 60 62 65 70 76 85 106 142 163 200 390 746 642 311 145 170 187 180 178 195 133 112 125 140 138 138 141 174 185 194 195 196 162 159 169 172 173 172 169 156 101 87 89 91 94 97 100 104 108 111 113 115 119 124 134 151 168 182 215 231 262
205 197 204 216 210 173 164 170 145 104 80 67 60 56 55 55 55 55 56 59 64 69 75 85 97 121 144 146 322 786 669 423 158 169 179 228 217 249 140 113 94 154 178 149 153 146 171 194 185 196 140 145 160 167 169 171 169 153 85 85 87 90 91 94 98 101 104 107 110 113 117 122 130 145 164 184 219 233 254
227 218 236 256 232 185 168 158 130 103 77 65 58 54 52 52 52 52 54 59 64 70 76 86 95 108 135 112 322 382 461 447 250 156 152 228 296 304 177 123 117 132 192 179 151 151 152 169 197 176 161 136 149 161 166 169 169 149 82 82 85 87 89 91 94 98 101 104 108 112 116 120 129 142 161 186 220 233 244
220 222 253 277 248 188 164 149 125 95 76 66 59 55 53 52 53 53 55 60 67 73 78 87 95 100 122 85 224 241 311 380 360 175 154 187 260 336 228 118 107 95 122 205 191 147 154 160 167 192 147 131 142 151 162 168 169 152 79 79 82 85 86 88 91 94 97 101 105 109 112 118 128 141 162 195 220 229 236
230 239 270 289 261 185 160 148 132 96 77 70 62 59 57 56 57 57 59 64 70 75 78 84 89 92 104 69 164 297 422 352 363 277 176 163 199 308 309 145 107 113 87 103 147 146 117 139 170 176 161 145 133 144 155 165 169 159 81 76 78 80 82 84 87 90 93 97 100 103 107 115 127 140 160 204 217 223 226
251 265 286 297 274 179 157 153 145 103 83 76 69 65 64 63 64 64 65 68 73 76 78 78 89 87 107 70 154 323 434 340 356 322 234 161 156 201 310 199 117 121 125 144 143 156 161 149 163 142 188 125 127 134 145 162 167 164 129 72 74 76 77 79 83 86 89 92 95 97 101 111 125 138 179 209 214 217 219
275 284 297 302 278 174 155 159 164 122 111 83 77 73 71 71 71 71 72 73 75 76 76 77 77 84 92 69 151 427 503 348 345 286 236 177 170 174 173 229 160 132 128 148 104 145 160 141 145 170 174 157 155 124 135 145 160 163 144 70 70 71 72 75 79 83 87 89 91 93 99 111 134 172 201 214 211 212 213
286 295 303 302 276 171 151 163 178 151 140 102 86 79 76 76 76 76 76 76 75 75 75 76 76 81 96 63 150 494 517 325 331 293 308 252 160 151 140 88 195 169 185 120 118 132 151 147 143 169 150 179 156 142 122 132 146 160 156 120 67 68 71 73 77 81 85 87 87 91 101 149 179 192 212 222 210 210 212
276 289 298 293 263 166 142 161 180 167 139 118 95 85 80 79 78 78 78 77 76 74 73 74 76 76 96 56 158 485 493 306 297 269 309 388 197 123 128 147 198 210 217 146 130 143 149 149 120 130 149 170 172 141 117 129 144 160 161 154 131 100 92 100 88 80 83 85 87 94 141 178 191 199 218 234 211 212 215
253 272 282 277 248 160 135 151 163 167 133 121 104 91 84 81 79 78 76 75 74 74 74 73 72 74 92 68 168 457 480 330 299 251 291 346 379 170 128 141 183 228 241 164 153 169 170 184 150 103 132 153 119 148 120 137 151 162 164 161 150 111 69 71 82 103 82 83 88 126 167 186 195 201 225 245 213 216 222
232 248 263 256 231 150 125 136 142 156 123 104 106 96 87 82 80 77 78 76 75 74 72 73 79 77 99 71 164 397 442 264 379 326 315 309 336 323 135 120 165 197 262 221 173 173 187 163 126 127 121 74 100 113 128 151 162 166 165 156 120 64 66 69 71 77 83 85 118 162 179 192 197 203 232 254 232 221 231
221 233 247 235 211 138 113 109 122 125 113 95 89 93 90 85 81 78 73 72 70 76 82 91 90 110 113 78 168 504 432 263 432 468 453 431 383 418 246 104 107 160 245 278 257 227 164 142 186 156 117 127 94 119 138 158 168 161 136 104 61 62 67 71 70 73 83 142 161 174 188 196 199 207 239 261 256 246 255
219 225 238 221 190 127 100 90 103 102 102 90 82 80 82 79 75 69 76 82 86 83 85 96 115 112 92 76 126 937 356 276 458 490 437 445 589 579 416 127 102 162 312 379 317 222 132 201 176 170 109 141 100 158 143 158 169 158 94 61 62 63 84 74 70 72 88 163 179 183 193 199 201 212 243 266 269 276 286
215 217 228 213 171 116 87 75 88 89 81 86 80 77 79 79 74 80 80 86 89 103 108 128 123 87 81 69 85 433 434 368 395 301 198 235 185 560 630 170 96 151 248 379 420 382 335 233 194 236 161 146 154 158 141 158 168 166 154 125 65 65 125 100 69 76 136 178 189 191 198 201 203 214 244 269 277 291 307
202 210 218 212 155 103 74 65 78 83 71 83 82 82 83 82 88 84 102 115 127 113 120 132 112 93 89 57 77 149 1084 303 235 220 227 247 348 471 554 329 83 148 204 781 502 604 466 242 277 304 204 124 119 196 134 159 167 167 169 162 124 86 126 69 67 113 163 186 195 197 201 203 204 213 241 269 282 294 320
182 198 209 206 138 96 67 60 75 79 68 82 79 80 88 95 91 117 107 112 115 110 87 69 74 69 89 77 76 113 465 472 161 221 228 345 552 489 565 451 98 119 192 560 617 714 498 295 298 302 311 129 135 153 123 163 166 169 174 168 139 84 69 70 71 142 172 188 195 198 201 203 205 213 238 267 283 293 313
178 190 200 198 121 89 63 57 75 75 66 74 86 93 97 95 122 112 124 100 100 94 70 69 71 78 84 90 73 97 238 947 227 222 238 444 439 439 669 446 100 116 182 734 499 554 308 277 322 368 434 173 152 142 107 172 164 171 172 154 92 71 81 90 78 157 177 188 193 197 198 200 204 212 234 263 281 289 302
183 187 196 189 108 73 60 56 76 77 80 81 83 88 97 119 110 114 82 70 86 90 74 73 63 69 87 87 86 94 173 879 277 248 276 422 343 239 604 417 101 109 175 332 227 230 256 288 316 359 437 223 172 146 101 183 167 171 172 129 74 84 107 112 81 166 180 186 191 194 195 196 203 210 230 258 275 282 291
191 188 196 179 95 64 58 56 73 78 80 86 104 118 114 94 114 84 73 78 86 76 87 72 95 96 93 79 86 87 187 847 182 179 283 441 376 348 392 403 139 83 134 232 254 214 249 254 257 352 401 302 189 160 147 167 155 169 174 114 74 95 114 108 129 173 180 184 190 193 192 193 200 205 224 250 267 273 280
198 190 192 168 73 63 58 55 74 82 93 96 88 95 100 113 95 77 82 84 89 91 101 105 95 102 108 95 88 90 237 804 155 188 720 658 443 375 341 266 123 57 101 227 243 274 289 296 213 238 278 273 258 190 108 121 135 153 172 176 138 68 81 84 155 173 176 180 188 191 190 191 197 201 218 241 258 264 270
207 194 186 157 70 64 58 60 77 86 88 104 104 103 112 103 92 87 102 110 99 104 114 110 96 131 112 111 101 132 494 447 233 254 787 410 294 260 186 122 75 77 111 243 253 281 287 284 306 327 720 345 268 177 107 108 118 134 164 178 181 176 170 169 163 166 169 173 182 188 188 189 193 196 212 233 250 258 263
207 191 178 146 68 61 59 64 74 75 82 90 77 81 94 94 97 122 129 141 133 135 121 113 128 159 117 116 126 204 618 241 286 473 644 316 210 199 181 129 95 98 166 217 287 300 260 245 253 281 343 442 282 149 113 111 159 144 148 164 167 181 190 150 161 164 162 164 175 184 184 183 189 193 207 223 243 253 258
202 184 167 134 63 59 62 65 73 89 88 91 61 69 81 92 106 138 148 132 141 145 132 136 203 171 117 108 144 365 474 251 324 615 633 398 212 155 162 160 108 104 120 200 224 251 266 240 309 302 277 318 219 152 135 120 194 184 156 154 165 175 189 190 151 166 160 160 171 178 177 175 182 188 203 224 238 249 255
196 176 157 121 58 60 61 64 78 73 56 64 61 64 84 98 117 138 157 151 125 139 142 154 206 201 158 141 223 454 310 209 251 306 434 460 326 151 138 195 135 108 108 183 181 204 222 316 355 328 316 323 294 170 143 126 193 187 182 148 166 179 199 91 192 169 168 167 171 208 175 164 173 183 198 225 234 245 252
189 167 146 111 57 60 69 75 76 94 90 159 108 82 80 102 124 156 190 190 197 163 173 209 220 241 206 233 491 397 286 276 242 209 288 313 306 222 187 168 250 155 112 175 192 197 215 228 273 322 396 276 254 282 155 132 190 204 197 141 165 174 188 209 104 170 177 181 176 222 196 153 162 176 194 224 230 241 248
180 157 136 104 60 61 69 77 88 115 475 447 275 93 90 108 133 161 218 222 233 256 282 319 266 275 230 317 629 376 313 356 209 322 313 325 320 245 200 206 240 192 139 153 135 188 247 174 223 236 253 201 225 217 160 170 156 163 188 152 153 179 199 91 230 154 168 179 184 227 204 146 152 169 189 224 226 237 244
170 148 126 99 65 67 62 66 124 172 521 187 864 130 106 121 140 171 229 233 237 292 367 307 298 274 232 341 586 430 434 655 416 270 308 259 260 228 213 220 164 219 138 127 142 207 216 271 240 259 254 211 250 206 161 158 136 189 202 189 219 191 212 151 245 176 172 216 185 229 206 143 145 164 187 225 227 234 241
160 137 119 94 64 59 52 63 131 320 553 542 965 156 134 142 145 191 245 251 219 265 301 236 374 284 280 445 648 1084 741 517 360 211 275 227 226 247 203 189 178 151 158 155 178 228 218 271 243 237 248 242 288 225 150 233 201 214 207 218 198 191 210 216 215 162 142 192 185 230 205 142 141 162 187 228 233 232 239
151 130 114 90 56 51 54 61 137 306 654 369 648 165 153 156 160 207 258 271 259 290 308 283 451 370 418 768 932 1019 668 453 296 192 184 242 258 213 196 168 128 151 134 152 174 233 227 247 245 217 235 267 292 194 188 229 167 163 203 220 221 208 209 207 226 89 201 196 185 231 205 146 142 164 190 232 239 232 239
145 120 105 81 52 50 53 57 98 218 786 604 299 178 163 158 172 215 273 298 267 299 282 343 487 509 627 873 1135 420 201 162 161 203 235 254 251 235 253 262 150 123 153 185 166 212 216 241 236 258 238 287 296 256 228 218 187 207 201 198 217 130 187 205 215 219 215 184 184 229 204 149 146 168 194 236 245 240 246
141 113 95 74 45 50 52 54 75 149 210 251 476 217 172 180 206 232 297 305 266 308 283 358 500 600 742 719 1021 178 174 152 131 202 313 318 310 278 255 298 262 131 122 185 173 197 228 249 278 236 253 293 262 248 299 260 172 218 190 347 241 181 229 212 215 178 216 193 183 217 206 153 152 173 198 241 251 247 253
136 110 91 71 42 48 51 50 65 92 138 165 603 288 217 232 267 292 342 335 294 286 262 348 539 655 889 1099 1019 175 191 176 185 238 260 283 397 260 463 485 369 204 132 146 114 116 157 119 105 181 232 242 248 280 321 270 274 276 188 140 194 162 190 187 191 183 225 188 184 220 207 157 160 179 201 245 255 254 262
132 106 89 70 39 43 52 47 59 74 110 171 439 522 312 312 365 371 369 375 328 310 351 483 593 687 824 794 1108 1176 864 620 193 172 334 523 587 694 518 356 351 245 148 118 101 95 92 92 63 92 237 262 246 356 340 319 300 241 161 172 183 152 174 169 174 179 298 180 201 230 212 160 167 185 204 248 259 262 273
128 103 87 68 39 46 50 48 52 57 59 54 519 516 470 397 449 605 491 544 540 623 575 437 636 715 814 606 671 1047 1142 963 558 180 274 156 643 572 726 361 427 268 163 122 111 102 93 87 57 75 86 287 235 243 279 318 351 371 180 157 176 146 151 148 148 132 320 208 209 234 221 160 175 189 207 252 263 269 282
126 105 87 66 34 49 42 49 40 49 47 47 43 38 468 464 491 705 1040 709 908 670 472 587 945 1069 1108 1268 1142 989 408 801 396 157 212 117 327 529 621 649 456 387 215 148 124 98 98 99 54 50 84 93 135 139 144 290 313 296 218 197 170 152 105 120 102 226 361 97 214 243 224 205 180 213 207 256 267 275 290
126 107 92 64 33 45 34 48 35 46 36 43 44 42 448 425 476 628 820 814 143 94 84 98 102 181 322 321 389 559 479 499 223 119 116 210 237 349 436 710 426 535 284 211 165 142 149 144 103 54 62 52 73 66 103 139 128 227 225 191 145 155 156 133 102 448 442 233 210 233 232 221 185 223 206 259 268 277 293
130 112 98 67 36 45 31 46 33 44 40 31 35 45 49 51 68 484 154 186 92 65 74 94 89 142 243 304 508 309 280 330 169 72 49 20 146 274 438 566 865 595 270 420 297 286 288 237 158 95 64 78 55 65 89 85 83 233 211 158 134 155 192 179 190 538 526 136 282 281 228 225 196 217 204 261 266 275 293
132 118 106 79 56 49 35 47 33 40 44 39 31 30 43 50 62 110 141 151 91 76 59 94 137 177 325 498 377 297 279 292 243 105 69 38 36 124 526 591 805 511 302 271 214 238 421 248 149 109 71 51 71 72 54 53 63 275 217 161 123 175 208 160 412 442 607 175 275 259 253 221 208 221 199 262 261 269 290
125 118 114 96 71 52 44 52 36 33 45 47 46 43 39 52 71 115 147 142 101 82 90 108 163 217 597 431 307 341 462 382 249 199 145 69 132 473 729 736 681 794 425 398 227 285 286 207 136 119 88 53 59 86 48 45 71 107 186 184 149 234 279 813 506 351 620 225 215 230 267 253 190 221 202 262 252 259 285
113 110 112 110 91 57 50 46 53 39 41 48 54 57 60 75 91 115 141 153 105 87 85 144 217 652 330 304 534 453 379 443 356 285 559 270 824 930 740 565 345 319 334 309 299 255 199 174 153 119 101 66 85 117 88 54 55 61 100 91 158 232 607 662 442 332 617 271 216 224 225 227 276 234 189 260 241 246 278
109 106 106 112 101 74 55 47 62 65 67 70 73 77 84 99 106 107 130 153 112 88 66 144 604 555 303 702 602 470 429 358 333 385 468 715 824 734 645 318 227 184 235 387 416 287 184 160 181 196 156 79 115 132 150 78 52 62 92 112 136 157 352 324 318 445 586 283 230 223 198 203 272 255 193 258 227 230 268
104 101 103 101 86 93 85 72 78 83 89 95 99 101 101 97 97 97 122 132 122 98 82 136 225 383 521 444 485 503 529 484 388 445 484 537 492 494 471 428 328 215 248 307 344 285 192 176 203 275 277 136 152 142 263 138 95 97 66 105 121 315 258 411 314 410 481 293 179 215 179 199 259 217 194 255 226 228 254
100 98 99 89 79 74 75 88 85 81 80 83 87 89 89 88 96 95 121 111 135 114 108 118 128 140 415 274 371 284 155 463 395 516 440 242 279 488 494 621 621 511 327 362 246 286 210 199 212 257 435 247 177 161 284 299 90 90 65 89 91 284 272 231 264 789 416 295 213 221 212 204 250 200 194 250 227 229 237
94 94 98 90 80 69 59 56 56 62 68 74 78 82 84 87 95 102 100 114 109 121 111 116 130 145 281 420 225 275 152 234 159 459 412 215 251 558 450 298 242 357 590 475 289 308 247 219 224 246 370 405 210 209 197 340 131 107 104 100 120 170 220 238 241 726 552 301 280 279 222 265 263 245 193 246 226 229 235
87 89 96 92 84 71 57 50 48 52 65 73 77 81 85 91 96 97 89 124 106 83 89 115 137 143 375 484 151 62 267 366 100 148 243 218 229 489 397 245 304 718 823 596 712 420 294 221 236 297 290 391 273 243 204 349 147 124 90 136 68 159 187 225 249 278 741 288 288 301 255 242 245 246 187 242 225 229 235
84 81 93 93 89 80 68 58 52 51 54 68 76 81 89 95 93 95 93 125 76 75 84 141 160 144 395 671 190 108 190 193 62 45 142 178 177 384 703 638 619 676 587 276 665 556 331 318 376 338 317 338 274 330 344 423 200 141 137 117 111 139 173 174 240 271 312 323 301 327 318 316 239 240 178 234 221 226 233
84 81 86 93 82 89 79 71 66 60 55 57 66 76 86 91 92 91 88 117 66 74 118 172 153 138 192 510 621 320 266 288 42 19 42 144 213 424 631 693 606 608 568 438 589 717 684 391 587 498 503 336 534 958 678 575 228 131 113 88 90 110 137 186 274 303 277 296 316 355 337 314 238 224 184 227 217 222 228
84 81 76 93 81 77 67 70 75 72 69 66 66 72 81 88 88 91 87 103 68 68 98 148 148 130 150 240 553 676 448 384 192 84 129 149 371 541 728 647 609 654 637 615 520 497 677 425 612 720 614 552 961 796 597 414 259 135 105 107 99 95 92 112 104 116 236 284 278 345 315 305 256 225 152 219 212 218 224
84 80 77 90 85 76 68 63 61 69 81 82 81 82 87 92 94 96 89 82 66 67 75 120 122 106 137 253 438 638 547 99 263 243 99 186 342 789 746 603 621 779 656 605 538 473 618 866 987 778 1229 1003 702 492 420 332 279 215 131 110 110 72 96 131 97 70 91 269 278 412 306 260 230 214 133 210 204 213 220
85 81 78 86 87 79 71 69 70 66 65 67 95 94 98 101 103 94 83 63 66 75 95 106 103 94 109 332 632 782 898 146 98 275 210 264 130 151 532 628 657 609 289 317 427 444 508 439 916 1013 936 770 424 486 446 253 296 198 146 121 122 104 105 102 116 57 48 77 160 231 341 287 223 247 173 206 201 209 217
87 84 81 81 88 84 78 78 83 80 70 65 74 107 117 109 101 86 62 64 68 68 95 101 86 106 168 637 836 931 1069 270 263 252 159 373 117 49 178 450 472 312 213 357 343 364 278 657 636 695 468 354 279 333 318 246 189 137 134 133 119 178 103 106 114 80 50 63 82 122 275 322 294 229 166 204 201 206 217
90 87 85 77 88 91 90 91 93 94 89 78 85 101 99 83 85 68 63 69 71 74 89 89 88 115 219 421 774 645 327 199 247 235 328 441 232 126 252 353 263 221 244 334 757 362 455 704 756 571 406 413 315 287 256 186 161 140 137 174 176 173 147 128 111 100 73 45 74 78 296 281 332 235 182 211 210 206 217
93 92 91 83 86 100 108 106 103 105 108 105 103 96 86 76 70 64 64 80 84 96 94 114 123 138 174 304 524 335 164 151 69 98 378 467 171 164 308 296 247 271 348 581 495 326 449 658 803 342 281 264 265 219 186 167 155 161 181 216 251 309 247 191 155 116 86 74 99 100 260 270 272 243 170 220 219 207 217
96 97 97 91 86 114 128 120 114 97 106 116 105 93 83 72 65 76 84 85 83 99 105 152 171 170 252 396 654 707 87 116 44 57 290 281 380 259 157 207 249 419 572 673 485 361 501 407 242 273 226 237 223 188 165 162 161 167 194 242 295 436 620 758 750 696 211 159 110 88 90 165 246 220 171 261 230 206 215
98 101 103 99 93 132 143 121 92 85 80 95 97 90 74 76 85 85 82 82 82 91 134 185 186 177 229 369 641 186 101 61 43 134 253 326 430 195 117 183 373 615 783 750 686 627 583 529 236 249 233 224 194 177 162 165 169 182 207 264 413 704 927 931 748 1107 552 108 93 86 72 107 132 227 181 223 220 206 211
100 104 107 106 98 145 129 99 94 80 68 92 91 75 80 88 83 77 75 78 86 92 137 152 152 158 243 405 443 476 112 84 110 183 235 243 307 259 164 228 376 590 538 545 569 605 571 418 237 246 245 200 172 168 159 163 166 179 215 289 516 950 958 700 774 766 571 144 89 165 55 70 117 186 183 216 229 206 201
102 105 108 109 113 128 111 98 83 84 95 87 73 86 90 82 76 72 72 75 99 95 121 124 132 154 302 533 342 1069 750 279 224 280 134 297 446 366 287 229 288 311 410 469 520 579 558 401 230 245 231 175 157 158 160 162 173 191 218 315 831 1023 538 398 477 712 485 157 108 62 81 93 115 189 210 207 203 197 188
103 105 109 111 129 130 109 88 98 93 77 72 89 89 82 75 72 73 76 83 110 111 100 115 134 192 511 466 348 437 655 925 681 487 256 852 611 298 406 206 166 292 417 480 514 551 516 382 221 236 212 170 157 152 157 167 178 193 234 389 981 985 396 365 357 552 394 212 137 98 116 100 153 163 177 188 189 186 181
104 105 108 112 136 129 96 106 88 72 85 90 87 80 75 72 71 74 82 89 116 119 102 110 155 341 483 605 614 632 1100 1061 868 840 1008 948 579 440 202 177 167 322 439 508 525 522 457 370 220 236 214 177 159 153 159 171 182 210 274 841 1023 405 357 282 286 471 407 262 190 114 96 105 89 138 170 182 180 181 177
106 106 108 112 124 111 112 88 86 87 87 83 78 74 71 70 70 73 85 94 101 96 88 112 223 344 587 680 850 899 653 307 414 922 939 906 735 525 284 207 178 296 430 509 550 487 409 381 252 266 228 179 158 154 163 175 197 243 361 888 1047 375 306 273 284 405 363 235 187 141 113 99 112 136 162 177 173 174 170
107 107 108 110 104 114 97 94 88 84 80 75 71 68 65 63 66 74 86 93 99 78 80 124 226 340 479 494 650 597 376 225 612 617 965 971 870 480 222 235 218 282 406 478 523 538 404 416 304 301 225 170 159 162 178 199 231 280 799 956 1042 314 300 275 239 367 311 214 167 122 119 117 123 134 152 174 167 168 165
108 108 108 106 84 106 98 91 82 77 72 67 63 62 63 64 70 80 87 93 99 98 106 171 204 665 570 362 486 541 458 276 489 853 343 924 656 347 257 221 227 296 420 472 499 539 385 448 347 299 198 164 166 177 198 237 274 368 867 1004 381 355 763 565 295 414 293 196 150 119 107 120 125 129 139 170 162 164 161
110 109 108 104 105 93 95 83 75 68 61 56 56 60 65 69 76 83 84 71 98 88 190 327 724 80 363 297 483 546 618 671 783 960 865 744 360 276 265 201 230 314 425 477 500 528 337 459 360 247 187 173 184 205 238 311 363 765 935 1019 776 726 736 590 441 460 278 179 139 118 106 117 121 127 144 168 159 161 159
111 110 108 102 104 97 86 74 66 59 55 54 55 60 66 71 78 86 82 87 98 114 255 603 91 53 115 867 428 500 779 798 876 480 743 384 289 230 182 193 206 323 427 468 502 484 281 424 300 229 197 191 209 243 296 470 594 858 970 935 674 709 668 508 487 396 234 165 132 113 104 103 113 120 152 165 158 159 158
113 110 108 102 106 89 75 66 59 57 55 55 57 64 71 76 81 86 82 99 103 147 259 788 118 136 771 900 274 181 353 275 1093 588 737 288 265 196 160 188 250 337 423 422 440 398 228 332 312 238 228 223 257 338 466 595 731 908 944 669 637 693 572 546 440 309 199 156 131 112 105 101 106 130 154 159 159 158 157
115 111 108 115 102 83 70 66 59 55 53 55 59 69 79 85 88 87 95 100 111 154 248 669 332 653 397 366 93 164 313 890 1005 743 732 302 275 221 161 210 266 313 384 389 378 325 284 233 300 260 264 292 434 569 640 702 802 904 689 602 662 612 545 518 385 248 183 152 124 117 108 107 118 138 155 155 162 156 167
117 112 108 118 98 85 73 68 59 52 51 60 64 76 87 97 100 81 100 104 134 206 272 530 411 459 306 274 54 192 491 452 891 936 591 334 245 212 218 233 282 280 325 350 299 289 302 201 269 298 320 443 570 674 703 744 825 446 555 642 586 530 568 470 322 220 173 144 129 119 113 116 128 141 159 163 163 149 176
118 113 112 120 90 89 78 71 60 52 55 67 75 86 96 103 113 94 98 127 175 175 218 618 982 338 396 253 146 200 403 415 923 855 285 284 242 221 180 237 276 282 299 283 257 265 294 213 241 330 388 478 570 620 591 419 355 410 610 561 487 500 526 422 281 205 162 137 128 121 119 123 133 144 162 168 159 161 182
120 115 119 123 91 89 82 75 64 57 65 79 88 98 108 111 96 93 110 150 173 278 406 550 248 991 859 575 489 532 637 919 1206 510 269 287 228 187 187 222 283 292 275 250 231 243 270 248 237 323 387 429 469 461 360 318 267 572 523 455 440 520 488 370 254 184 152 133 125 123 123 126 135 147 163 172 151 170 188
123 122 128 125 91 85 85 78 70 71 79 90 98 108 108 98 109 127 344 314 383 412 367 223 978 916 845 465 410 673 1038 841 539 273 272 310 218 148 191 226 279 293 255 227 209 216 247 269 247 302 363 390 396 345 296 236 539 544 455 396 439 493 417 315 229 169 143 128 124 125 127 129 138 150 160 174 160 178 197
138 135 135 129 93 92 87 82 76 81 89 99 108 117 106 104 106 395 574 239 258 688 746 144 112 490 473 672 125 278 957 698 230 236 354 243 182 108 180 223 259 255 218 201 192 200 232 281 265 276 353 380 320 281 212 435 528 428 344 342 478 437 360 262 201 155 133 125 125 127 130 132 141 150 148 177 174 187 207
147 143 141 133 89 93 88 83 81 88 95 104 112 122 111 92 237 623 459 256 744 107 76 110 181 507 487 495 240 372 950 357 217 285 354 135 122 139 159 184 221 216 196 193 194 207 245 302 279 268 320 329 261 210 295 458 402 322 304 412 462 401 312 211 171 142 127 124 124 129 132 135 144 150 156 180 183 197 229
151 147 144 136 110 95 89 83 83 91 98 106 116 126 110 129 509 329 368 769 278 215 144 136 167 193 187 237 233 324 734 310 180 231 398 232 100 148 160 191 211 222 246 271 282 274 307 351 303 258 266 257 211 219 420 391 295 279 297 426 440 393 242 187 151 131 124 122 125 131 134 138 145 144 164 182 188 204 246
151 148 145 138 116 99 91 85 87 94 100 105 115 126 119 178 484 361 498 588 517 166 149 153 217 273 230 209 240 363 776 251 171 220 344 309 168 210 223 250 281 312 352 392 427 441 434 431 348 231 188 206 212 313 356 278 271 270 317 419 426 361 197 168 137 125 122 122 127 133 136 140 144 145 168 186 199 218 254
150 147 145 140 114 101 93 87 88 93 99 108 105 100 104 374 450 275 353 590 165 167 184 205 216 249 207 312 445 702 769 222 184 283 274 211 331 304 318 333 351 364 396 425 460 486 489 458 348 188 180 202 259 276 248 253 272 282 355 403 411 226 171 147 128 122 122 123 128 133 136 140 133 156 171 190 215 232 256
147 145 144 140 111 98 92 87 90 96 106 110 91 99 161 257 461 283 522 297 178 193 216 243 247 258 259 413 663 511 311 178 193 219 202 207 265 293 312 333 349 363 394 418 438 445 420 357 245 153 174 182 224 226 232 248 265 275 374 396 377 181 153 121 124 122 123 125 129 133 136 135 144 161 175 198 230 245 255
146 144 144 147 104 90 90 87 92 96 96 90 79 115 259 751 919 364 483 224 164 186 209 241 262 282 434 646 718 454 176 144 188 172 172 192 235 257 265 288 299 318 360 395 381 332 284 228 190 155 168 217 249 226 237 240 250 309 370 384 194 158 137 117 123 123 125 125 128 133 137 133 153 164 180 205 236 247 249
146 145 146 148 95 82 89 87 94 100 98 90 188 407 528 814 1037 610 264 196 171 164 224 249 279 405 538 567 501 196 133 146 158 152 152 177 215 237 255 276 282 299 343 377 328 269 217 203 147 160 177 254 240 233 230 232 249 317 369 340 163 137 116 121 123 124 124 125 130 134 124 148 157 169 185 212 238 244 244
146 146 147 145 90 83 91 95 108 105 95 117 270 397 280 831 363 629 219 202 198 212 245 254 290 357 392 317 182 139 141 152 140 146 154 184 211 240 270 290 298 305 343 358 294 230 216 148 160 196 244 252 239 227 222 231 261 318 334 162 135 120 118 124 124 123 124 128 132 126 142 154 161 174 192 217 238 242 239
147 147 152 141 87 87 102 109 113 112 143 261 752 934 904 970 268 503 198 170 182 234 281 259 281 290 210 150 128 130 135 145 160 147 164 187 219 254 292 320 323 310 348 316 284 236 197 164 209 242 255 267 249 228 233 246 283 297 244 125 119 117 124 125 124 123 126 129 126 139 151 157 165 180 199 221 237 239 235
149 149 159 136 87 95 108 108 118 186 428 544 880 333 740 297 300 528 157 153 170 274 306 281 282 181 132 123 131 129 137 154 162 179 165 191 222 265 299 321 308 315 324 306 286 237 181 224 256 253 283 280 257 237 243 268 280 248 148 119 120 126 127 124 120 122 125 121 136 149 153 158 170 187 205 224 235 236 231
153 151 162 130 85 92 103 117 157 467 376 664 644 705 430 491 599 197 145 144 209 315 348 331 244 135 124 131 139 154 137 148 160 162 175 196 231 263 282 281 279 319 325 321 274 212 219 288 269 288 293 280 265 235 255 272 249 177 140 132 131 128 123 119 120 120 115 136 148 152 152 159 174 193 210 226 233 232 229
160 163 160 123 84 92 100 116 205 418 654 736 315 266 254 446 297 155 149 191 298 355 354 197 154 142 154 154 155 143 104 146 203 170 185 203 234 253 257 246 278 327 344 341 265 226 276 299 307 304 283 276 247 263 278 258 197 156 141 135 129 120 116 116 117 117 135 147 149 146 149 161 179 197 212 225 230 229 227
173 165 154 117 77 97 111 149 575 304 307 305 252 328 460 292 142 139 180 263 323 298 217 203 196 196 225 176 173 131 111 133 180 174 190 199 214 226 217 228 271 316 329 310 268 271 285 309 311 304 290 257 262 276 261 200 162 144 134 121 104 105 106 110 119 130 143 147 136 111 122 159 180 198 211 223 226 226 226
172 157 141 113 90 91 86 346 272 335 179 228 329 420 299 153 132 176 279 345 329 271 271 286 304 331 366 216 193 125 111 143 192 182 206 229 248 237 248 270 299 303 308 290 263 272 281 304 321 298 249 241 283 292 249 175 148 132 114 108 110 115 120 127 139 149 149 130 120 141 139 146 183 199 210 219 222 223 225
167 148 138 115 84 78 169 830 308 264 234 325 342 216 158 129 132 218 244 341 299 321 349 368 349 286 337 296 207 157 153 191 180 175 195 205 224 240 253 257 275 268 216 190 259 259 290 366 331 258 225 274 280 199 157 129 114 101 103 108 112 116 120 127 138 146 134 106 134 134 132 156 181 195 207 216 219 220 223
160 144 137 122 110 142 341 664 546 435 482 458 391 285 221 192 184 216 229 238 236 220 221 245 268 266 254 244 237 238 247 262 286 311 319 321 315 315 318 328 297 284 260 233 271 279 282 294 266 227 241 276 274 211 153 136 134 136 138 141 142 144 148 151 154 149 114 143 152 142 148 176 190 200 208 213 216 218 222
150 140 139 145 165 233 397 580 577 522 489 450 364 289 227 204 200 204 200 191 190 191 196 207 222 232 241 246 249 249 244 248 249 238 224 237 259 268 272 279 272 261 261 261 259 253 248 244 235 235 251 270 274 256 232 216 204 196 189 182 176 173 171 170 165 140 166 175 179 166 179 197 203 208 211 213 215 217 221
144 136 142 163 247 341 505 595 537 476 428 397 335 282 240 213 207 205 197 195 196 198 204 214 228 242 254 260 257 248 249 241 222 219 225 232 239 242 241 230 231 237 239 238 234 230 227 227 230 238 249 261 269 267 256 239 222 208 198 190 184 178 169 148 171 176 183 190 184 191 207 211 211 212 212 213 214 216 220
142 147 157 218 314 584 693 628 473 399 366 340 312 303 249 248 232 219 215 212 214 217 224 237 256 265 278 282 266 263 259 246 236 241 246 249 249 244 231 223 222 222 222 221 219 218 218 220 226 233 242 250 260 269 272 264 251 237 226 220 215 212 211 210 189 185 189 220 228 238 241 234 226 221 219 219 219 219 220
