---
BL Top Uncertainty/Variability (for +1degC) [m] Valid 1900 NZST ~Z75~(0700Z)~Z~ SUN 4 Jan 2026 ~Z75~[31hrFcst@2100z]~Z~
Model= RASP Region= NZ Grid= d1 Reskm= 6.0 Indexs= 1 79 1 99 Proj= lambert 6000 6000 -35.0000 -42.0000 176.0000 -38.5000 176.0000
Day= 2026 1 4 SUN ValidLST= 1900 NZST ValidZ= 700 Fcst= 31.0 Init= 22 Param= bltopvariab Unit= m Mult= 1 Min= 20 Max= 1315
153 144 157 177 387 322 246 282 263 263 246 315 169 146 131 128 122 137 147 135 134 163 130 131 126 110 108 438 456 467 635 614 583 178 144 129 131 122 211 206 167 166 186 206 226 248 269 275 218 186 184 189 199 208 209 197 166 155 174 200 211 211 207 197 185 172 165 167 179 190 194 194 194 193 193 194 195 196 197
134 132 135 142 142 143 162 204 189 245 197 158 152 132 124 123 125 134 143 133 127 124 141 114 131 129 125 211 510 445 412 366 263 200 160 210 127 124 118 123 177 174 195 212 228 246 263 264 197 187 187 193 201 207 202 176 131 143 161 184 207 208 204 199 193 186 180 179 186 193 195 195 194 192 188 190 195 196 198
130 137 132 138 121 125 136 138 163 157 166 150 136 121 119 124 122 134 139 131 124 120 140 121 124 164 241 228 395 366 377 388 309 242 175 231 203 126 123 129 161 181 197 216 229 245 259 255 191 190 190 195 202 205 198 171 120 129 144 174 179 187 192 197 195 193 190 189 192 195 196 195 187 178 174 176 181 186 187
128 132 124 127 120 107 117 116 140 151 160 161 179 160 142 132 126 118 125 118 114 109 123 114 184 144 350 508 457 294 287 300 294 286 207 150 132 124 127 143 180 198 184 206 217 228 237 221 188 190 191 195 200 202 198 188 177 175 185 193 190 165 148 152 159 170 183 191 192 192 188 183 175 168 166 168 172 177 179
131 132 120 121 113 96 107 87 123 148 192 193 257 189 132 110 102 97 91 85 88 82 84 85 91 464 482 300 235 378 262 228 205 310 198 113 95 98 117 137 153 153 132 165 176 176 176 147 170 181 187 192 195 195 193 190 187 186 183 174 137 120 128 134 142 152 159 165 168 169 170 168 165 162 162 160 166 172 175
138 137 120 117 107 105 108 104 107 154 219 229 204 146 99 88 80 75 74 74 73 71 69 72 62 80 385 377 370 545 538 181 173 232 217 123 118 100 110 129 152 144 158 148 181 173 162 141 162 175 180 183 182 177 173 172 172 168 153 103 107 112 118 125 133 141 148 151 153 153 153 152 153 156 160 155 164 170 174
148 143 124 121 117 116 113 103 114 118 210 147 126 110 97 78 77 73 70 67 65 65 64 65 69 72 413 379 383 586 373 72 196 149 216 153 139 118 118 128 140 134 141 138 184 177 178 177 154 174 177 178 169 152 136 126 102 93 96 99 103 107 112 118 125 132 138 141 141 141 140 142 147 157 160 152 164 173 179
159 147 131 127 126 126 123 110 117 286 188 109 102 89 80 75 70 67 64 61 60 62 64 72 87 104 221 389 485 635 371 58 125 109 209 147 149 123 112 114 130 130 149 139 169 178 185 190 175 169 175 176 171 156 135 87 89 91 95 99 103 105 109 114 120 125 128 130 130 130 131 136 145 159 160 153 169 182 192
170 150 144 135 144 153 149 124 144 238 127 90 82 70 65 64 62 60 58 57 57 61 66 76 109 158 257 356 592 730 433 74 108 135 276 167 139 111 96 103 116 129 141 167 143 175 183 185 175 151 170 174 175 171 160 123 87 89 94 99 102 104 107 111 114 117 118 119 119 121 125 131 142 156 158 156 181 206 213
187 171 162 143 169 179 174 143 174 215 108 83 66 56 54 54 54 54 54 55 57 62 68 77 93 158 222 301 776 717 434 113 136 161 311 179 153 131 108 100 102 141 146 166 178 153 181 179 152 136 153 169 173 174 172 155 87 87 90 95 98 101 104 107 108 109 109 109 111 115 121 127 137 150 155 161 201 216 226
203 195 177 181 197 207 193 170 178 182 114 80 59 49 47 47 48 49 50 53 57 64 71 78 91 135 197 315 747 650 326 243 124 135 273 239 193 127 84 84 101 154 193 163 186 143 162 175 158 126 141 155 167 172 175 170 108 83 86 89 92 96 99 101 102 102 103 105 108 113 118 124 134 146 154 166 208 221 233
225 204 201 203 223 229 211 181 173 162 120 81 61 47 44 44 42 42 46 52 58 66 72 79 90 127 181 268 693 613 368 284 136 121 166 299 240 130 79 79 87 122 243 189 181 193 138 153 173 148 128 138 150 165 172 174 147 79 81 83 86 89 92 95 97 98 100 104 108 112 116 122 132 144 155 169 210 220 226
208 194 189 203 245 247 224 187 164 150 116 86 67 52 45 44 62 59 45 50 59 68 74 78 90 122 152 188 773 562 355 349 175 124 122 209 310 205 102 81 78 95 157 316 179 150 158 145 160 172 149 144 132 146 165 172 162 92 76 78 81 83 87 90 93 96 100 104 107 110 114 122 132 144 158 172 208 214 210
181 162 172 205 258 260 233 188 156 139 119 100 75 61 50 46 62 64 47 52 61 69 74 77 87 114 122 148 910 500 235 258 188 132 110 135 256 314 187 90 124 94 102 279 155 145 170 180 150 170 170 156 123 135 152 169 165 115 71 74 77 79 83 86 90 94 99 103 104 106 112 123 133 144 162 175 204 207 202
154 158 175 215 265 268 237 187 152 139 126 106 82 69 59 54 54 57 53 57 64 71 75 77 84 107 99 135 779 484 220 193 193 162 112 106 115 207 234 133 89 93 114 230 142 154 186 175 140 160 170 152 145 129 149 168 166 116 69 72 74 77 80 84 88 93 97 100 101 103 111 124 133 145 166 178 199 199 196
157 166 196 229 269 269 238 185 150 143 136 107 92 77 68 65 62 59 60 64 69 73 75 76 81 99 93 127 649 434 206 211 179 149 115 106 115 104 144 210 125 124 139 127 110 134 166 208 201 152 163 156 126 127 147 168 165 91 67 69 72 75 79 82 87 91 95 96 97 100 109 123 133 145 167 181 194 191 190
154 171 214 240 270 266 235 182 150 146 148 115 105 84 77 76 74 71 70 71 73 75 75 76 79 93 104 115 492 392 251 241 208 179 166 121 89 90 106 205 239 185 143 107 108 135 330 220 178 152 161 146 112 125 141 168 161 69 66 67 69 72 76 81 85 89 92 92 93 97 108 125 171 150 166 183 191 186 186
141 166 215 242 268 259 230 179 149 148 158 123 116 99 86 84 83 79 76 75 77 79 79 77 80 87 94 104 561 416 282 255 235 231 216 179 87 104 142 114 281 255 156 122 132 168 283 203 168 145 145 126 116 120 142 167 163 70 66 66 67 70 74 79 83 87 88 88 90 97 110 171 191 174 163 183 191 187 189
129 159 211 238 256 249 222 174 146 145 156 127 117 113 100 93 89 84 80 78 78 81 82 84 83 96 87 92 523 454 325 278 232 233 223 200 170 91 130 95 163 261 226 160 168 233 338 203 168 159 141 90 123 124 142 168 170 142 69 67 68 71 73 77 81 84 85 86 91 99 112 185 194 188 173 180 192 192 196
124 155 211 231 241 236 212 167 140 138 146 124 112 114 110 101 96 89 85 83 83 81 85 92 96 98 87 77 554 498 365 326 226 190 163 162 192 144 74 108 93 164 281 225 195 246 329 228 412 155 163 163 121 132 141 168 173 168 152 103 69 70 102 83 79 82 83 86 93 102 155 183 193 196 195 176 195 199 207
132 157 216 229 226 219 199 155 130 129 128 117 108 107 104 100 95 88 83 81 79 84 92 104 106 124 107 133 558 586 368 362 250 220 180 174 198 204 107 113 82 134 395 360 340 336 322 278 209 165 158 152 106 141 141 159 174 173 158 84 65 69 122 141 101 79 83 89 124 147 160 179 193 202 209 173 199 207 219
150 179 224 236 213 201 182 138 118 118 110 103 103 104 98 93 91 84 82 85 91 93 96 103 114 122 106 95 175 749 454 386 329 322 300 278 275 278 166 105 74 128 523 488 389 434 324 310 306 200 162 179 101 152 145 155 177 168 102 61 64 69 94 138 142 114 95 152 164 162 164 180 195 207 219 171 203 214 232
195 213 236 235 201 183 159 120 98 104 96 90 92 100 94 92 90 91 89 92 100 113 113 116 128 132 96 76 99 239 758 507 513 668 1077 679 383 385 452 121 64 202 448 539 446 456 399 377 360 224 175 158 148 121 147 169 176 119 75 72 65 71 75 77 147 162 167 176 179 175 173 185 199 210 226 203 208 222 263
210 221 248 232 197 169 139 104 84 90 88 86 90 93 98 93 98 95 104 119 128 130 142 158 139 119 88 76 62 87 226 799 900 1191 884 543 399 405 393 153 50 109 190 554 580 603 443 466 408 327 195 166 231 212 147 178 174 91 68 77 72 73 75 77 142 170 181 187 189 188 185 192 203 211 230 230 228 266 316
200 221 237 234 191 158 121 92 75 81 84 87 91 92 92 99 102 109 118 129 143 132 116 92 81 84 75 64 59 60 85 186 600 1315 584 358 434 498 248 148 48 92 146 798 270 304 303 435 444 440 283 185 203 166 154 183 177 131 74 79 73 76 88 83 139 174 186 192 194 195 196 201 206 211 232 249 267 306 338
195 209 225 226 181 146 105 80 67 75 82 87 96 102 104 102 117 120 127 127 113 115 90 72 117 74 85 64 68 58 65 89 169 843 415 268 303 522 339 124 62 85 263 339 292 209 231 239 238 484 529 216 211 221 164 185 181 163 76 75 73 85 95 84 156 178 189 192 195 197 201 208 211 210 234 264 285 311 345
199 204 221 215 169 134 93 72 64 70 76 82 95 101 103 129 117 122 116 100 104 107 84 62 50 59 85 71 61 61 60 72 146 640 252 209 213 307 275 79 56 58 240 224 246 230 210 208 246 293 567 252 239 225 124 178 176 179 137 71 78 83 87 80 167 180 188 189 193 195 200 210 213 209 234 274 291 303 333
213 210 216 205 158 117 82 68 63 65 71 85 104 118 130 118 121 115 94 81 86 77 80 64 73 65 79 62 57 57 59 60 218 609 245 219 206 185 153 103 48 77 83 237 270 241 243 241 239 286 582 342 265 202 116 160 167 180 135 82 78 76 82 98 168 176 178 182 188 190 196 207 212 208 231 278 291 292 308
225 215 211 196 145 97 74 68 64 68 91 110 115 120 121 117 113 95 80 75 68 69 79 85 73 72 83 66 56 58 68 69 349 548 238 152 126 130 115 85 40 55 77 236 254 263 255 345 225 274 277 282 337 153 132 151 157 181 149 78 85 84 118 168 169 171 168 173 180 183 190 201 208 206 226 276 287 280 283
227 214 204 187 127 84 72 70 72 93 105 111 120 112 109 118 102 84 69 78 73 63 89 76 67 76 114 77 56 61 72 79 453 683 130 100 161 112 99 92 76 68 71 226 216 349 436 280 298 324 309 310 244 201 171 151 196 178 183 118 82 97 75 168 171 169 164 165 175 177 184 195 201 201 220 268 281 271 263
222 208 196 177 105 76 72 72 88 93 95 110 112 113 110 100 92 95 91 91 93 90 84 72 62 110 99 68 60 58 77 104 574 832 147 152 144 190 147 97 82 63 238 240 225 316 429 363 346 282 348 313 229 225 205 217 208 176 189 181 133 77 116 166 168 171 169 167 175 175 180 189 194 196 215 258 274 266 254
218 202 189 166 87 72 74 84 89 86 111 142 137 102 97 89 84 103 109 102 95 90 79 65 81 156 89 69 69 67 89 173 771 720 263 191 131 99 190 138 95 188 251 249 194 219 350 470 467 369 434 745 205 168 196 207 210 183 181 185 192 187 174 169 193 177 173 176 179 177 178 183 188 193 214 250 266 262 255
216 198 183 155 78 70 76 81 80 71 64 73 60 79 58 70 79 106 100 104 85 81 77 70 109 154 107 73 67 80 125 368 733 646 583 464 272 154 134 157 119 216 105 236 161 174 282 349 385 485 456 616 201 165 161 196 186 187 186 194 203 206 72 166 172 194 172 182 184 180 177 180 184 191 213 242 258 257 255
216 195 176 143 71 70 75 70 71 64 68 86 95 52 47 60 79 100 100 123 116 84 83 95 140 159 149 109 97 113 133 353 466 441 414 440 321 194 129 128 126 124 84 185 175 234 202 288 313 382 486 370 213 185 158 170 190 204 208 212 224 202 105 74 180 203 200 189 189 181 174 178 182 191 212 237 250 252 253
213 190 169 133 67 66 67 78 73 98 110 440 296 84 52 56 81 91 111 152 157 123 126 170 188 175 171 142 121 146 350 346 215 264 214 203 302 159 149 165 161 129 129 92 84 159 232 303 278 353 423 326 448 141 214 205 205 83 151 220 224 213 184 247 212 178 183 187 195 181 170 175 181 191 211 232 243 246 248
208 183 160 125 66 59 59 63 72 101 221 405 515 149 66 64 87 87 112 151 173 180 216 269 220 193 171 128 137 227 560 686 553 262 188 223 248 259 141 143 170 157 168 85 91 137 250 260 259 272 355 353 530 598 203 180 171 119 80 85 147 208 109 227 223 170 150 239 191 181 165 172 181 191 209 227 239 241 243
201 175 151 117 64 55 65 52 60 91 206 508 172 127 95 85 94 88 114 154 183 212 298 316 233 233 169 137 176 499 855 590 312 169 187 272 430 115 228 149 142 144 104 75 117 177 244 228 200 234 261 321 568 363 187 233 218 87 112 113 244 179 131 166 186 175 516 199 190 180 162 169 182 191 207 223 234 238 249
193 167 143 108 68 62 58 53 75 87 233 534 217 138 133 106 90 92 120 160 194 248 379 352 275 295 186 172 440 774 447 261 228 238 158 217 441 452 196 153 119 97 94 78 143 223 228 225 240 218 236 278 400 640 627 701 201 177 146 145 198 182 257 269 181 177 414 667 191 182 176 192 183 192 206 228 246 248 259
185 159 136 104 66 59 53 55 69 87 187 461 233 176 135 101 89 98 126 171 223 320 456 411 337 357 254 353 745 357 246 196 201 213 232 386 514 550 322 168 83 91 93 101 185 201 190 248 276 206 239 284 316 510 237 497 628 673 201 118 286 296 207 238 212 210 814 199 193 187 202 218 182 194 206 238 254 257 265
176 151 130 100 64 55 47 57 64 87 172 195 172 163 120 96 93 108 137 181 239 348 451 407 401 417 395 592 837 190 236 205 195 339 368 405 485 619 361 218 117 84 111 238 141 190 223 324 211 291 253 353 249 298 353 444 568 674 648 896 725 224 690 711 773 748 303 185 190 190 216 237 217 193 207 243 256 260 268
167 145 125 97 64 52 39 56 59 84 143 206 229 161 134 124 117 125 150 196 258 364 414 391 515 535 641 883 287 261 326 424 306 257 283 429 629 591 404 201 133 103 97 115 124 169 198 108 193 126 261 204 267 317 341 357 350 305 717 791 797 606 402 364 449 525 607 170 183 187 210 242 235 208 206 245 257 261 269
158 138 121 96 65 52 37 54 56 75 88 206 290 220 160 146 144 144 174 243 313 350 311 330 515 515 756 942 265 415 595 524 448 259 305 633 706 559 393 157 110 82 114 91 112 127 110 116 55 84 259 252 262 342 386 382 439 326 378 584 650 508 362 348 339 284 412 208 178 179 179 242 240 200 206 247 259 263 268
150 131 117 94 64 49 37 52 56 70 81 59 355 261 199 167 177 276 225 314 440 650 619 691 979 897 828 1062 391 588 627 415 494 310 475 630 712 507 412 219 130 97 108 85 119 110 91 85 77 53 95 292 268 233 299 402 388 397 156 419 521 435 323 288 252 240 298 225 177 171 168 228 235 230 203 251 262 265 268
144 126 114 93 62 43 37 47 57 63 66 67 45 324 225 216 206 238 299 464 692 325 204 186 225 260 358 548 467 440 540 454 399 260 447 345 254 511 351 244 155 129 100 95 96 96 73 94 71 57 67 159 123 115 161 258 389 454 182 430 467 346 263 181 139 288 364 247 182 191 201 194 224 227 200 255 266 267 268
139 121 112 92 59 37 51 41 55 51 60 51 50 393 278 248 256 300 406 700 212 104 91 79 81 83 88 135 273 591 552 284 207 205 233 363 400 410 499 504 474 319 123 129 113 102 104 98 65 34 80 170 179 73 101 104 113 196 310 353 349 156 389 225 139 270 491 275 179 213 208 211 227 212 197 257 267 266 269
136 118 111 92 55 33 51 37 52 47 47 50 51 53 358 280 297 344 588 229 114 65 67 99 80 90 93 140 306 762 535 121 198 167 151 41 179 288 606 250 263 220 377 201 179 195 176 135 101 57 35 46 45 98 72 76 76 120 206 243 238 321 535 441 114 399 612 269 242 267 265 218 193 188 195 259 265 268 274
133 116 110 92 51 33 51 35 50 45 37 49 43 50 59 86 145 335 277 178 97 72 60 96 105 109 125 215 323 556 628 284 182 139 162 59 55 121 518 395 420 442 286 318 180 205 209 134 101 86 56 48 57 44 71 64 50 342 206 215 240 294 496 575 518 486 666 476 503 404 257 239 191 170 204 261 259 271 281
130 114 110 93 47 35 52 37 48 45 37 35 47 40 45 56 82 145 199 168 106 90 75 110 142 143 199 321 350 364 587 369 147 90 99 62 42 154 526 415 364 421 452 440 225 169 151 117 95 119 65 93 63 70 32 52 58 94 253 205 252 307 517 655 487 477 600 429 450 410 362 262 189 182 202 261 247 270 287
127 112 110 96 46 37 50 45 38 49 42 36 36 47 46 49 67 128 180 186 114 93 118 133 231 259 316 447 472 388 387 504 386 158 76 133 62 287 616 417 327 393 457 419 264 140 118 113 97 92 69 103 74 114 53 38 58 54 110 153 232 315 295 443 479 520 525 421 393 409 367 391 303 191 189 260 225 257 290
121 106 110 100 48 38 39 54 44 45 52 47 45 45 51 61 80 122 152 169 111 90 128 84 170 245 314 426 471 400 386 394 548 353 222 282 632 906 781 454 324 312 288 290 214 125 105 114 121 145 109 122 88 135 90 41 36 44 69 126 154 221 295 282 458 510 505 401 314 385 348 361 258 198 176 259 222 233 281
115 109 104 106 65 42 38 53 55 51 50 61 63 66 71 82 98 119 127 141 124 96 76 80 89 112 134 222 304 307 339 372 471 811 449 164 200 982 824 623 306 253 311 266 260 147 112 119 139 215 186 84 101 126 115 62 51 60 81 102 125 279 220 243 433 511 513 356 246 344 341 370 334 183 179 256 221 223 264
112 109 107 108 85 52 43 55 60 63 68 76 85 92 99 104 113 111 107 128 127 117 101 81 74 88 96 149 269 293 279 290 539 949 726 372 161 885 795 730 654 489 333 260 258 184 137 135 163 256 281 131 111 126 142 69 89 55 59 72 82 249 238 254 309 556 526 401 328 335 373 413 498 164 180 253 221 222 241
106 105 106 96 87 78 57 64 66 72 80 89 98 105 105 104 101 96 100 103 130 117 110 99 91 100 113 149 256 362 305 336 483 725 300 347 337 850 830 869 771 595 516 356 211 180 177 142 168 242 349 181 118 122 219 96 73 66 61 67 233 112 121 276 254 555 538 426 322 341 351 400 474 420 173 248 221 223 229
97 99 102 95 79 80 75 71 74 79 81 84 87 88 89 86 90 91 92 97 135 95 79 73 78 89 117 177 155 167 457 545 524 103 108 309 494 704 937 888 735 735 730 561 478 443 177 174 166 232 376 291 137 120 204 140 89 85 55 74 59 92 86 71 309 281 437 292 263 297 307 337 328 249 175 244 221 225 230
88 91 97 95 72 77 72 68 68 70 73 76 79 79 79 81 85 86 90 108 112 83 68 67 88 102 129 217 384 254 158 73 52 57 72 363 424 656 941 776 675 664 700 589 551 376 428 259 220 238 331 367 204 156 221 215 107 79 56 77 77 82 81 65 80 175 283 250 264 266 272 313 273 263 164 237 219 223 228
79 78 89 94 72 79 72 65 64 65 67 70 72 70 72 72 83 86 101 126 86 84 83 105 100 103 112 177 460 356 88 41 25 24 41 170 364 506 941 740 610 481 505 468 360 827 335 588 337 281 293 487 492 335 293 221 115 77 61 79 64 74 74 66 67 310 296 320 263 347 258 319 261 198 245 229 214 220 223
78 77 76 93 72 85 76 70 68 67 68 68 66 63 65 67 79 88 95 100 80 74 92 153 125 96 106 162 424 397 58 36 20 20 34 47 199 289 720 765 460 321 371 573 430 472 391 983 561 579 417 861 655 409 299 208 116 81 74 83 69 66 71 71 56 80 266 288 324 376 241 274 229 184 262 219 207 214 218
78 77 74 90 73 90 84 77 74 73 73 71 67 61 60 66 74 83 89 89 69 72 86 90 93 87 113 206 400 500 74 41 303 117 54 51 87 175 445 622 363 230 218 392 628 433 407 491 1018 1028 608 684 487 294 229 143 102 85 93 91 59 60 71 96 68 51 58 292 309 336 282 245 214 240 242 208 200 209 214
78 77 75 85 77 71 85 85 82 79 78 75 72 66 64 69 79 88 88 81 60 79 90 67 81 81 102 291 353 585 341 107 55 697 62 75 97 235 288 207 162 214 278 408 459 472 639 711 539 702 646 400 304 225 189 223 107 92 102 103 76 73 83 90 74 48 42 81 125 311 213 254 236 192 203 203 194 205 211
79 79 76 78 81 69 65 64 75 83 84 82 79 75 73 78 87 86 79 73 55 76 66 77 74 77 126 323 81 327 324 240 50 426 41 61 78 274 245 200 211 226 243 122 652 607 581 697 594 540 307 287 214 206 198 164 145 121 137 150 96 82 99 69 71 43 40 52 74 97 152 273 261 203 201 203 190 204 212
80 81 79 72 85 73 64 61 61 84 90 90 89 86 84 87 85 77 69 65 54 72 75 73 67 84 107 181 232 191 221 219 86 276 189 67 209 290 225 236 297 130 200 402 802 752 635 627 583 360 252 236 218 183 150 134 114 121 143 141 125 106 74 76 81 56 38 41 63 81 232 308 312 223 161 216 209 206 215
82 84 83 74 88 77 66 62 64 75 91 93 95 97 93 87 79 69 59 60 63 72 66 80 94 100 101 137 306 314 95 129 207 319 322 93 275 183 238 282 427 364 311 560 921 858 693 444 534 233 245 209 180 145 131 129 135 148 162 184 247 250 132 98 70 110 72 43 68 65 362 154 241 225 162 232 232 210 218
84 87 88 79 92 82 69 67 71 77 80 75 71 95 93 84 76 64 56 62 73 70 90 123 138 132 125 191 550 456 112 48 117 181 218 195 224 256 252 301 312 551 527 744 964 963 638 239 206 215 212 177 151 132 129 135 142 159 187 242 304 475 598 259 628 143 74 82 54 97 103 101 214 194 161 174 257 213 218
87 90 92 85 96 88 80 81 89 92 87 79 73 69 83 81 74 64 58 66 74 82 111 136 141 146 156 251 538 49 31 96 94 105 189 263 191 201 237 275 429 673 743 828 854 861 613 260 179 220 172 147 134 132 132 138 151 177 217 327 515 672 689 748 1016 609 143 69 59 76 78 85 121 179 143 168 294 223 214
89 93 96 90 101 99 99 102 104 97 88 83 78 69 61 80 74 66 61 71 79 98 112 140 141 133 149 256 440 221 35 162 140 96 222 299 130 162 162 206 504 518 583 681 730 783 552 232 164 180 140 136 132 133 134 141 155 180 245 444 695 765 690 699 663 588 148 65 72 66 77 81 91 133 139 171 295 218 203
93 96 100 95 103 110 119 118 109 96 89 87 82 70 59 81 75 69 68 79 88 99 108 122 123 128 153 264 454 354 145 166 179 162 290 352 141 115 132 157 370 523 579 651 673 749 526 205 156 152 134 134 131 134 139 146 157 193 306 647 725 627 490 556 712 392 125 86 48 87 69 80 92 111 216 307 217 198 188
96 99 102 99 86 110 135 124 104 93 90 88 82 66 65 83 77 73 78 86 99 92 101 110 114 125 174 304 494 574 171 81 77 148 409 306 320 157 164 218 503 488 546 598 630 691 506 188 152 144 127 126 130 134 139 149 172 224 443 762 670 407 335 383 515 262 125 97 87 65 58 89 104 218 195 212 196 180 171
98 100 103 101 88 109 133 111 97 92 90 84 73 61 78 83 79 80 86 88 100 100 99 103 114 130 212 322 602 402 96 66 74 181 416 333 282 364 356 297 439 508 547 571 566 546 479 201 153 141 126 128 129 141 156 166 191 305 687 781 626 447 343 404 461 248 172 142 96 63 86 113 153 141 177 192 182 170 158
100 101 103 102 95 114 101 95 95 88 80 72 65 65 85 85 83 85 89 93 102 98 90 99 117 147 311 566 697 340 141 185 166 154 400 336 316 428 326 384 470 525 550 554 444 376 453 217 160 142 132 136 144 156 164 182 237 428 805 767 648 551 346 379 428 327 222 185 120 86 86 90 117 132 164 181 170 161 149
101 101 102 101 102 108 100 98 85 72 66 66 68 77 88 87 86 87 90 93 106 95 80 98 140 295 605 813 797 312 48 323 255 232 642 563 526 555 463 408 467 519 556 562 530 326 449 229 173 148 140 155 165 174 185 215 316 665 842 668 644 602 383 346 340 295 199 185 122 102 91 105 110 129 154 174 161 154 142
102 101 101 98 93 100 99 85 69 66 68 71 80 87 86 86 87 88 91 92 102 104 96 112 368 638 657 702 802 143 490 431 461 539 834 578 470 475 375 384 434 491 554 588 616 367 462 249 167 144 142 163 189 206 239 299 448 818 741 628 585 588 501 440 333 237 177 158 115 98 103 101 114 128 149 169 154 149 138
102 101 101 95 91 95 85 82 84 85 85 86 85 84 84 85 87 89 91 87 102 120 145 340 290 138 161 166 371 684 605 556 679 790 723 458 283 280 371 376 407 464 530 588 622 377 467 252 171 143 150 174 235 270 304 372 689 807 600 567 559 591 564 460 325 216 164 131 109 103 106 112 114 127 146 165 150 146 137
103 102 100 93 94 83 88 88 83 81 81 81 81 82 84 86 87 88 77 83 96 117 179 304 79 75 198 300 324 325 298 378 401 601 846 267 295 296 268 332 411 457 499 551 514 358 450 259 202 164 190 250 308 364 427 552 800 688 535 548 571 554 506 421 256 175 140 117 110 113 112 106 114 128 146 162 148 145 137
104 102 100 91 89 82 89 81 76 75 76 78 80 83 86 86 83 79 75 75 93 136 251 117 69 100 166 266 444 206 290 356 397 442 742 322 352 347 219 327 426 462 478 474 472 316 408 281 241 212 251 373 474 535 609 769 749 549 517 530 534 487 415 341 206 155 130 116 114 112 99 95 114 127 139 159 150 143 144
104 101 99 103 87 93 85 77 74 73 74 77 81 85 86 80 87 93 78 73 100 140 245 145 130 213 212 208 304 171 232 471 567 582 757 397 396 354 290 313 398 442 448 423 401 275 368 272 276 284 374 477 569 630 709 736 593 518 549 533 483 418 343 287 185 146 128 119 115 106 88 93 102 125 144 149 152 136 157
105 101 99 110 101 92 83 77 74 74 77 80 84 87 83 86 96 92 77 72 94 161 227 203 166 250 266 272 291 260 261 384 565 591 763 413 377 323 294 323 355 392 374 329 347 238 316 284 302 365 445 504 545 608 632 509 504 532 532 508 419 361 301 252 172 140 126 118 110 91 94 98 107 124 155 156 151 144 169
106 102 100 115 105 91 83 78 76 77 79 83 86 87 87 92 93 90 80 115 149 166 300 441 91 282 339 410 376 336 437 489 496 613 506 352 368 331 247 333 346 350 308 282 321 217 273 308 314 366 396 386 413 372 357 477 533 487 497 451 386 322 280 217 162 133 121 112 98 93 100 109 125 142 161 165 137 158 174
109 104 110 119 89 85 82 77 76 77 80 85 90 88 90 91 94 79 84 118 145 249 391 437 85 366 277 507 410 325 475 696 754 446 358 415 326 252 250 339 315 292 271 277 312 298 249 319 330 295 283 298 320 328 402 492 458 451 465 422 363 301 248 192 148 124 106 93 95 101 110 124 137 149 163 168 147 165 180
125 122 123 121 78 83 80 75 74 75 81 90 92 94 92 101 88 85 100 218 219 346 448 270 418 452 721 599 565 790 923 921 425 337 411 418 281 216 264 310 285 268 263 269 295 305 236 263 281 261 260 293 321 338 462 426 382 400 456 404 346 290 215 170 133 102 95 96 102 111 122 133 142 151 153 169 160 171 188
136 133 133 123 67 86 78 73 71 74 85 95 96 97 90 101 91 134 252 495 568 630 813 266 171 277 698 838 604 857 871 351 273 316 361 348 278 208 272 287 258 243 241 239 280 276 212 227 244 253 279 310 328 436 413 348 346 372 422 387 335 270 192 151 105 102 104 104 111 120 128 137 144 151 154 169 170 179 198
141 140 139 127 92 86 76 70 70 77 90 96 97 97 89 96 119 319 683 779 308 239 135 121 173 264 237 468 539 564 471 275 278 288 226 223 232 246 254 251 230 230 231 249 290 260 211 212 235 269 296 301 394 405 327 301 275 393 394 376 318 228 176 121 109 112 113 113 118 125 131 138 143 145 160 170 178 188 207
144 143 142 131 99 85 75 70 72 82 95 101 96 92 84 101 175 334 851 756 662 247 169 181 187 230 195 328 497 541 419 261 283 280 309 306 282 246 242 252 263 273 281 288 312 302 216 223 254 280 275 315 369 332 302 245 269 394 392 371 280 202 160 123 120 118 117 119 123 128 133 138 141 141 164 172 185 197 223
145 144 143 134 99 84 75 73 77 88 100 101 91 96 99 121 221 575 675 321 314 163 172 209 210 226 305 413 586 618 452 256 279 249 178 267 263 249 263 292 332 360 376 360 344 335 254 227 254 271 270 338 326 314 237 230 320 415 412 356 237 184 137 126 121 119 119 122 126 129 133 137 131 150 166 174 190 204 234
145 144 144 142 96 82 77 77 82 92 102 105 103 94 110 187 341 823 470 155 130 160 220 241 227 315 414 558 596 518 351 253 263 198 177 207 219 247 270 302 343 378 401 407 395 360 273 227 213 257 313 312 286 232 222 234 341 428 436 309 197 169 129 123 120 119 120 123 126 129 133 137 132 154 168 180 200 212 238
145 145 145 146 94 81 80 81 88 98 102 98 94 87 137 163 651 736 171 143 146 188 233 224 268 343 468 539 539 357 209 211 223 186 208 225 232 247 266 292 314 327 346 363 358 313 250 212 140 268 289 234 216 218 229 255 371 423 433 238 172 151 122 120 120 119 117 121 125 129 134 133 143 155 170 184 209 222 238
146 146 147 148 93 83 83 87 96 101 98 91 79 100 120 198 796 662 143 137 156 193 242 231 292 378 473 533 532 187 174 159 206 231 260 270 255 260 268 274 290 305 289 290 264 260 217 160 194 240 231 217 215 224 248 295 386 409 402 190 156 132 119 119 119 115 113 118 123 128 135 128 146 157 172 180 210 226 236
147 148 149 149 94 89 86 88 98 105 96 75 101 216 141 222 920 352 148 137 183 233 242 249 276 313 345 384 236 154 163 147 190 220 251 277 272 260 252 265 287 280 274 244 237 206 175 155 212 214 224 232 216 237 265 316 387 397 234 163 144 112 119 119 115 110 110 111 116 123 121 139 148 158 174 184 212 225 231
149 151 152 147 92 94 94 101 113 114 105 100 142 225 258 840 815 364 159 162 201 248 233 220 247 285 283 189 154 145 150 153 174 205 244 272 281 279 266 247 259 269 250 230 192 189 113 114 186 212 226 217 195 194 284 351 386 376 186 150 135 112 120 115 110 107 100 96 107 120 134 143 149 160 175 179 215 222 227
152 154 158 144 92 100 105 105 106 101 125 465 681 779 724 723 714 472 166 145 192 265 240 223 228 235 129 122 118 131 135 155 198 202 247 263 284 298 275 245 261 268 240 225 191 179 124 116 128 225 198 157 166 240 302 358 379 213 161 139 110 120 118 112 111 106 97 108 123 136 142 146 152 163 173 173 211 219 223
156 158 164 141 93 102 101 101 110 124 192 513 604 715 790 761 571 266 153 135 214 289 267 239 176 127 120 121 125 129 151 171 180 205 235 255 277 301 272 257 266 241 237 188 182 158 107 183 241 226 200 160 210 259 316 357 347 167 136 115 119 120 115 113 110 97 111 126 138 143 145 149 157 168 177 182 205 220 220
161 164 169 135 89 96 99 115 146 299 576 657 719 699 560 389 308 190 169 201 275 309 277 186 127 119 126 126 116 154 147 159 193 214 238 258 281 293 265 265 267 245 232 179 171 176 191 228 227 210 203 194 230 278 311 319 245 128 115 124 122 118 116 114 104 112 130 139 143 144 148 153 163 176 188 200 213 219 218
172 175 170 125 83 95 105 143 289 492 657 666 523 382 342 272 199 188 230 287 296 290 184 152 140 145 138 151 133 119 119 133 212 203 234 248 275 276 260 268 265 247 193 164 170 194 217 219 200 204 196 221 268 284 298 261 173 140 132 126 120 117 113 101 114 132 141 143 144 146 151 160 171 184 197 210 216 218 218
183 177 164 123 92 104 131 200 458 424 449 479 475 377 247 197 190 240 306 308 271 235 235 251 268 249 203 167 163 130 130 145 202 194 217 227 245 228 244 267 280 257 210 170 186 210 211 193 201 208 221 253 272 276 252 192 157 139 127 120 118 116 106 117 135 142 143 142 144 148 155 165 177 189 201 211 215 216 218
183 169 153 125 102 105 144 563 360 407 448 426 369 213 165 163 207 300 342 365 341 343 331 286 230 295 204 190 179 155 136 148 194 191 214 233 219 221 216 252 282 250 171 167 190 199 180 185 192 198 222 258 276 278 231 177 150 134 126 126 127 117 127 139 144 144 143 144 147 153 161 171 181 191 201 209 212 214 218
178 159 151 133 99 110 439 524 424 465 475 376 207 154 138 150 182 218 215 236 260 261 261 222 296 347 326 236 193 175 203 182 193 190 184 190 203 211 252 282 261 199 151 176 179 182 177 181 191 217 253 247 229 189 155 137 127 123 125 128 127 117 125 133 136 136 137 139 144 151 159 169 178 188 199 207 209 212 217
173 153 149 140 142 207 491 578 544 513 442 297 226 188 179 196 210 251 223 222 218 205 222 242 249 251 245 236 244 259 274 288 296 301 293 289 295 290 298 292 269 250 232 229 201 200 199 199 209 230 257 259 236 188 163 148 140 137 130 135 143 147 147 147 147 147 149 153 159 165 172 178 184 192 200 205 207 210 217
163 149 150 158 185 338 469 566 563 494 385 278 236 194 180 200 263 258 222 205 197 199 202 213 223 224 229 242 255 266 264 261 253 239 251 230 236 242 250 254 254 248 238 217 214 213 212 213 222 235 248 254 250 234 218 202 191 182 174 166 160 156 154 156 160 164 169 175 182 188 190 192 195 200 204 206 208 211 218
157 148 155 171 197 342 434 515 505 412 317 272 229 210 225 230 288 285 236 208 202 203 205 221 235 241 245 260 272 276 265 258 235 212 210 208 211 217 222 223 220 212 211 212 212 212 214 218 227 238 249 259 265 262 250 228 205 185 172 163 158 156 154 152 147 167 176 186 195 201 203 202 203 206 208 209 210 213 221
154 158 167 187 159 431 546 503 427 346 305 271 246 327 353 390 353 212 297 233 216 216 219 244 265 274 276 287 296 286 280 268 240 232 225 221 223 227 226 220 208 202 206 210 211 212 213 217 226 238 250 258 267 274 272 255 231 209 195 190 189 191 193 197 201 206 211 213 216 223 231 230 226 224 224 223 223 223 224
