---
BL Avg Wind Direction [deg] Valid 1700 NZST ~Z75~(0500Z)~Z~ SUN 4 Jan 2026 ~Z75~[29hrFcst@2100z]~Z~
Model= RASP Region= NZ Grid= d1 Reskm= 6.0 Indexs= 1 79 1 99 Proj= lambert 6000 6000 -35.0000 -42.0000 176.0000 -38.5000 176.0000
Day= 2026 1 4 SUN ValidLST= 1700 NZST ValidZ= 500 Fcst= 29.0 Init= 22 Param= blwind Direction Unit= m/sec Mult= 1 Min= 0 Max= 360
11 6 358 345 332 334 334 337 337 338 333 334 260 183 173 171 172 176 180 184 189 193 196 189 184 124 93 92 85 83 99 96 87 79 88 87 84 81 78 77 80 81 84 86 90 93 97 99 102 104 106 107 109 110 112 113 115 117 120 122 125 127 130 132 134 135 136 137 137 138 138 138 138 138 138 138 139 139 140
1 357 353 342 330 327 326 328 328 328 319 313 285 201 176 172 174 178 183 187 193 199 204 213 219 216 148 90 92 97 105 96 91 87 85 86 86 84 83 84 87 86 87 89 93 97 100 103 105 107 109 110 111 113 114 116 118 120 123 126 128 131 133 135 137 138 139 140 140 140 140 140 140 139 139 139 140 140 140
356 354 351 345 335 328 324 321 319 316 311 301 272 202 172 172 175 180 185 190 196 203 211 222 240 271 305 355 78 98 98 86 77 75 78 80 83 84 85 87 88 87 88 91 95 99 103 106 108 110 111 112 113 114 116 118 120 123 125 128 131 133 135 137 139 140 141 142 142 142 142 141 141 140 140 140 140 140 141
351 350 348 342 329 320 316 315 309 304 295 274 223 179 169 171 176 181 186 192 199 206 215 229 252 293 313 328 355 66 82 66 57 58 64 70 74 77 80 84 85 83 84 89 94 100 104 107 110 112 113 114 114 116 117 120 122 125 128 131 133 135 137 139 141 142 143 143 143 143 143 142 142 141 140 140 140 141 142
347 346 344 335 320 314 312 311 301 295 278 159 152 156 164 170 175 181 187 193 200 207 216 231 249 282 301 317 330 352 47 50 45 49 56 64 70 74 78 80 82 81 81 87 93 99 104 107 110 112 113 113 114 116 118 120 123 126 129 132 134 136 138 140 141 142 143 143 143 143 143 142 141 141 140 140 141 141 142
341 342 341 333 323 322 325 326 310 314 107 128 140 151 160 168 174 180 186 193 199 207 214 224 235 242 271 288 307 326 35 60 54 55 61 68 75 79 83 84 85 84 84 87 93 98 103 107 110 112 113 114 115 116 118 121 124 126 129 131 134 136 137 139 140 141 142 142 143 142 142 141 141 140 140 140 141 142 143
336 337 337 330 322 324 331 338 323 125 118 130 140 150 159 166 173 180 186 193 199 206 212 219 228 231 251 266 303 333 26 69 51 48 58 66 76 81 85 86 85 86 87 88 93 98 103 107 110 112 113 114 116 118 120 122 124 127 129 131 133 135 137 138 139 140 141 142 142 142 141 141 141 141 141 140 142 142 143
330 331 332 328 323 330 348 22 63 100 124 133 142 150 159 166 173 180 187 193 199 205 211 216 223 226 232 243 278 10 47 83 63 54 63 69 77 84 88 88 88 88 90 90 93 98 102 106 109 111 113 115 117 120 121 123 125 127 129 131 133 135 136 138 139 140 140 141 141 141 141 141 141 141 141 141 142 143 144
324 326 328 325 324 334 360 48 87 111 126 135 143 151 159 167 174 181 187 193 198 204 209 214 220 223 225 228 212 12 59 88 80 64 71 78 83 87 90 90 90 92 95 95 94 98 102 106 109 112 114 116 119 121 123 125 127 128 130 132 134 135 136 138 139 139 140 141 141 141 141 141 142 142 142 141 142 143 144
316 320 323 323 326 341 23 71 100 117 129 137 145 152 160 168 175 181 187 193 198 203 207 211 216 220 221 225 214 52 67 88 93 84 83 87 89 90 91 89 89 94 97 98 98 99 103 106 110 113 115 118 120 122 124 126 128 130 131 133 134 136 137 138 139 139 140 140 141 141 141 142 142 143 142 142 143 144 145
309 313 317 321 328 348 46 91 111 123 132 139 146 154 161 169 175 182 187 192 197 202 205 209 213 217 219 220 211 72 70 87 96 95 91 90 92 91 90 89 89 93 97 100 102 102 104 108 111 114 117 119 122 124 125 127 129 131 132 134 135 136 137 138 139 140 140 141 141 141 142 142 143 143 143 142 143 144 145
302 306 311 318 331 358 78 108 120 128 135 142 149 156 163 170 176 182 187 191 196 200 204 207 210 213 215 214 196 74 77 86 96 98 94 91 91 91 91 92 92 94 99 103 107 106 106 109 113 116 119 121 123 125 127 129 130 132 134 135 136 137 138 139 139 140 140 141 141 142 142 143 143 144 143 143 144 145 146
294 298 303 310 329 14 109 121 128 134 139 145 151 158 165 171 177 182 187 191 195 199 202 205 207 210 211 211 214 109 81 87 91 97 95 92 89 90 92 95 95 96 102 106 108 108 111 112 115 118 121 123 125 127 129 130 132 133 135 136 137 137 138 139 140 140 141 141 142 143 143 143 144 144 144 143 145 145 147
285 288 290 293 314 149 134 132 135 139 143 149 154 160 166 172 178 182 187 190 194 198 200 203 205 208 208 208 208 103 86 89 90 93 95 93 89 86 88 94 98 102 105 107 104 108 113 115 117 121 122 124 126 128 130 131 133 134 136 137 137 138 139 140 140 141 142 142 143 143 144 144 144 145 144 144 145 146 148
274 275 270 255 244 176 150 142 141 144 148 152 157 162 168 174 179 183 187 190 193 196 199 201 203 205 206 206 202 100 91 93 92 93 94 94 89 84 84 90 99 106 110 107 103 109 113 116 121 122 123 125 127 129 131 132 134 135 137 137 138 139 140 141 141 142 143 143 144 144 144 145 145 146 145 145 146 147 149
261 258 246 219 202 182 162 150 147 148 152 156 160 165 170 176 180 184 187 190 193 195 197 199 201 203 204 203 200 107 97 97 96 97 96 96 91 85 82 87 95 104 107 104 104 108 114 118 120 122 124 126 128 130 132 133 135 136 137 138 139 140 141 141 142 143 144 144 145 145 145 146 146 147 146 146 147 149 151
247 240 224 201 192 184 169 157 152 153 156 159 163 167 172 177 181 185 188 190 192 194 196 198 199 200 201 200 197 113 102 102 100 101 98 97 92 86 83 84 91 98 102 102 104 110 116 119 120 122 124 127 129 131 133 134 135 137 138 139 140 141 142 142 143 144 145 145 146 146 146 147 147 147 147 147 148 150 152
232 223 209 192 187 185 173 162 157 157 160 163 166 170 174 179 183 186 188 190 192 193 195 196 197 198 199 196 188 119 107 105 103 103 98 93 92 91 89 86 85 88 95 98 105 114 120 121 121 122 124 127 131 133 135 135 136 138 140 140 141 142 143 144 144 145 146 146 147 147 147 148 148 148 148 148 150 151 153
217 209 198 187 185 184 175 166 161 161 163 166 168 172 176 181 184 187 189 191 192 193 194 196 196 196 197 192 182 124 112 110 106 102 96 91 91 95 94 87 80 78 88 98 109 118 125 125 124 124 125 130 134 136 137 137 138 140 142 142 142 143 144 145 145 146 147 147 148 148 149 149 149 149 149 149 151 152 154
205 198 190 184 184 184 177 169 165 165 166 168 170 174 178 182 185 187 189 191 193 194 195 196 196 196 195 191 180 129 116 116 108 104 97 95 92 91 91 84 76 75 79 97 113 123 130 129 130 127 128 131 136 138 139 139 140 141 143 143 144 145 145 146 147 147 148 148 148 149 150 150 150 150 150 150 152 153 156
195 190 185 182 184 184 178 172 168 168 169 170 172 175 179 182 185 188 190 192 193 195 196 196 197 196 193 193 187 135 120 121 111 106 101 100 92 81 80 77 72 70 78 95 111 125 130 129 129 129 128 131 137 139 140 141 141 142 143 144 144 145 146 147 148 148 148 148 149 150 151 151 151 151 151 151 153 154 157
188 184 181 181 184 184 179 174 170 170 171 171 173 175 179 182 185 188 190 192 193 194 196 197 197 197 194 197 194 142 125 127 116 109 102 98 85 70 63 67 70 70 79 95 109 121 127 129 132 127 126 128 137 140 140 141 142 142 143 144 145 146 147 147 148 149 149 149 150 151 151 151 152 152 151 152 154 155 158
183 180 178 180 185 184 179 174 171 171 171 172 173 176 179 182 184 186 188 191 193 194 195 196 196 194 197 201 202 156 130 132 122 115 100 87 65 54 45 57 69 70 83 96 109 120 122 123 127 126 124 127 137 140 141 142 142 142 143 144 145 146 147 148 149 149 149 149 150 151 152 152 152 153 152 152 154 156 158
179 177 176 180 185 184 179 174 171 171 171 172 173 175 178 180 182 185 187 188 189 192 196 199 200 201 201 203 205 178 144 141 129 123 103 70 34 31 28 45 70 73 83 92 108 113 116 120 125 126 125 129 136 141 142 142 142 142 142 144 145 146 147 148 149 149 149 149 150 152 152 152 153 153 153 153 155 157 159
176 175 175 180 185 182 177 173 171 170 170 171 172 174 176 178 179 180 182 185 188 187 190 196 204 207 205 204 206 190 161 156 142 137 102 47 21 33 37 51 74 78 84 90 100 111 112 117 125 131 129 131 135 141 143 143 142 142 142 144 145 146 147 148 148 149 149 149 151 152 153 153 154 154 154 154 156 157 159
174 173 174 180 184 180 175 171 169 169 169 169 170 171 173 174 174 175 174 179 185 184 184 189 199 204 203 204 207 196 172 166 153 147 87 32 34 43 50 64 83 86 85 84 93 102 106 117 123 132 135 131 135 140 142 143 142 142 142 144 145 146 147 148 149 149 149 150 151 153 153 154 154 155 155 155 156 158 160
172 172 173 180 183 178 173 169 167 167 167 166 167 169 170 170 171 171 171 176 183 184 184 187 189 195 197 199 203 190 173 166 153 142 74 40 45 49 56 73 91 95 86 79 80 83 92 106 116 123 126 131 133 138 141 142 142 141 142 143 145 147 148 149 149 150 149 150 152 153 154 154 155 156 156 156 157 159 161
171 171 172 179 181 175 170 167 165 164 165 165 165 166 167 170 171 172 172 175 180 183 187 187 184 186 190 192 196 179 171 162 148 137 77 52 52 55 61 78 94 97 87 74 71 77 80 92 107 116 123 130 133 135 138 139 140 141 141 143 145 147 148 149 150 150 150 150 152 154 155 155 156 157 157 156 158 160 162
170 170 171 177 178 172 167 164 162 162 161 160 162 166 170 173 175 174 174 173 176 181 186 185 179 182 186 188 189 171 167 157 145 131 86 63 60 63 69 80 89 93 90 79 66 62 74 80 93 105 117 125 126 130 134 136 138 140 141 142 144 146 149 150 151 150 150 151 153 155 155 156 157 158 158 157 159 161 163
169 169 171 175 175 169 164 162 160 157 156 159 161 168 176 182 182 179 175 174 175 178 181 180 175 176 180 184 178 167 164 155 148 134 91 66 65 66 72 80 86 89 90 81 71 64 70 76 82 91 102 112 120 126 130 134 137 139 141 143 144 146 149 152 152 151 150 152 154 155 156 157 158 159 158 158 161 163 165
169 169 170 173 172 167 163 160 157 155 151 157 164 174 184 190 190 182 177 174 174 175 177 177 171 171 174 178 168 164 162 155 152 139 93 75 73 74 78 83 86 88 88 83 75 66 65 71 76 82 89 101 115 124 128 132 136 139 141 143 145 147 149 153 154 152 150 152 155 156 157 158 159 160 159 159 162 164 166
169 169 170 172 170 167 163 160 157 152 148 153 169 183 192 195 194 184 179 175 173 173 175 174 170 170 171 172 164 160 156 155 155 143 96 82 79 79 83 86 89 92 92 88 76 68 69 74 79 85 90 102 115 122 127 132 136 139 142 144 146 148 150 153 155 153 151 153 156 157 159 160 160 160 160 160 163 164 166
170 170 170 171 170 167 164 162 158 148 138 141 176 194 196 197 193 186 181 176 172 172 173 170 170 173 173 168 161 157 154 153 157 151 107 80 82 84 89 94 96 100 101 96 85 77 78 80 84 88 95 105 115 122 128 133 137 140 143 145 147 149 151 154 156 155 152 154 157 158 160 161 161 161 160 161 163 165 167
171 170 170 170 170 168 167 166 160 150 140 148 186 195 194 194 191 186 182 177 173 172 172 168 169 173 176 168 160 157 156 156 163 169 133 62 79 85 96 101 103 108 113 109 99 94 94 91 92 95 102 110 118 124 129 134 138 141 144 145 147 150 153 156 157 156 154 155 157 159 162 162 162 162 161 161 164 165 167
171 171 171 171 171 170 170 170 166 159 147 182 186 186 186 187 187 184 182 180 176 174 172 167 168 173 177 172 167 166 166 167 173 172 71 50 64 82 106 105 105 113 126 128 118 112 110 109 107 107 112 119 124 129 134 136 139 142 145 146 148 151 154 158 158 157 156 158 159 161 163 163 163 163 162 162 164 166 167
172 172 172 172 172 173 176 179 176 169 19 317 176 172 176 180 182 181 180 179 176 174 172 170 170 174 177 175 175 175 172 183 180 123 78 45 31 79 122 111 103 107 124 127 132 121 124 120 115 115 116 121 126 132 136 138 141 144 147 148 149 151 154 158 159 159 159 160 161 162 164 165 165 164 163 163 165 166 168
174 173 174 174 175 177 182 187 185 182 352 2 156 161 168 174 178 178 178 178 175 174 173 172 174 178 179 177 174 177 186 56 49 52 66 33 357 335 116 101 95 94 104 115 122 123 125 119 116 115 115 120 125 131 136 140 141 144 148 150 149 151 154 158 161 163 162 162 163 164 166 166 166 165 164 164 165 167 168
175 175 175 176 177 180 185 191 200 210 347 68 147 155 164 170 174 175 176 175 174 174 174 175 178 182 182 177 170 174 61 76 67 25 20 28 3 356 51 99 120 108 110 115 121 121 116 111 110 110 113 118 126 135 142 142 141 146 151 152 152 151 155 160 163 166 166 166 165 166 167 167 167 166 165 165 166 167 169
177 176 177 178 180 183 188 194 203 215 271 115 146 153 163 169 172 173 174 172 172 173 174 178 182 184 184 178 174 154 76 80 83 68 16 13 6 4 16 122 125 120 119 123 126 116 112 107 104 103 111 120 130 139 144 144 146 150 152 154 153 151 154 160 166 171 170 168 168 168 168 168 168 167 166 166 167 168 170
178 178 178 180 182 185 190 196 205 213 229 253 150 157 166 170 171 171 172 171 171 172 176 181 185 186 188 184 180 86 80 82 83 72 33 15 10 22 46 114 125 124 126 129 128 117 114 110 108 106 114 125 134 141 145 146 151 151 153 157 158 158 159 164 171 177 175 170 169 169 170 170 169 168 167 167 168 169 170
179 179 180 181 183 186 191 197 206 213 221 234 204 166 171 176 178 172 170 169 167 169 173 179 183 187 194 193 173 89 86 85 78 66 44 8 0 30 69 99 126 130 130 129 128 126 124 124 119 116 124 132 137 141 144 147 149 149 155 162 165 165 165 169 174 182 178 172 170 170 171 171 170 168 167 168 169 170 171
180 180 181 182 184 187 191 198 207 216 221 226 233 219 187 184 185 173 171 170 171 172 175 179 183 190 197 200 200 187 234 79 69 60 50 358 321 32 95 97 114 122 124 126 130 135 135 136 129 127 131 134 136 139 143 147 152 152 160 167 170 170 170 171 176 183 178 172 170 171 172 172 171 169 168 168 170 170 171
181 181 182 183 184 186 191 197 206 213 221 225 230 237 225 204 197 191 170 167 164 166 164 166 176 189 200 208 214 230 248 258 283 54 52 14 306 296 140 108 112 119 124 130 139 144 146 145 139 136 137 136 138 140 143 145 150 157 165 171 175 175 175 176 180 183 174 172 171 171 172 173 172 170 169 169 171 171 172
182 182 183 183 184 186 190 196 204 211 218 223 226 231 235 224 216 213 208 165 186 257 258 233 211 208 202 270 225 236 269 255 247 55 51 357 281 273 219 159 121 126 130 138 148 153 154 154 148 144 142 142 144 145 146 144 153 164 171 174 179 181 180 178 183 180 168 170 171 172 172 173 173 171 170 170 171 172 172
183 183 184 184 185 187 190 196 202 209 215 221 224 228 232 235 239 226 246 284 305 302 296 285 280 256 261 258 241 287 309 268 226 107 96 214 249 256 224 155 130 125 129 138 150 155 157 157 150 145 144 145 146 145 146 145 155 168 174 176 182 186 185 180 182 175 163 169 171 172 173 174 174 172 171 171 172 173 173
185 185 185 185 187 189 191 196 202 209 215 220 225 229 232 235 241 244 280 293 300 297 289 279 277 262 292 288 261 340 333 301 282 130 135 186 199 141 100 115 135 133 130 136 146 149 148 145 141 140 141 144 146 144 143 149 159 167 172 176 181 185 186 182 178 164 157 165 171 173 174 174 174 173 172 172 173 174 174
186 186 186 187 189 191 193 198 203 209 215 221 226 231 236 240 247 261 291 295 297 292 285 278 275 268 294 292 311 336 342 310 296 308 92 79 75 84 95 106 130 147 136 126 135 131 125 131 133 136 139 143 147 147 146 148 155 164 170 175 178 181 182 179 172 151 152 165 170 173 175 176 175 174 173 173 174 174 175
187 187 188 190 193 194 196 201 206 212 217 223 228 234 240 247 258 275 286 298 296 289 281 274 271 270 279 294 350 346 343 324 307 323 350 20 42 57 85 110 171 215 216 70 101 110 112 125 132 138 139 143 150 152 147 144 148 159 168 171 172 175 176 176 152 145 152 164 169 172 175 177 176 175 174 174 175 175 176
188 189 190 194 198 198 200 205 210 215 221 226 232 238 245 254 264 273 279 287 289 283 278 267 260 271 304 9 359 352 345 333 320 317 341 5 35 61 107 147 182 200 114 67 95 108 115 125 136 141 142 144 152 157 149 143 147 158 164 165 164 166 170 158 141 147 155 164 169 172 174 176 178 177 175 175 176 176 177
189 190 192 198 204 204 206 210 216 220 225 230 235 241 249 257 264 268 272 277 277 268 267 259 249 303 10 8 6 352 339 324 316 309 326 329 99 130 155 174 175 144 107 106 110 112 120 130 141 147 145 145 153 159 153 145 148 154 156 156 157 158 158 136 138 148 158 164 169 171 174 176 179 178 176 176 177 177 177
189 191 194 201 208 211 213 216 220 225 229 233 238 244 251 257 262 265 268 268 261 255 261 268 263 296 312 16 36 34 336 301 297 290 273 240 176 155 163 168 163 128 124 122 122 124 127 134 145 152 149 145 153 160 159 148 144 147 150 151 152 150 137 127 142 151 159 164 168 170 173 176 178 179 177 177 177 177 178
189 192 195 203 211 215 218 221 225 228 232 236 241 246 252 257 260 263 265 261 254 254 266 278 286 278 287 111 116 139 164 243 258 253 245 231 192 170 169 172 156 149 139 134 133 135 132 138 148 156 156 151 155 164 163 153 143 146 149 148 148 140 130 135 146 153 159 164 168 169 172 175 177 179 178 177 178 178 178
189 192 196 204 213 217 221 225 228 231 234 239 243 248 253 257 260 261 261 257 255 260 270 278 282 280 270 229 144 156 164 188 211 220 216 208 197 180 173 182 187 148 138 134 135 135 132 141 151 158 161 161 160 165 163 157 146 147 149 146 144 139 137 139 147 152 157 163 167 168 171 174 177 179 178 178 178 178 179
190 193 197 205 214 219 223 227 231 234 237 241 245 249 253 255 257 257 256 254 253 259 267 275 278 273 262 242 191 164 162 163 182 191 199 199 196 189 174 157 170 269 144 130 131 131 139 146 154 159 166 168 167 167 164 159 147 145 146 144 144 143 141 138 143 151 158 164 166 168 171 173 176 179 179 178 179 179 179
193 195 199 207 216 221 225 229 233 236 239 242 246 249 251 252 252 252 252 251 247 250 265 275 277 269 257 244 236 219 176 142 144 175 209 193 198 186 150 58 359 319 312 126 129 131 147 155 159 161 169 174 174 169 163 154 144 143 144 144 142 142 139 138 141 148 157 163 166 168 170 172 175 179 179 179 179 179 180
196 199 202 208 217 222 227 230 234 237 240 242 245 247 248 248 248 248 247 246 240 244 264 270 273 269 262 254 244 234 224 141 126 163 211 193 188 182 114 61 5 292 310 113 121 131 147 155 162 163 169 174 170 159 149 143 141 142 143 143 141 140 140 140 139 143 151 160 165 167 170 171 175 179 180 179 180 180 180
200 202 205 210 217 223 227 231 234 236 239 241 243 244 244 245 245 244 243 241 237 242 261 267 267 270 266 257 246 234 220 164 146 166 191 193 191 173 104 103 192 203 155 68 100 135 149 152 164 168 171 169 129 128 137 138 139 141 142 142 141 140 140 139 138 139 146 154 163 168 170 171 174 179 181 180 180 180 180
203 205 208 211 217 223 227 230 233 235 236 238 239 240 241 241 240 238 236 234 233 239 250 257 252 261 262 249 236 227 212 207 172 175 184 191 187 154 110 165 206 190 74 27 16 20 125 152 164 170 168 129 122 132 135 136 136 137 140 142 141 139 140 141 139 140 144 150 159 172 174 174 174 178 180 181 181 181 180
205 207 209 211 217 222 225 228 231 233 233 234 235 235 236 235 234 232 229 227 227 235 245 246 236 238 243 238 220 215 213 213 204 192 190 187 188 172 99 191 223 234 15 15 8 1 347 333 160 105 96 110 120 122 129 129 132 135 140 143 141 139 140 143 142 139 140 144 157 171 178 177 175 176 180 181 181 181 180
203 206 208 210 215 219 223 226 228 230 229 229 230 230 230 229 227 225 222 220 222 231 240 237 228 228 234 236 214 212 214 218 258 267 237 223 220 263 11 222 241 270 340 8 8 354 350 356 46 84 93 99 116 120 119 125 129 135 141 144 143 141 140 140 138 135 136 143 158 172 175 175 175 176 179 181 181 181 180
200 203 204 207 212 216 219 223 225 224 222 222 223 222 222 222 221 219 217 215 218 229 233 230 226 228 231 238 225 213 200 77 41 284 261 249 253 4 63 138 251 290 338 8 9 354 11 38 63 82 87 97 107 114 120 125 130 138 143 146 147 144 138 137 137 137 140 148 160 163 163 170 174 176 179 181 181 180 179
196 198 199 203 208 211 215 218 218 217 216 216 216 216 216 216 215 215 214 215 217 223 227 226 226 228 230 232 224 211 101 66 67 243 247 251 253 90 93 175 269 333 0 12 10 354 20 46 77 84 93 96 109 117 122 127 134 140 145 149 152 148 139 136 137 141 145 148 149 150 155 168 174 175 178 181 181 180 179
192 193 194 198 203 206 210 212 212 211 210 210 210 211 211 211 212 213 215 217 219 222 228 231 232 233 231 228 223 214 91 83 136 227 234 239 245 127 82 301 345 2 9 13 18 358 29 38 82 89 98 106 113 120 125 131 137 143 148 153 157 156 145 131 112 147 148 144 143 147 156 169 173 174 176 179 180 179 178
190 190 190 193 198 202 205 207 207 205 204 205 206 207 209 210 212 214 216 218 220 220 226 228 232 234 232 231 231 236 64 118 189 222 231 242 256 271 334 345 358 7 12 15 9 324 303 331 90 98 105 112 117 123 128 134 140 146 151 157 162 166 163 127 341 274 169 149 147 150 156 163 169 172 174 177 178 178 176
188 188 188 190 194 198 200 202 201 200 201 202 205 207 210 211 213 215 217 218 218 217 222 225 228 232 232 237 256 261 278 230 208 219 236 258 280 340 6 3 5 12 8 352 330 311 300 12 97 104 110 116 121 126 132 137 143 149 155 161 167 173 174 75 355 311 170 155 151 152 153 157 164 171 173 174 175 175 175
187 187 187 188 191 193 196 196 197 198 201 204 207 210 213 214 215 216 216 216 215 214 218 222 224 227 231 244 244 240 248 253 245 244 255 256 310 47 33 15 9 6 359 341 320 306 297 61 102 108 113 118 124 129 135 141 146 152 158 164 170 176 179 23 25 63 142 150 151 150 150 154 160 166 170 171 172 173 173
187 187 187 188 188 190 192 193 196 201 205 209 212 214 216 216 216 215 214 212 210 210 215 220 222 220 225 257 237 226 226 233 250 263 270 263 296 55 34 18 11 6 356 335 312 297 295 88 107 111 116 121 127 132 138 143 149 154 160 166 171 177 177 48 49 72 124 142 146 149 150 152 156 161 165 167 170 171 171
187 187 188 188 187 188 192 196 202 207 210 213 215 216 217 217 215 213 210 208 205 207 212 218 219 223 14 283 245 221 222 232 263 308 257 254 294 48 31 15 10 8 356 328 304 286 273 98 111 115 120 125 130 136 141 146 151 156 161 166 171 175 170 65 60 73 113 137 142 146 146 146 150 156 161 164 168 169 170
187 187 188 187 187 190 196 202 207 210 212 214 215 215 215 214 212 209 206 203 201 205 210 213 206 195 177 221 240 227 242 330 334 319 252 236 38 48 28 9 5 10 358 322 298 279 213 105 116 120 124 129 134 139 143 148 152 156 161 166 171 174 113 71 62 68 110 136 138 142 142 144 149 154 158 162 166 167 168
187 187 188 186 187 194 200 204 208 210 211 212 212 213 212 211 208 205 202 198 197 202 206 204 196 195 190 203 209 100 4 341 323 310 244 197 102 66 19 359 357 12 8 312 280 254 164 110 120 124 128 132 137 141 145 149 152 156 161 166 170 171 120 19 3 63 115 136 137 140 142 144 148 152 156 160 164 166 166
188 187 188 187 188 196 201 204 206 207 208 209 209 209 209 207 204 202 199 197 198 203 200 195 193 190 181 183 148 80 51 338 307 321 104 152 108 57 5 346 349 21 38 277 250 226 130 114 122 128 131 135 139 143 146 149 152 156 162 166 169 169 152 9 2 72 124 135 137 140 142 144 147 151 155 159 162 164 165
189 188 189 189 191 196 199 202 203 205 205 206 207 207 206 204 201 199 197 198 203 208 203 190 177 172 127 65 53 85 120 206 310 25 66 80 69 35 354 340 350 34 59 193 207 176 124 116 124 131 134 138 141 144 146 148 151 156 161 165 168 163 101 359 7 101 130 134 137 141 143 144 147 150 153 157 161 163 164
188 188 189 191 194 196 198 200 202 203 204 205 205 205 204 202 199 197 196 199 207 212 209 200 204 103 58 50 5 336 141 141 53 46 51 55 52 25 354 336 10 58 70 213 188 152 121 116 124 132 137 140 142 143 144 147 151 156 161 165 164 152 17 8 54 122 132 135 138 142 143 144 146 149 153 156 160 162 162
187 187 188 192 195 196 198 199 200 201 202 203 204 204 202 199 196 194 196 202 209 216 217 220 279 344 11 47 8 298 253 174 72 62 58 49 40 26 10 20 46 72 112 170 159 135 119 115 121 132 138 141 142 142 143 147 152 156 160 161 150 98 7 42 115 130 133 136 139 142 143 144 146 149 152 155 159 161 161
186 186 187 191 195 196 197 198 199 200 201 202 203 203 201 197 193 192 196 205 212 221 223 230 280 311 316 58 210 246 245 64 75 76 73 66 55 41 25 41 60 96 127 139 135 124 116 113 118 131 139 141 140 140 143 147 151 155 156 145 140 21 42 112 129 131 134 137 140 142 143 144 145 148 151 155 158 159 160
184 184 186 190 194 195 196 197 197 198 199 200 201 201 199 194 190 191 199 205 209 223 225 241 283 317 20 17 220 262 321 342 27 93 94 86 67 44 43 64 84 107 119 121 119 115 112 112 118 130 139 140 139 139 142 146 149 148 143 142 42 39 109 129 130 131 134 138 141 142 143 143 145 148 151 154 157 158 159
182 182 184 189 193 193 194 195 195 196 197 198 199 198 195 190 187 193 204 207 207 216 229 248 296 319 22 297 264 331 341 347 47 111 106 101 94 47 55 84 97 105 109 111 111 111 111 113 120 130 138 139 137 138 140 143 141 142 142 87 48 105 127 130 128 131 135 139 141 142 142 143 145 147 150 153 156 157 158
180 181 183 187 190 191 192 193 194 194 195 196 196 195 191 187 186 192 202 210 211 210 227 269 315 331 13 279 315 336 337 20 92 104 106 109 106 100 96 94 98 102 105 108 110 112 114 118 123 131 138 139 137 137 139 140 140 140 121 69 101 123 129 126 127 132 136 139 141 142 142 143 145 147 150 152 155 156 157
178 179 181 185 188 189 190 191 192 192 193 193 193 192 187 183 189 195 197 191 195 203 233 292 346 10 17 6 7 359 346 93 105 98 103 108 107 113 104 98 101 104 107 110 113 115 119 123 128 133 137 139 138 138 139 140 138 132 98 104 121 127 126 125 128 133 137 139 141 141 142 143 145 147 149 152 154 156 156
177 178 180 183 186 186 188 189 190 190 190 191 191 190 186 182 183 155 147 145 136 126 109 18 339 330 4 33 34 14 7 102 109 104 105 107 106 112 105 104 106 108 111 113 116 119 122 127 131 135 138 139 138 138 139 138 133 118 112 120 126 127 124 125 129 133 137 139 140 141 142 143 145 147 149 151 154 155 155
175 176 178 181 183 184 185 187 188 188 188 188 189 189 187 185 185 152 121 116 99 16 12 5 350 355 34 38 51 37 31 91 110 108 108 107 111 111 109 110 110 113 115 116 118 121 125 129 133 137 139 139 138 136 136 134 128 120 120 125 127 125 124 126 130 134 137 139 140 141 142 144 145 147 149 151 153 154 154
173 174 176 178 180 181 182 184 184 185 185 186 187 187 187 191 193 174 70 98 74 11 356 1 343 328 335 18 35 113 118 106 116 116 117 113 116 113 113 113 114 116 117 119 121 123 126 130 134 137 140 139 137 134 133 130 125 121 125 127 127 124 125 127 131 134 137 139 140 141 142 144 146 147 148 150 152 153 153
171 172 174 176 177 179 179 180 180 180 181 182 183 183 186 196 185 302 20 82 59 3 351 345 335 323 318 308 304 228 120 118 119 121 120 117 119 116 116 117 117 119 120 122 124 126 128 131 134 137 138 137 135 133 129 126 122 124 127 127 125 124 126 128 131 135 137 139 140 141 143 144 146 147 148 150 152 153 153
169 170 171 173 175 177 177 177 177 177 177 177 178 179 186 195 186 247 38 46 22 358 352 349 339 328 324 304 300 280 133 118 115 117 121 120 121 119 119 120 121 122 123 125 127 128 130 132 133 134 134 134 133 130 126 122 123 126 127 126 125 125 127 129 132 135 137 139 140 141 143 145 146 147 148 149 151 152 152
167 167 168 170 173 174 174 174 173 174 173 173 172 177 180 184 157 126 79 47 12 3 0 354 342 327 314 296 299 110 104 105 113 117 121 122 122 122 123 123 124 125 127 129 130 131 132 133 133 132 132 131 130 127 122 123 126 127 126 125 125 126 128 130 133 135 137 139 140 142 143 145 146 147 147 149 151 151 151
165 165 166 168 171 171 171 171 170 170 170 168 170 178 193 185 128 109 87 54 18 14 14 9 359 345 324 299 241 125 114 108 113 118 121 122 123 124 126 126 127 129 131 132 133 133 134 134 133 133 131 129 126 122 122 125 126 126 126 125 126 127 129 131 133 135 137 139 140 142 143 145 146 146 147 149 150 151 151
163 163 164 166 168 169 169 168 168 168 167 167 166 157 187 195 120 97 88 59 31 31 40 42 45 49 59 70 99 105 110 113 117 119 121 122 124 127 128 130 131 132 134 134 135 135 135 135 134 133 130 126 122 121 125 127 126 126 125 126 127 128 130 132 134 136 137 139 141 142 144 145 146 146 147 148 150 150 150
161 161 162 165 166 166 166 167 166 165 166 170 169 163 180 194 131 95 94 68 47 50 62 66 72 77 84 89 94 100 109 114 117 119 121 123 125 128 130 132 134 135 136 136 136 135 135 135 135 133 129 123 121 124 127 127 126 125 126 126 128 129 131 133 134 136 137 139 141 142 144 145 145 146 146 148 149 150 150
159 159 161 163 164 163 164 164 163 162 161 169 181 155 142 188 124 102 99 77 63 63 72 76 80 85 90 94 99 104 109 113 116 119 121 124 126 129 132 135 137 138 138 137 136 135 135 136 135 132 126 121 123 127 127 126 126 126 127 127 129 130 131 133 135 136 138 139 141 142 144 144 145 145 146 147 149 149 149
158 158 159 161 162 160 160 160 161 161 140 139 178 128 60 189 103 101 98 83 76 75 80 85 89 93 97 101 104 108 109 112 116 120 123 125 127 130 133 136 138 138 138 137 136 136 136 136 135 129 123 123 126 128 127 126 126 127 127 128 129 131 132 134 135 136 138 140 141 142 143 144 145 145 146 147 148 149 149
156 156 158 160 159 158 157 157 161 165 117 134 152 70 33 84 81 79 88 88 89 88 90 95 98 101 105 109 111 111 109 113 120 122 124 126 128 131 135 137 138 139 139 139 138 138 137 136 133 127 124 126 128 127 127 127 127 128 128 129 130 131 133 134 135 137 138 140 141 142 143 144 144 145 146 147 148 149 149
155 156 157 159 158 156 156 158 160 120 103 117 105 88 70 73 71 78 86 92 94 97 99 103 105 109 113 116 116 113 111 117 123 123 125 127 130 133 135 137 138 139 140 140 139 137 136 133 130 126 126 128 128 127 127 127 128 128 129 130 131 132 133 134 136 137 138 140 141 142 143 143 144 145 146 147 148 149 149
155 155 156 157 156 155 157 159 140 109 106 103 97 85 75 72 74 81 91 96 100 103 106 108 111 116 119 119 117 114 116 123 126 125 126 128 131 134 136 138 140 142 142 142 140 139 136 133 131 128 129 129 128 128 128 128 129 129 130 131 132 133 134 135 136 137 139 140 140 141 142 143 144 145 146 147 148 148 148
155 155 155 157 157 157 160 163 116 106 103 98 92 81 74 74 79 88 96 103 106 111 113 116 118 120 120 116 113 113 118 125 126 126 128 130 132 135 137 139 141 142 141 140 138 137 134 132 130 129 129 128 128 128 128 129 129 130 131 131 132 133 134 135 136 137 138 139 140 141 142 143 144 145 146 147 148 148 148
155 154 156 158 157 158 162 140 106 103 101 97 90 79 74 78 85 93 102 110 115 118 119 120 118 113 109 105 105 110 118 125 126 127 129 132 134 137 139 141 142 144 144 144 144 143 140 136 133 132 130 130 129 130 130 130 131 131 132 133 133 134 135 136 137 138 138 139 140 141 142 143 144 145 146 147 148 148 148
155 155 156 157 157 158 149 127 108 107 103 96 88 81 77 78 84 91 102 110 115 116 115 113 109 105 104 104 107 112 118 122 124 127 130 132 135 137 139 141 141 140 138 136 135 134 132 130 130 129 129 129 129 130 130 130 131 131 132 133 134 135 135 136 137 137 138 139 140 141 142 143 144 145 146 147 147 148 148
155 155 155 156 156 150 142 126 112 107 102 97 93 87 84 85 88 94 102 109 112 112 112 110 109 108 108 108 110 113 116 118 120 123 125 127 130 132 133 134 133 131 129 128 128 127 127 127 127 127 127 128 128 129 130 130 131 131 132 133 133 134 135 135 136 137 137 138 139 140 141 142 143 144 145 146 147 148 148
155 155 155 155 157 146 136 121 110 105 103 100 97 92 89 91 93 98 104 109 112 112 112 111 111 111 111 112 112 114 115 117 118 119 121 123 124 126 127 128 128 127 126 126 126 126 125 126 126 126 127 128 128 129 130 130 131 131 132 132 133 133 134 135 135 136 137 138 139 140 141 142 143 144 145 146 147 147 147
156 156 156 156 139 122 114 108 109 103 101 100 99 98 96 97 99 102 106 110 112 113 112 112 111 112 112 113 114 114 114 115 116 116 117 119 120 121 122 123 124 124 125 125 125 125 125 126 126 127 127 128 128 129 130 130 131 131 131 132 132 133 134 134 135 136 136 137 138 139 140 141 142 143 144 145 145 146 146
