---
BL Depth [m] Valid 1100 NZST ~Z75~(2300Z)~Z~ SUN 4 Jan 2026 ~Z75~[23hrFcst@2100z]~Z~
Model= RASP Region= NZ Grid= d2 Reskm= 2.0 Indexs= 1 69 1 69 Proj= lambert 2000 2000 -35.0000 -42.0000 176.0000 -37.7968 175.7263
Day= 2026 1 4 SUN ValidLST= 1100 NZST ValidZ= 2300 Fcst= 23.0 Init= 22 Param= dbl Unit= m Mult= 1 Min= 28 Max= 2232
1365 1383 1403 1427 1452 1487 1547 1562 1565 1566 1582 1589 1575 1553 1540 1509 1468 1439 1405 1359 1363 1306 1313 1361 1401 1412 1383 1322 1289 1276 1291 1290 1289 1286 1285 1283 1296 1293 1282 1255 1247 1257 1261 1269 1288 1318 1332 1320 1309 1299 1283 1279 1255 1223 1120 1072 1066 1091 1077 1079 1105 1106 1080 1048 1026 1003 955 907 879
1353 1418 1444 1476 1516 1549 1624 1612 1587 1584 1603 1609 1606 1606 1603 1586 1563 1514 1493 1481 1447 1337 1317 1380 1455 1417 1368 1320 1293 1276 1299 1303 1296 1294 1296 1299 1315 1316 1296 1267 1257 1266 1267 1274 1290 1318 1333 1312 1312 1296 1282 1276 1255 1229 1123 1068 1063 1086 1066 1055 1068 1068 1050 1033 1019 1000 953 908 877
1335 1399 1427 1477 1529 1575 1624 1606 1588 1607 1603 1591 1593 1615 1616 1572 1558 1545 1580 1558 1500 1373 1337 1370 1452 1426 1385 1336 1314 1306 1314 1316 1318 1309 1314 1318 1304 1335 1309 1278 1266 1264 1260 1264 1282 1305 1317 1300 1293 1287 1274 1267 1252 1232 1189 1095 1073 1068 1056 1046 1045 1042 1033 1025 1013 999 955 911 878
1304 1372 1409 1471 1531 1614 1637 1619 1653 1576 1564 1570 1605 1659 1665 1619 1608 1593 1634 1631 1565 1441 1457 1380 1473 1450 1409 1366 1346 1334 1332 1332 1324 1346 1339 1347 1367 1350 1311 1289 1275 1265 1257 1247 1260 1280 1279 1277 1275 1271 1263 1254 1244 1230 1217 1162 1100 1070 1057 1040 1030 1024 1020 1016 1008 997 957 913 883
1293 1362 1403 1472 1553 1626 1645 1640 1588 1606 1550 1524 1566 1664 1756 1711 1663 1678 1706 1640 1586 1500 1558 1444 1544 1495 1437 1408 1387 1366 1356 1357 1362 1370 1379 1401 1412 1374 1332 1302 1288 1276 1264 1257 1253 1259 1261 1254 1256 1254 1251 1243 1237 1229 1220 1211 1145 1099 1055 1030 1016 1012 1012 1012 1005 996 955 913 883
1299 1371 1417 1496 1564 1620 1597 1648 1640 1678 1529 1807 1565 1644 1807 1857 1714 1800 1598 1645 1617 1592 1566 1592 1643 1542 1440 1412 1375 1349 1352 1392 1408 1425 1458 1460 1429 1373 1321 1326 1306 1277 1270 1239 1232 1245 1245 1246 1245 1243 1235 1233 1228 1221 1220 1223 1214 1116 1048 1023 1010 1006 1007 1008 1002 995 950 912 882
1312 1397 1472 1545 1597 1633 1631 1640 1725 1562 1528 1881 1608 1685 1750 1857 1695 1595 1557 1656 1721 1650 1623 1635 1680 1569 1493 1467 1389 1414 1418 1455 1464 1471 1466 1405 1351 1326 1334 1351 1319 1287 1282 1243 1244 1233 1229 1225 1227 1222 1217 1218 1219 1219 1227 1228 1216 1078 1028 1004 994 993 997 1003 1003 992 938 874 869
1322 1403 1497 1546 1639 1489 1399 1578 1655 1165 2079 1681 1824 1930 1708 1799 1688 1582 1533 1685 1818 1739 1654 1628 1675 1622 1577 1504 1435 1429 1450 1498 1510 1466 1456 1402 1361 1342 1364 1381 1348 1314 1269 1244 1237 1231 1224 1213 1210 1213 1208 1202 1199 1222 1231 1224 1208 1066 1029 1000 990 962 996 1003 904 963 935 900 876
1324 1387 1464 1523 1528 1332 1282 1500 1637 1524 2232 1712 1983 1801 1706 1785 1769 1566 1519 1685 1846 1827 1698 1687 1664 1637 1633 1591 1495 1421 1432 1484 1527 1529 1487 1385 1361 1348 1365 1418 1410 1310 1276 1270 1249 1233 1222 1201 1156 1213 1217 1085 1056 1223 1229 1215 1208 1118 1048 1002 957 916 957 953 840 887 930 903 882
1329 1347 1364 1413 1340 1284 1788 1473 1596 1574 1548 1575 1720 1849 1736 1805 1907 1969 1904 1771 1862 1785 1749 1754 1699 1651 1668 1679 1619 1486 1395 1468 1525 1573 1555 1442 1363 1356 1372 1399 1410 1463 1386 1308 1261 1235 1218 1198 1093 1168 1222 1100 1061 1216 1223 1210 1210 1138 1038 1002 969 936 960 997 996 957 887 907 894
1327 1346 1367 1364 1396 1773 1847 1435 1594 1593 1596 1567 1214 1781 1584 1722 1833 1881 1935 1793 1842 1758 1744 1793 1751 1703 1734 1785 1659 1505 1424 1463 1507 1554 1534 1491 1358 1320 1323 1310 1368 1480 1457 1334 1276 1241 1216 1193 1070 1062 1090 1060 1064 1205 1209 1211 1214 1148 1028 999 994 961 995 1002 876 889 934 919 903
1342 1372 1384 1370 1429 1413 1491 1532 1618 1618 1758 1669 1601 1554 1626 1630 1745 1798 1891 1810 1876 1806 1745 1815 1759 1704 1736 1783 1666 1535 1480 1474 1501 1501 1505 1516 1440 1320 1298 1285 1303 1383 1324 1305 1281 1249 1217 1201 1093 1061 1053 1041 1044 1070 1104 1204 1211 1139 1027 977 912 939 993 872 855 861 873 909 906
1342 1379 1404 1422 1490 1587 1596 1659 1691 1657 1675 1726 1630 1613 1625 1681 1777 1770 1793 1861 1875 1854 1761 1802 1748 1704 1735 1781 1652 1570 1526 1514 1492 1472 1481 1543 1494 1353 1297 1285 1284 1304 1277 1281 1275 1244 1216 1207 1186 1094 1046 1039 1047 1049 1059 1110 1197 1148 1052 997 941 996 952 823 827 840 852 866 907
1335 1379 1404 1453 1484 1614 1545 1664 1698 1668 1623 1674 1603 1634 1642 1664 1741 1727 1837 1902 1891 1876 1852 1785 1728 1713 1712 1720 1686 1627 1544 1378 1494 1468 1510 1558 1506 1409 1321 1297 1287 1305 1281 1290 1271 1229 1206 1212 1205 1088 1030 1044 1084 1080 1084 1124 1215 1216 1102 1012 940 783 741 758 864 866 872 881 894
1314 1367 1397 1420 1464 1366 1396 1541 1612 1633 1599 1535 1573 1588 1598 1604 1630 1717 1863 1908 1888 1867 1832 1769 1723 1707 1717 1686 1619 1547 847 1242 1512 1479 1514 1526 1497 1461 1345 1317 1337 1342 1311 1286 1272 1212 1153 1205 1156 1053 1013 1057 1111 1077 1080 1177 1218 1222 1175 1027 916 829 826 857 866 846 852 860 874
1235 1316 1355 1347 1351 1311 28 1535 1566 1590 1558 1525 1577 1594 1586 1587 1661 1816 1867 1870 1850 1819 1787 1747 1717 1695 1671 1586 1509 1470 983 1533 1537 1502 1515 1497 1487 1464 1363 1347 1359 1356 1329 1318 1270 1205 1148 1204 1120 1047 1020 1058 1105 1029 994 1034 1218 1233 1220 1031 901 833 834 805 829 836 835 843 851
919 1268 1333 1332 1312 1743 1268 1551 1566 1592 1560 1570 1596 1593 1594 1651 1772 1824 1828 1827 1806 1771 1742 1697 1655 1607 1558 1503 1473 1478 1499 1586 1534 1522 1496 1476 1475 1425 1393 1412 1373 1342 1302 1300 1267 1218 1188 1149 1070 1023 1015 1042 1098 1031 995 1030 1221 1084 1009 883 945 849 838 842 775 828 832 832 837
938 1267 1350 1334 1305 1933 1401 1571 1551 1617 1591 1550 1563 1589 1621 1698 1780 1773 1778 1781 1770 1737 1687 1630 1559 1496 1469 1448 1470 1499 1535 1539 1508 1511 1486 1471 1435 1408 1392 1365 1360 1315 1281 1282 1264 1223 1134 1071 1038 1018 1011 1043 1154 1155 1064 1085 1057 1030 862 863 1006 885 859 863 847 834 832 832 832
1041 1315 1369 1357 1335 1492 1390 1428 1596 1649 1642 1593 1591 1623 1679 1736 1730 1724 1726 1731 1720 1700 1661 1577 1484 1410 1371 1360 1402 1484 1504 1490 1456 1456 1437 1414 1380 1361 1339 1337 1321 1298 1278 1282 1253 1212 1078 1032 1014 1003 1007 1015 1043 1071 1047 559 1017 1033 1010 922 923 967 919 888 868 854 845 837 833
1151 1363 1384 1375 1352 1398 1367 1391 1598 1620 1664 1686 1673 1663 1671 1663 1648 1638 1616 1614 1625 1638 1626 1540 1420 1317 1249 1214 1248 1350 1434 1444 1388 1354 1346 1340 1316 1317 1322 1351 1317 1290 1280 1284 1242 1206 1055 1018 1006 1000 996 950 899 910 878 357 842 1017 1051 1040 1009 1016 978 934 912 883 863 848 838
1278 1410 1400 1385 1381 1398 1380 1374 1502 1519 1545 1596 1563 1552 1561 1560 1556 1539 1513 1511 1533 1560 1561 1501 1382 1268 1163 1057 1088 1238 1346 1383 1345 1296 1274 1275 1279 1294 1304 1309 1293 1310 1313 1292 1237 1195 1048 1013 1001 995 903 833 800 825 828 807 332 405 547 1007 1011 1012 1040 1010 887 874 861 850 852
1382 1431 1407 1381 1381 1396 1384 1355 1420 1443 1473 1508 1483 1461 1461 1470 1477 1465 1435 1427 1461 1497 1514 1493 1421 1355 1270 1103 1063 1193 1284 1329 1319 1270 1246 1247 1254 1267 1274 1284 1310 1322 1313 1266 1221 1112 1032 1005 995 970 854 781 738 735 780 780 699 372 971 1028 1048 944 961 898 870 883 882 895 880
1404 1425 1406 1387 1389 1372 1271 1337 1409 1387 1460 1472 1447 1407 1383 1397 1444 1425 1348 1324 1352 1406 1475 1507 1516 1491 1365 1204 1125 1203 1257 1292 1289 1251 1234 1234 1236 1244 1252 1261 1272 1287 1266 1230 1137 1038 1009 997 971 886 837 820 772 748 759 775 798 850 1008 1029 1038 1033 1023 985 970 971 960 940 911
1413 1435 1410 1410 1430 1423 1435 1392 1407 1370 1445 1442 1413 1379 1343 1341 1347 1317 1262 1247 1262 1303 1373 1450 1420 1322 1272 1233 1174 1202 1245 1261 1250 1233 1174 1166 1194 1238 1242 1244 1256 1271 1243 1210 1062 1016 1001 992 908 864 839 829 821 798 797 828 865 967 1010 1007 1017 1028 1014 980 1010 1012 1009 981 941
1416 1445 1441 1457 1464 1437 1364 1442 1430 1362 1409 1386 1359 1320 1272 1256 1257 1246 1229 1221 1230 1248 1291 1325 1262 1161 1184 1197 1158 1165 1235 1240 1208 1145 1119 1123 1141 1171 1192 1209 1246 1254 1233 1114 1035 1020 1004 963 904 873 848 836 831 825 810 844 945 1005 990 951 1013 1020 979 972 1015 1015 1014 1005 958
1423 1447 1461 1473 1437 1442 1441 1401 1393 1358 1335 1317 1285 1262 1238 1231 1234 1231 1215 1205 1216 1233 1243 1243 1184 1104 1132 1152 1122 1109 1130 1153 1125 1091 1088 1092 1093 1100 1109 1130 1232 1243 1193 1050 1015 1025 1015 990 933 903 861 836 835 837 849 902 968 972 950 958 1005 972 987 1011 1015 1017 1016 1008 960
1427 1453 1478 1478 1442 1456 1425 1388 1372 1297 1253 1247 1238 1233 1217 1210 1219 1220 1203 1185 1186 1195 1191 1177 1143 1103 1112 1112 1090 1066 1066 1083 1077 1064 1067 1065 1056 1053 1062 1088 1181 1237 1145 1016 994 1016 1021 1004 974 938 884 852 852 860 879 925 953 939 938 968 989 979 1011 1017 1015 1017 1014 993 948
1428 1449 1476 1495 1492 1418 1377 1360 1307 1236 1205 1212 1208 1208 1195 1190 1196 1203 1197 1185 1177 1169 1153 1135 1121 1104 1091 1080 1058 1034 1039 1052 1052 1051 1053 1042 1030 1026 1033 1063 1156 1199 1078 974 938 1010 1020 1008 999 971 924 891 885 892 894 900 921 934 935 965 993 1007 1022 1023 1016 1017 991 965 925
1426 1463 1481 1474 1428 1359 1320 1277 1234 1192 1153 1166 1164 1170 1168 1164 1167 1176 1178 1168 1154 1134 1111 1099 1105 1079 1055 1053 1034 1010 1017 1030 1031 1038 1040 1029 1023 1022 1029 1077 1158 1121 935 852 915 991 1020 1021 1012 991 949 927 919 919 906 881 880 911 932 947 970 1028 1036 1026 1024 1012 973 950 919
1423 1472 1439 1406 1353 1306 1239 1188 1163 1131 1078 1101 1111 1119 1121 1126 1132 1139 1142 1136 1128 1116 1102 1100 1088 1034 1009 1031 1019 935 938 1006 1019 1023 1028 1026 1023 1022 1035 1084 1120 1033 845 751 870 960 1010 1018 1018 1008 970 946 942 939 915 894 895 908 924 941 962 1026 1029 1032 1033 1010 966 945 920
1423 1415 1357 1315 1271 1225 1155 1102 1095 1071 1028 1029 1037 1059 1070 1070 1080 1096 1104 1106 1110 1109 1102 1108 1081 1015 969 1018 987 897 885 934 1000 1020 1024 1025 1018 1013 1032 1070 1062 872 709 677 801 900 957 966 995 1010 1016 1008 981 960 918 937 952 940 952 958 969 1024 1032 1045 1029 1013 967 950 937
1379 1354 1294 1236 1177 1117 1056 1021 1012 1002 993 1007 1013 1017 1027 1032 1037 1047 1063 1081 1095 1101 1097 1092 1063 1008 974 1001 947 895 893 906 966 1017 1022 1021 997 990 1023 1050 1005 722 587 651 812 911 916 939 948 1003 1042 1047 1010 978 944 929 976 999 1011 956 976 1024 1041 1047 1031 1022 982 968 960
1308 1298 1246 1142 1062 1009 981 953 946 947 946 967 983 998 1009 1017 1023 1027 1038 1057 1077 1094 1091 1059 1018 965 979 981 917 900 941 957 990 1023 1001 1008 976 967 1008 1045 926 619 541 621 774 900 921 888 964 1042 1057 1051 1034 1011 950 893 881 961 997 976 1010 1033 1054 1055 1037 1034 1017 1006 1001
1222 1254 1210 1053 980 939 923 891 878 883 893 929 953 977 992 996 1004 1021 1031 1044 1066 1090 1097 1062 1013 948 954 954 925 932 987 1012 1006 995 988 989 942 966 1022 1056 892 574 483 584 730 812 753 831 881 1027 1053 1062 1054 1019 946 893 869 887 977 1042 1036 1048 1064 1059 1050 1055 1054 1051 1041
1137 1215 1138 990 905 857 846 843 840 841 838 853 874 915 951 972 994 1026 1025 1042 1061 1088 1108 1101 1060 1019 965 954 964 991 1015 1004 984 975 973 964 933 981 1030 1079 879 563 474 589 683 645 650 766 710 856 985 1049 1071 1052 1011 972 936 905 1022 1078 1070 1085 1081 1069 1068 1075 1078 1069 1050
1095 1142 1058 917 850 802 815 829 833 827 810 816 836 866 908 949 968 980 1013 1036 1058 1085 1090 1067 1035 1010 988 988 995 1008 1006 981 959 949 947 946 952 989 1036 1105 892 571 500 582 646 622 647 693 636 676 861 992 1075 1123 1108 1083 1026 958 1034 1106 1102 1097 1082 1074 1081 1086 1083 1048 1035
1071 1069 977 852 806 779 783 817 823 812 788 795 821 854 888 920 931 953 989 1030 1054 1071 1050 988 931 964 1004 998 987 991 987 967 947 936 934 939 951 984 1040 1097 860 575 521 578 643 677 642 587 558 616 749 873 1055 1177 1200 1130 1075 1040 1065 1122 1117 1095 1091 1102 1103 1085 1067 1024 987
1055 1008 918 820 777 751 771 786 806 797 782 799 832 861 877 888 906 933 968 1024 1039 1042 1020 932 908 950 990 983 976 978 971 956 944 936 929 929 937 975 1045 1054 756 570 553 584 659 705 657 569 488 562 710 832 1028 1138 1192 1118 1111 1109 1126 1140 1137 1149 1130 1055 1052 1036 1024 969 943
1027 961 881 803 765 735 736 756 782 787 788 810 838 857 866 871 890 919 952 991 1016 1000 962 929 919 943 972 970 958 951 946 940 935 927 917 911 914 950 1024 935 684 580 608 633 692 729 699 639 521 535 693 741 916 1076 1164 1149 1149 1173 1198 1200 1183 1080 1070 1037 1030 999 957 931 914
984 928 862 795 753 724 718 731 763 787 794 814 836 851 860 868 885 909 940 965 969 954 940 931 928 939 955 950 932 920 920 923 920 912 900 887 887 915 898 752 612 601 721 718 740 795 801 846 724 611 676 787 942 743 1041 1084 1079 1263 1297 1264 1085 1045 1043 1031 1017 962 936 919 909
951 903 850 793 755 728 714 710 747 792 800 813 834 848 858 872 886 902 927 948 949 937 925 923 927 933 938 931 921 913 911 909 907 902 892 880 883 903 860 693 564 650 817 839 849 878 891 947 902 742 759 809 971 634 1069 1037 1290 1326 1265 1121 1040 1033 1029 1023 981 940 921 910 902
922 885 844 796 763 733 711 693 727 789 809 814 835 846 853 871 887 895 910 927 933 928 923 924 924 922 924 923 919 917 913 909 907 901 889 884 900 906 839 657 506 631 780 729 787 884 941 1009 1044 974 783 952 1025 926 1038 1240 1260 1243 1095 1039 994 1020 988 980 958 929 915 905 898
899 871 838 795 767 737 720 700 709 764 811 822 833 842 847 865 882 889 895 907 920 924 925 925 918 912 927 920 919 922 923 917 908 898 889 894 931 947 768 499 494 632 657 627 702 857 937 666 821 837 577 861 706 615 1082 705 416 558 945 942 928 955 954 960 946 925 912 902 896
888 865 838 797 768 753 742 716 699 728 783 824 828 833 845 862 874 881 889 897 904 912 917 920 926 932 933 923 923 923 925 923 920 912 905 919 967 946 668 445 555 706 577 600 656 584 435 261 264 595 332 297 424 368 741 535 468 480 798 911 911 932 946 953 938 921 910 903 897
885 866 841 809 789 782 773 749 724 717 738 801 833 836 845 857 866 868 873 879 878 879 892 909 928 939 933 925 923 924 928 926 916 906 921 959 1023 903 556 469 583 691 605 684 715 409 309 386 350 392 194 178 229 314 405 562 585 583 846 928 921 932 950 949 933 922 911 905 898
886 870 852 829 801 789 788 784 765 729 711 757 816 836 845 851 861 861 859 864 856 840 840 886 927 931 925 920 917 912 914 922 928 941 956 977 915 666 457 508 656 668 707 740 496 243 306 347 702 825 950 278 225 291 401 544 684 713 920 967 954 948 958 952 935 924 914 907 899
884 871 857 843 827 838 834 820 796 767 719 725 787 844 846 849 858 864 871 873 860 832 785 860 916 920 912 907 902 894 900 916 901 846 794 759 659 488 378 495 713 700 809 729 207 238 324 292 893 968 661 320 253 305 411 567 776 879 1000 1027 1015 978 972 961 944 929 918 909 900
883 871 860 852 856 848 790 693 811 789 750 719 745 814 845 852 860 872 883 895 892 865 810 856 904 910 896 885 876 874 890 901 787 628 500 553 564 485 383 484 674 749 895 353 188 274 315 228 477 737 509 361 314 355 457 649 899 1020 1039 1039 1031 1024 997 978 956 935 922 911 900
882 869 857 847 838 769 677 842 847 840 790 735 749 827 853 848 861 863 875 891 903 903 877 882 898 902 883 882 883 893 900 843 665 561 493 562 603 570 494 605 740 910 878 242 287 288 366 769 502 603 489 393 384 416 543 806 1027 1048 1054 1047 1039 1031 1024 1000 968 940 926 911 899
881 868 856 839 795 779 842 876 847 803 721 781 760 778 701 810 785 747 739 843 901 919 909 904 902 893 881 894 910 913 844 760 602 562 773 745 628 622 604 747 836 913 850 673 346 359 293 994 697 518 486 413 441 484 707 953 1046 1062 1062 1053 1044 1036 1029 1019 975 943 926 910 896
882 869 858 841 812 854 886 875 844 833 808 824 761 747 741 748 703 636 607 719 800 824 833 859 877 880 866 894 907 831 771 647 566 553 856 781 748 692 643 768 844 841 858 832 384 397 859 889 516 493 475 455 509 611 892 1035 1055 1064 1062 1054 1046 1038 1031 1023 975 941 923 905 891
883 870 854 755 868 871 850 674 856 848 849 818 758 743 732 728 669 631 592 650 700 695 702 757 854 882 863 889 853 783 722 619 565 511 874 796 874 772 725 766 814 831 881 660 401 479 867 590 375 516 470 528 621 853 1025 1042 1053 1059 1059 1053 1046 1038 1030 1018 965 934 916 899 884
884 870 855 751 846 862 794 798 867 872 841 695 780 736 736 786 752 716 625 614 635 641 628 716 850 887 865 874 802 766 667 608 517 760 899 869 952 913 875 890 935 948 873 571 581 694 795 321 399 563 503 670 844 957 1031 1039 1046 1050 1053 1050 1043 1035 1027 992 948 923 907 890 876
884 873 856 720 648 704 850 878 895 830 597 607 698 733 742 781 794 723 629 584 607 659 666 758 882 895 859 819 772 724 641 711 842 1005 1028 1116 1146 1115 1120 1079 1008 950 887 909 606 856 486 327 484 634 626 858 923 997 1028 1033 1037 1041 1045 1043 1037 1030 1019 963 931 910 894 881 867
883 876 867 848 843 876 889 867 585 595 568 617 752 748 743 747 742 673 660 643 613 690 780 865 907 897 850 788 788 773 843 1055 1083 1089 1082 1102 1158 1161 1160 1129 1034 952 929 1000 1056 707 456 446 625 754 845 920 951 983 1008 1025 1028 1033 1036 1035 1030 1023 969 935 913 896 882 870 859
884 880 877 871 866 823 892 769 694 402 456 480 876 770 767 769 758 695 742 699 681 735 855 894 922 889 838 804 815 834 1030 1176 1167 1087 962 957 1075 1126 1113 1107 1027 957 953 1020 894 615 584 695 786 860 899 937 942 952 957 970 991 1024 1026 1025 997 958 930 911 895 882 872 861 851
892 889 886 886 888 893 855 741 702 649 715 857 933 843 854 888 896 812 766 689 745 817 894 920 925 884 867 869 903 973 1116 1195 1128 995 892 911 1021 1044 1012 1054 1030 979 967 998 723 702 763 834 868 891 922 928 926 927 927 930 938 952 962 953 935 917 902 890 879 870 861 853 845
904 900 894 898 905 896 838 754 727 728 844 936 956 903 890 955 1000 917 764 711 810 890 923 940 929 895 922 938 972 1044 1125 1163 1090 987 908 951 1043 987 914 979 1052 981 915 716 744 806 863 871 890 911 923 916 911 906 903 904 909 915 916 911 901 891 881 872 865 858 853 846 826
909 906 907 911 910 893 818 779 778 816 874 959 945 904 893 960 989 927 809 841 929 947 948 966 945 926 955 961 1000 1057 1107 1128 1116 1010 931 924 989 960 885 934 989 923 842 601 842 868 874 885 906 919 917 905 897 891 890 891 892 892 891 887 880 872 865 859 853 849 846 831 807
927 925 920 873 940 911 854 860 870 874 932 966 932 866 868 930 971 961 941 955 972 972 985 1000 972 975 998 986 1017 1067 1111 1138 1107 1029 999 1002 966 932 934 956 948 865 838 651 883 871 874 898 915 919 910 896 887 881 877 873 873 876 876 870 865 858 852 848 845 837 825 809 793
968 963 953 946 957 938 929 928 932 932 999 977 944 843 848 921 1040 1018 982 974 979 1002 1048 1023 1021 1026 1033 1017 1054 1110 1158 1213 1193 1137 1188 1123 1030 964 993 1007 959 885 890 714 895 858 879 908 917 916 903 890 880 872 868 872 877 872 859 859 851 847 843 829 819 810 802 792 783
1022 1016 999 996 1007 1019 996 989 1010 1041 1053 1004 944 817 848 964 1117 1036 1000 985 1014 1090 1091 1055 1087 1106 1127 1117 1139 1171 1245 1324 1301 1247 1301 1195 1090 995 1007 1012 966 908 724 773 880 849 890 910 916 912 898 884 873 867 865 860 845 817 858 846 844 828 816 806 797 791 785 780 774
1047 1047 1035 1037 1053 1060 1059 1070 1089 1093 1089 1032 947 840 904 1074 1130 1053 1026 1043 1108 1150 1126 1117 1148 1179 1222 1238 1253 1262 1317 1376 1316 1292 1293 1184 1090 1013 1007 985 958 902 630 846 858 850 895 907 916 907 893 880 871 865 857 852 888 1022 806 844 822 809 799 789 782 777 773 770 767
1062 1065 1063 1063 1073 1082 1080 1094 1111 1119 1124 1077 963 921 1036 1145 1140 1106 1110 1146 1187 1182 1164 1174 1202 1246 1291 1320 1341 1344 1390 1409 1355 1310 1221 1152 1086 1035 1006 949 857 565 694 851 818 858 895 904 913 901 890 880 870 859 852 863 892 886 793 839 807 797 787 777 771 767 764 762 761
1073 1070 1072 1078 1088 1071 1079 1098 1121 1136 1145 1107 1054 1089 1179 1189 1175 1175 1201 1228 1234 1211 1215 1247 1292 1340 1362 1364 1315 1348 1431 1446 1377 1281 1176 1119 1073 1025 977 899 840 459 765 816 774 867 890 904 910 898 888 877 865 857 861 870 863 839 815 830 796 791 777 769 763 759 757 756 755
1081 1076 1078 1081 1083 1083 1096 1111 1129 1145 1155 1145 1122 1128 1155 1174 1185 1195 1214 1226 1234 1237 1254 1292 1357 1408 1430 1413 1368 1380 1407 1415 1336 1228 1153 1095 1042 995 934 864 848 623 756 762 792 865 886 900 903 895 885 873 866 863 866 862 850 832 827 812 792 783 770 762 757 753 751 750 750
1094 1086 1078 1077 1077 1081 1094 1106 1119 1130 1141 1135 1122 1111 1102 1098 1095 987 1017 1017 1020 992 1224 1298 1425 1489 1497 1455 1414 1388 1379 1365 1281 1183 1105 1041 1000 937 868 760 776 586 716 783 847 862 882 895 897 892 883 874 867 865 863 856 848 841 824 805 790 778 766 757 752 748 746 746 745
1100 1092 1088 1085 1085 1091 1094 1103 1114 1122 1129 1123 1108 1082 1055 1018 838 815 824 797 775 704 802 1032 1444 1484 1469 1442 1418 1381 1364 1331 1257 1149 1061 1007 961 896 838 718 469 505 703 795 854 859 877 888 892 889 882 874 867 863 860 854 848 841 819 801 787 774 762 752 746 743 742 742 742
1120 1110 1102 1095 1095 1099 1106 1113 1114 1111 1106 1090 1066 1018 957 816 693 688 626 610 566 569 611 727 1241 1355 1406 1374 1358 1327 1317 1277 1208 1106 1035 983 949 880 835 616 515 570 700 790 853 857 872 884 890 888 882 875 868 862 859 854 849 844 822 802 786 772 760 749 742 740 739 738 738
