---
BL Depth [m] Valid 1300 NZST ~Z75~(0100Z)~Z~ SUN 4 Jan 2026 ~Z75~[25hrFcst@2100z]~Z~
Model= RASP Region= NZ Grid= d1 Reskm= 6.0 Indexs= 1 79 1 99 Proj= lambert 6000 6000 -35.0000 -42.0000 176.0000 -38.5000 176.0000
Day= 2026 1 4 SUN ValidLST= 1300 NZST ValidZ= 100 Fcst= 25.0 Init= 22 Param= dbl Unit= m Mult= 1 Min= 8 Max= 2028
517 476 577 751 585 1423 738 615 988 1205 1247 1109 502 435 304 381 365 365 359 393 457 515 591 778 1613 1942 1991 1608 1661 1994 2008 2028 2000 1954 1614 1318 1324 1191 1061 1179 1067 752 634 581 578 575 571 571 569 570 575 585 597 611 627 647 669 689 703 719 733 741 746 754 778 833 882 939 974 987 997 1015 1031 1040 1037 1013 934 899 891
473 450 489 587 739 729 744 973 827 1055 1043 846 566 446 496 369 358 342 320 349 368 389 445 465 1105 1471 1583 1666 1594 1627 1692 1954 1850 1726 1684 1602 1398 1305 1087 1205 1100 760 596 556 563 574 582 584 583 583 587 596 608 622 641 665 688 703 720 739 755 764 770 782 817 868 945 1014 1025 1028 1031 1038 1048 1052 1044 1017 932 893 880
452 393 449 477 559 566 578 708 892 666 620 456 308 548 336 356 336 314 298 302 308 306 320 454 1056 1458 1560 1608 1389 1279 1397 1688 1711 1740 1732 1703 1640 1362 1205 1238 1275 776 576 509 545 572 586 591 591 591 595 602 614 630 651 684 698 715 735 755 774 785 791 808 844 907 1011 1033 1042 1042 1041 1045 1051 1052 1043 1015 921 885 872
452 405 451 454 460 543 567 573 455 363 320 287 295 321 310 319 307 299 290 287 284 277 277 358 412 1379 1211 1449 1342 1165 1251 1490 1640 1702 1840 1785 1648 1450 1341 1327 1265 718 585 496 552 579 596 601 604 604 608 616 628 647 677 695 713 733 754 777 799 814 825 837 875 955 1021 1037 1042 1040 1038 1040 1043 1042 1032 1000 910 878 867
456 433 455 447 312 560 673 364 233 228 221 208 231 250 274 281 282 284 283 279 269 253 234 186 55 715 778 836 1423 1224 1066 1175 1362 1554 1576 1530 1451 1358 1284 1245 1213 999 472 568 571 645 645 664 670 661 662 675 685 700 717 736 758 781 815 837 854 863 873 897 945 1011 1023 1030 1032 1032 1031 1031 1032 1029 1019 950 895 871 862
462 450 460 440 400 576 615 526 531 684 206 209 202 222 234 248 261 277 279 271 252 239 223 178 139 221 804 837 1145 1366 1105 981 1161 1443 1531 1447 1384 1318 1216 1205 1157 1047 1014 612 633 702 709 713 713 708 708 712 723 742 766 800 836 862 884 899 911 920 937 968 1010 1018 1024 1026 1027 1027 1026 1026 1025 1021 1011 912 879 864 858
467 461 468 434 386 557 445 695 708 685 188 207 180 217 226 241 252 263 263 254 240 232 222 184 173 199 794 997 817 1089 1028 903 1006 1339 1454 1432 1373 1279 1184 1204 1182 1082 1010 567 694 724 720 729 730 726 727 735 753 780 836 869 895 919 937 954 973 991 1009 1013 1017 1021 1022 1024 1025 1025 1024 1024 1021 1015 954 887 867 858 855
478 473 469 467 497 350 242 214 216 209 185 187 178 220 228 243 249 253 252 251 242 234 225 183 181 358 357 724 830 873 795 889 936 1232 1379 1369 1330 1277 1261 1200 1175 1055 906 502 764 668 735 736 733 736 739 751 777 837 875 905 932 957 1006 1011 1011 1012 1012 1015 1017 1019 1020 1019 1018 1019 1024 1022 1018 1011 915 875 860 855 855
496 473 486 459 287 225 198 189 195 198 197 189 192 228 232 247 250 253 255 253 240 231 228 223 252 368 260 638 975 1181 895 989 1048 1154 1341 1368 1371 1312 1279 1213 1090 1047 914 897 662 695 729 720 742 743 751 768 828 863 894 919 946 1010 1009 1010 1016 1011 1014 1015 1017 1014 1014 1014 1015 1015 1016 1020 1014 960 904 871 859 856 858
486 489 477 372 236 221 207 197 209 216 214 208 221 238 241 258 257 250 244 242 241 252 283 357 357 321 283 196 689 1229 1243 1212 1092 1162 1345 1366 1365 1325 1233 1120 1120 1092 1023 1005 1014 722 711 753 740 755 764 792 848 877 902 928 979 1009 1009 1009 1010 1013 1011 1011 1011 1012 1013 1013 1014 1014 1013 1018 1011 928 906 872 861 860 864
498 486 461 331 238 237 226 221 223 224 225 229 243 253 254 279 275 259 263 282 293 362 448 369 337 251 246 196 656 1236 1341 1252 1202 1127 1327 1375 1361 1313 1119 1077 1101 1142 1122 1060 999 598 775 691 760 767 781 832 860 883 907 941 1007 1009 1010 1011 1010 1010 1010 1010 1011 1013 1015 1015 1013 1012 1013 1015 972 917 912 876 865 865 870
493 476 450 329 262 273 248 239 238 240 246 261 280 280 281 288 290 294 306 363 456 450 367 301 263 200 222 197 691 1267 1485 1488 1341 1105 1282 1352 1388 1345 1228 1068 1067 1100 1228 1135 1007 882 739 827 760 769 806 847 866 886 912 975 1002 1009 1012 1012 1011 1011 1011 1011 1012 1011 1010 1014 1015 1011 1012 1011 936 917 919 878 868 868 874
480 465 430 340 285 288 279 268 264 273 283 291 295 296 301 314 337 377 470 469 411 355 285 228 219 179 195 201 197 1258 1511 1595 1540 1286 1263 1322 1467 1379 1339 1068 1046 1047 1212 1216 1038 995 922 698 760 802 832 850 869 885 918 1009 1008 1010 1011 1011 1011 1011 1011 1010 1009 1010 1013 1013 1015 1013 1012 975 914 923 923 876 866 868 874
465 455 409 348 290 293 290 291 294 301 309 318 328 347 375 420 500 556 468 371 288 238 219 191 187 176 182 222 189 1257 1558 1579 1607 1497 1322 1300 1416 1557 1354 1301 1037 1025 1080 1246 1104 1019 1005 1005 848 770 837 859 866 884 919 1007 1008 1010 1013 1012 1012 1010 984 1011 984 953 934 946 966 1012 1011 962 900 929 922 868 859 863 870
454 447 396 350 295 300 304 315 326 350 362 378 406 452 481 557 533 458 331 239 202 188 183 180 179 179 173 224 214 1326 1564 1551 1599 1566 1490 1315 1316 1544 1574 1329 1097 1061 1076 1276 1092 1095 1063 1018 647 833 845 848 869 880 915 1007 1008 1011 1015 1013 1010 1010 988 988 971 951 944 966 986 997 1006 942 895 925 916 854 848 856 864
444 421 388 355 305 315 328 356 369 386 411 451 471 503 552 510 447 314 228 184 173 174 176 178 176 182 173 227 217 1484 1553 1540 1564 1547 1522 1352 1268 1280 1557 1593 1312 1296 1291 1087 1021 1073 1214 1064 1014 852 780 868 863 880 915 1009 1011 1014 1014 1014 1011 990 1005 939 915 901 895 905 919 976 1003 930 898 922 906 839 838 850 860
420 408 386 361 328 351 362 378 399 444 457 476 513 547 503 444 322 239 192 173 171 173 174 175 172 181 171 224 182 1493 1528 1520 1513 1510 1495 1397 1250 1218 1243 1590 1476 1294 1286 1024 1022 1023 1087 1224 1059 706 845 832 867 875 910 1009 993 1009 1010 1011 1009 967 932 908 901 892 872 870 893 964 1011 937 909 926 896 812 817 847 858
407 403 389 374 364 372 384 408 448 461 477 511 551 508 454 356 270 220 186 175 174 172 170 170 170 173 171 226 442 1512 1499 1488 1458 1469 1426 1467 1293 1021 1025 1224 1278 1263 1267 1027 1003 1019 1110 1264 1065 987 778 859 852 869 897 948 953 951 962 973 949 920 908 903 894 885 872 865 885 941 997 963 927 935 891 805 818 848 860
398 400 396 391 390 395 415 449 461 477 503 541 518 468 385 304 244 218 186 177 175 172 169 170 168 175 176 227 1151 1514 1433 1478 1378 1345 1311 1291 1353 1266 988 1000 1213 1215 1040 1080 1047 1189 1229 1264 1075 1017 996 744 840 855 881 915 930 927 932 937 922 906 898 885 896 880 881 887 908 932 1016 996 954 944 891 830 838 855 866
392 399 402 415 435 434 451 461 476 500 531 525 483 435 356 283 232 218 192 179 176 171 169 168 173 174 199 226 1316 1481 1339 1476 1362 1284 1266 1262 1284 1338 1029 816 1001 1069 1008 1000 1069 1218 1272 1268 1169 1055 1010 1003 840 841 864 895 915 918 919 919 910 901 895 891 896 894 899 921 928 928 1019 1012 982 948 895 846 850 866 873
389 397 407 446 460 457 466 479 501 532 526 490 455 374 301 248 222 215 178 173 171 172 172 174 175 189 280 395 1482 1414 1288 1310 1353 1274 1256 1260 1257 1317 1104 851 866 980 1142 1131 1277 1341 1321 1300 1264 1209 1047 1014 734 809 849 877 905 914 912 909 903 899 894 884 892 895 897 936 934 1014 1019 1014 995 950 900 864 866 877 881
389 397 412 454 477 472 485 502 522 514 485 456 384 316 266 225 218 183 179 175 175 170 170 172 185 228 446 561 1504 1471 1281 1250 1258 1270 1277 1228 1062 1208 1215 927 681 850 1141 1310 1323 1336 1308 1293 1315 1296 1192 1024 687 784 836 862 892 908 907 903 900 899 893 884 887 890 912 937 935 1014 1014 1015 999 951 903 878 877 885 886
390 400 421 462 492 483 492 495 488 471 447 378 317 280 231 219 186 180 170 169 167 171 176 186 233 500 558 1020 1503 1484 1362 1265 1246 1251 1272 1259 1205 1225 1302 962 652 701 1110 1256 1330 1340 1316 1345 1378 1403 1222 935 510 741 811 851 880 900 901 900 899 898 892 884 884 888 907 940 929 1015 1013 1014 977 943 906 889 884 889 888
394 405 436 467 490 477 475 467 454 409 368 317 282 236 219 190 180 168 172 173 176 180 191 237 516 612 688 1242 1486 1409 1503 1299 1249 1250 1271 1280 1246 1278 1394 1036 548 534 912 1148 1268 1353 1424 1369 1459 1402 1218 878 799 787 784 845 870 891 897 899 898 896 890 881 872 870 897 932 919 1014 1016 1012 945 928 911 896 888 890 887
396 412 447 467 478 463 455 430 391 359 304 269 236 224 218 188 174 178 179 191 220 447 472 473 603 685 860 1302 1460 1310 1303 1254 1262 1260 1271 1286 1384 1637 1550 1250 716 530 852 1103 1261 1298 1446 1339 1455 1407 1229 996 821 688 807 841 863 883 893 898 897 892 887 873 870 868 882 918 916 1013 1015 1014 923 911 915 904 890 889 885
397 414 448 464 468 451 415 382 353 303 283 263 242 230 220 187 198 222 509 474 478 612 585 551 636 795 1052 1304 1290 1266 1247 1229 1241 1251 1221 1238 1392 1556 1420 1265 776 532 873 1148 1202 1272 1340 1340 1378 1456 1306 1146 898 829 836 842 858 877 890 896 895 889 885 872 867 865 881 916 915 931 979 1014 909 896 912 892 888 885 881
395 409 439 458 460 417 382 357 314 290 264 240 231 226 225 234 252 557 608 579 590 686 659 628 730 884 1143 1249 1222 1230 1224 1214 1212 1226 1236 1251 1575 1658 1631 1298 1034 570 855 1038 1192 1302 1273 1437 1479 1492 1482 1292 1020 883 764 842 853 871 886 894 893 889 885 878 871 863 895 927 922 928 943 1014 895 883 904 888 883 879 876
394 402 418 446 436 381 355 308 283 250 240 240 240 242 258 264 534 613 653 612 630 701 714 824 897 1010 1122 1218 1081 1180 1216 1209 1206 1226 1288 1533 1610 1611 1668 1462 1160 800 661 885 1265 1280 1296 1515 1482 1486 1505 1324 1228 1008 687 841 848 865 880 891 892 890 883 878 874 881 904 961 967 947 932 997 881 872 894 883 876 871 868
391 394 399 399 381 345 300 284 279 279 280 279 271 278 267 552 601 681 685 681 679 709 832 994 1020 1027 1116 1141 1085 1100 1151 1207 1212 1254 1513 1488 1543 1655 1622 1397 1147 869 657 803 1084 1297 1390 1524 1420 1487 1568 1381 1287 635 594 774 839 857 873 886 890 887 880 875 874 882 891 916 936 977 951 944 870 861 880 875 867 863 862
386 384 380 367 327 296 287 292 301 300 291 305 558 518 534 597 690 711 715 726 736 802 927 1039 1016 1029 1102 1093 1063 1045 1060 1201 1217 1258 1295 1369 1378 1408 1412 1382 1088 829 849 833 1048 1310 1422 1493 1462 1384 1318 1336 1260 474 584 724 789 847 864 879 885 882 875 869 866 869 874 884 891 913 942 909 861 850 867 866 860 857 857
378 372 361 326 299 296 306 322 308 311 532 557 610 582 600 701 776 835 805 823 857 905 1017 1044 1027 1029 1034 1031 1030 1028 1056 1199 1229 1288 1591 1378 1366 1347 1375 1291 1149 964 909 1017 1086 1280 1353 1469 1332 1349 1236 636 454 464 604 703 736 836 854 870 877 875 870 863 858 859 864 868 875 885 896 886 854 840 854 859 855 852 853
369 356 326 306 304 310 312 302 306 556 612 636 676 647 693 789 895 899 874 880 914 1006 1029 1036 1050 1045 1013 1000 1003 1043 1198 1206 1421 1467 1463 1379 1339 1201 1202 1173 1113 930 978 1055 1064 1126 1241 1465 1360 1327 1207 1008 447 522 636 694 712 776 844 860 868 869 865 859 854 854 858 866 870 876 877 871 850 826 844 853 851 849 851
359 318 298 296 310 306 302 305 497 577 558 560 607 678 742 890 1019 1007 1007 1016 1005 1016 1029 1028 1050 1092 1036 1017 1016 1070 1197 1194 1236 1452 1469 1482 1378 1144 1125 1146 1131 930 884 886 1034 1063 1228 1249 1373 1195 1025 974 487 569 632 688 703 741 836 852 860 863 861 857 853 853 857 860 871 874 869 861 845 801 838 848 848 847 850
333 293 280 287 303 291 284 288 571 558 448 397 477 648 780 953 1056 1066 1095 1117 1082 1054 1052 1054 1069 1124 1199 1225 1213 1195 1189 1176 1149 988 1164 994 771 695 829 948 1004 936 806 802 828 920 1045 1146 1081 1002 964 870 529 605 616 689 698 725 821 850 860 862 861 859 857 858 859 873 876 877 867 857 842 786 815 844 845 845 849
300 274 251 268 281 250 253 448 563 576 548 456 453 671 828 1007 1064 1098 1222 1265 1231 1167 1223 1225 1138 1095 1121 1234 1244 1209 1199 1178 848 645 592 910 633 279 535 842 944 901 748 715 615 731 917 1009 1026 918 977 902 872 617 644 691 706 729 807 848 856 861 863 862 862 864 877 871 886 884 869 854 840 779 796 841 844 844 848
268 245 231 231 228 222 224 286 703 1092 1419 1197 561 727 877 1038 1084 1149 1241 1267 1261 1266 1280 1265 1226 1089 1090 1213 1222 1214 1204 1028 658 464 799 826 522 448 305 463 815 910 791 765 657 725 888 963 880 857 836 892 908 912 730 714 706 728 836 854 865 867 867 868 870 868 841 870 892 890 871 854 839 779 788 839 843 844 847
224 223 217 214 194 186 184 190 1143 1113 1372 1260 723 830 997 1080 1136 1233 1258 1266 1270 1283 1282 1268 1238 1219 1216 1226 1262 1434 1315 693 277 288 154 283 665 656 463 343 390 814 1003 940 740 805 900 991 932 843 705 727 862 925 768 766 752 764 836 854 858 863 869 871 872 851 927 851 890 889 870 854 839 784 789 838 842 843 847
190 201 195 191 179 170 164 120 81 86 1029 1211 860 928 1051 1123 1227 1259 1279 1282 1286 1302 1302 1292 1297 1255 1339 1495 1505 1510 1290 738 536 299 271 298 361 722 687 423 278 351 857 960 811 797 842 984 1001 855 702 643 702 895 941 996 744 801 854 865 877 886 880 880 882 864 1031 1028 888 881 866 850 837 786 796 836 841 842 846
176 185 185 183 173 157 134 84 60 21 96 1263 935 1034 1112 1172 1248 1299 1322 1318 1324 1362 1404 1343 1359 1487 1511 1527 1550 1586 1296 911 411 543 347 349 316 365 814 630 340 298 810 952 827 754 829 972 992 882 831 700 683 815 969 1010 1001 1025 859 873 867 852 862 866 862 837 1013 967 870 872 861 852 833 783 804 834 840 842 845
171 179 181 178 167 138 122 26 71 32 54 56 312 1244 1248 1270 1324 1354 1358 1380 1400 1434 1410 1325 1472 1520 1515 1509 1533 1625 1327 447 182 219 275 178 232 344 550 880 440 664 945 943 851 805 825 923 873 815 826 675 679 823 994 997 1003 1051 1041 1079 1058 1027 911 851 857 891 840 910 851 861 855 856 837 779 804 830 839 840 843
173 181 181 175 166 129 101 54 41 56 60 64 88 87 318 1148 1273 1488 1507 1499 1500 1493 1450 1343 1516 1534 1552 1610 1540 1494 1148 125 135 174 278 159 231 415 475 1066 843 1017 1015 952 850 791 736 800 723 676 683 683 735 841 1017 1019 1021 1058 1050 1065 1058 887 717 710 716 757 687 860 835 851 848 851 839 777 803 825 836 839 841
185 192 189 175 143 125 108 100 74 66 67 83 88 88 90 25 195 1549 1516 1564 1583 1542 1499 1510 1536 1582 1614 1595 1491 1490 189 147 220 149 139 155 208 452 377 1086 1240 1313 1078 916 823 772 686 673 629 548 659 720 787 835 996 1016 1034 1028 1026 1032 1016 799 593 466 461 593 499 815 760 838 841 839 839 773 804 817 826 831 835
221 220 212 180 146 137 139 135 93 86 86 86 88 90 88 89 61 150 1679 1716 1767 1738 1581 1545 1735 1782 1523 1489 1378 1372 507 135 108 130 175 196 260 202 169 1256 1313 1335 1038 888 830 789 712 682 624 536 536 690 812 818 812 846 1013 986 996 948 871 707 484 405 440 650 500 778 737 802 839 799 840 767 809 807 813 820 822
277 257 239 207 180 198 208 128 101 95 92 90 89 91 90 89 88 87 141 1568 1646 1576 1402 1356 1541 1756 1492 1281 1468 1481 1422 853 156 179 213 301 553 380 540 1021 1489 1360 1110 908 843 821 813 776 682 581 552 591 668 663 539 589 719 676 768 760 745 703 511 450 595 821 641 762 709 768 835 767 845 760 811 796 802 808 809
318 311 299 270 281 288 187 131 120 110 98 94 93 92 91 92 90 93 100 531 1506 1386 1354 1395 1329 1535 1478 1322 1525 1523 1227 133 229 344 585 240 324 509 578 877 1677 1417 1201 991 867 842 866 884 828 690 662 665 645 556 574 563 501 471 543 570 594 729 683 641 738 846 785 751 723 790 807 748 845 768 814 787 793 799 799
358 362 362 358 390 247 180 141 125 121 105 109 99 95 93 98 97 105 129 604 1232 1381 1335 1559 1463 1124 1382 1404 1368 1497 142 60 104 170 490 1067 236 390 470 762 1630 1431 1285 1025 848 863 1020 1040 1003 830 725 703 670 552 455 446 429 479 393 427 599 746 742 811 845 791 875 708 696 718 764 735 833 781 822 779 790 795 790
371 379 383 377 368 248 198 166 133 124 122 122 121 99 110 126 126 134 165 618 1117 1371 1451 1496 1484 1228 1259 1294 1338 1228 214 104 139 270 550 1130 1363 1440 1436 1435 1444 1426 1315 1134 993 998 1101 1167 1050 914 830 786 699 574 449 384 446 443 413 485 688 741 713 832 840 796 972 905 925 864 688 733 802 827 802 778 793 795 782
389 395 398 385 358 287 229 180 157 131 126 125 125 127 135 154 146 173 252 200 657 1059 1379 1542 1591 1524 1520 1534 1251 354 51 206 590 353 829 1317 1460 1434 1432 1377 1336 1320 1318 1267 1072 1080 1203 1206 1046 964 853 814 728 670 523 430 426 466 441 542 669 697 726 761 839 822 993 1013 948 782 786 677 753 841 784 774 797 797 776
425 422 415 392 360 301 252 211 169 141 134 135 140 165 170 176 200 258 234 183 687 953 1292 1461 1475 1534 1501 1339 1482 1230 56 583 658 208 566 1272 1515 1402 1425 1312 1247 1310 1321 1346 1308 1212 1164 1161 1044 1003 856 813 814 815 672 497 430 398 495 543 557 573 692 826 844 841 1010 1026 875 709 743 861 714 801 811 772 801 798 771
464 456 439 394 360 307 282 223 177 171 171 177 183 190 204 247 323 157 178 148 609 745 1158 1235 1114 1251 1373 1475 1314 1241 1110 1117 677 188 389 1458 1533 1530 1454 1371 1336 1290 1297 1367 1327 1247 1198 1079 1048 1047 936 839 847 995 875 640 490 474 582 636 541 548 607 696 785 815 1011 1007 739 629 710 849 661 700 815 767 802 797 767
490 469 451 385 360 315 287 232 221 193 197 221 232 258 348 336 216 142 186 180 564 688 1072 1049 881 1055 1299 1260 203 498 1296 1236 573 445 1366 1608 1634 1523 1486 1518 1423 1342 1270 1290 1296 1262 1199 1060 1066 1187 1089 1004 964 1043 1026 799 662 626 675 668 633 619 544 466 491 724 964 956 657 604 715 856 837 664 764 758 797 794 763
523 478 440 378 367 333 297 267 240 243 257 290 341 416 340 220 197 171 225 218 564 692 1016 1065 1095 1195 1389 1244 336 714 781 318 577 1346 1527 1561 1698 1622 1572 1584 1448 1419 1295 1305 1302 1291 1206 1087 1077 1221 1279 1127 1012 1079 1160 870 720 669 680 677 684 672 376 297 307 574 902 866 646 679 700 833 910 682 731 743 788 789 759
546 478 424 381 385 370 340 311 301 326 380 457 435 321 248 218 218 196 188 200 211 562 693 844 1014 1143 1291 225 109 97 160 295 717 1574 1636 1684 1716 1682 1546 1450 1417 1386 1347 1332 1315 1304 1228 1159 1089 1214 1328 1238 1067 1103 1216 936 759 692 760 735 700 668 365 364 315 451 786 678 454 572 572 687 906 690 703 728 777 783 755
531 470 418 395 436 404 407 395 423 471 470 400 309 259 244 229 221 203 171 181 214 452 568 708 842 1108 176 169 32 29 164 226 696 1574 1709 1718 1697 1647 1569 1433 1380 1375 1411 1353 1295 1261 1242 1141 1103 1075 1269 1346 1212 1124 1212 1003 830 819 852 821 727 696 567 357 368 360 572 448 356 414 480 566 821 636 656 713 767 777 752
481 453 413 412 492 489 485 474 466 413 339 310 283 261 244 228 212 192 168 176 212 418 560 721 861 605 51 116 253 117 208 347 1372 1707 1759 1776 1710 1674 1628 1463 1386 1396 1484 1410 1285 1222 1276 1229 1231 1188 1241 1466 1283 1227 1227 1082 950 884 879 842 807 735 670 535 352 346 363 376 373 453 504 581 759 610 648 703 756 773 751
430 413 403 411 487 480 432 407 368 328 312 300 283 260 240 227 207 197 173 183 223 452 631 872 1008 1028 102 41 462 375 232 267 1506 1777 1821 1798 1757 1717 1652 1407 1358 1394 1485 1429 1226 1082 1260 1270 1308 1248 1294 1492 1496 1421 1319 1251 1050 1007 949 881 831 750 693 608 542 408 441 378 456 576 553 579 681 559 589 695 749 771 752
394 394 394 399 422 403 372 359 326 321 310 295 278 255 241 231 220 214 185 194 233 289 297 694 837 848 596 283 310 233 177 288 1104 1725 1784 1767 1786 1736 1511 1247 1204 1219 1225 1232 1220 1121 1262 1231 1297 1475 1488 1475 1533 1503 1478 1276 1126 1075 1049 941 828 721 717 674 547 420 424 422 460 650 579 526 542 695 564 667 731 769 752
382 383 384 384 387 374 331 337 324 318 302 287 275 261 248 237 226 223 203 222 231 283 295 542 702 929 860 273 230 241 233 273 899 1668 1750 1738 1616 1501 1326 1213 1141 1084 902 1011 1321 1332 1287 1217 1242 1473 1492 1506 1506 1497 1475 1300 1237 1240 1143 1025 864 766 703 648 469 385 430 424 290 381 572 590 592 586 509 641 733 767 750
375 377 375 360 340 351 322 328 313 302 292 287 286 284 262 240 228 225 224 229 243 293 565 606 686 947 594 75 255 405 233 124 542 1683 1841 1902 1502 245 364 1106 1193 1177 1173 1273 1364 1315 1335 1227 1227 1342 1497 1528 1536 1521 1480 1168 1304 1290 1241 1083 992 851 707 607 530 441 414 411 478 545 404 680 706 710 481 609 727 751 748
371 372 369 345 314 330 304 304 294 292 293 296 295 289 275 237 230 226 237 237 289 318 564 579 935 881 773 477 594 709 524 303 790 1672 1797 1836 524 115 37 616 1287 1303 1341 1437 1435 1368 1381 1273 1256 1305 1487 1513 1513 1514 787 1100 1264 1173 1072 1059 1037 947 826 707 636 522 440 392 344 381 584 765 841 805 465 601 713 746 749
368 369 367 341 294 312 289 291 290 294 298 301 296 289 264 237 233 237 248 289 308 564 692 1056 176 156 251 1126 1452 1611 1667 1652 1604 1657 1712 1675 306 81 53 408 1385 1438 1474 1477 1475 1455 1334 1279 1305 1371 1488 1497 171 104 56 1113 1132 1034 1027 1030 992 946 1024 904 745 551 438 370 432 543 706 784 846 849 447 555 712 739 748
365 365 364 332 283 299 287 290 292 298 301 298 292 285 257 243 244 268 287 295 339 295 694 1148 241 108 146 951 1662 1741 1763 1743 1677 1682 1758 1760 727 109 30 1039 1509 1567 1477 1466 1485 1458 1329 1344 1337 1078 1050 21 132 212 308 1066 1013 912 924 896 862 854 1045 1090 875 621 462 439 543 667 605 577 626 871 693 581 704 732 744
363 362 362 329 284 293 288 291 294 297 297 291 287 284 283 283 284 286 288 284 287 242 255 177 902 73 237 1407 1723 1758 1782 1755 1705 1723 1794 1819 1653 865 892 1269 1536 1542 1474 1447 1503 1421 1323 453 306 114 135 139 154 260 451 960 864 878 872 811 701 479 374 1072 1144 981 684 557 558 530 467 477 738 913 795 712 653 727 742
360 360 360 342 291 292 291 293 294 295 293 290 288 289 291 291 289 284 284 237 273 283 557 762 1187 1229 1456 1642 1721 1726 1750 1759 1745 1749 1744 1744 1642 1187 1131 1265 1418 1454 1326 1236 955 254 126 156 196 213 216 168 170 257 501 853 807 848 807 726 560 349 217 575 1549 1472 998 688 526 451 462 592 768 914 830 789 608 722 734
352 358 359 350 308 296 299 301 302 305 307 308 314 325 324 301 287 249 238 222 237 289 638 1287 1427 1483 1555 1570 1602 1636 1683 1709 1691 1634 1596 1627 1466 1169 1096 934 696 781 344 194 166 174 188 230 317 333 276 186 185 257 516 756 710 745 714 606 463 294 162 318 485 1193 1350 844 509 409 452 555 726 894 844 838 613 711 724
336 345 349 341 318 310 332 338 358 360 363 366 368 365 344 291 256 225 224 174 229 234 655 1477 1488 1458 1438 1410 1447 1503 1548 1545 1520 1491 1478 1470 1333 1081 821 225 241 170 161 167 175 222 244 312 468 430 310 209 210 259 457 758 651 647 563 438 329 245 185 110 125 126 129 855 732 530 558 566 703 881 712 711 669 703 716
326 334 339 336 318 359 363 367 373 384 394 396 384 364 299 261 228 221 197 175 239 505 1284 1446 1390 1345 1298 1261 1319 1413 1460 1452 1433 1434 1411 1260 1097 958 590 101 569 166 166 196 233 261 296 458 585 486 328 241 242 264 375 782 724 648 526 406 341 305 288 224 168 171 171 221 899 854 711 707 795 711 691 699 677 698 710
324 332 338 343 326 370 379 402 448 455 453 405 372 311 269 230 221 204 178 189 237 1023 1411 1294 1256 1191 1208 1196 1243 1335 1382 1389 1403 1411 1325 1125 1052 909 628 275 226 178 184 241 285 308 398 591 592 462 332 271 265 272 337 588 786 724 621 516 472 468 382 223 188 219 227 194 854 832 743 708 690 664 662 686 663 693 706
336 344 354 360 359 393 447 460 463 460 423 374 315 273 231 220 184 176 167 212 222 1232 1300 1232 1180 978 1059 1060 1201 1325 1322 1351 1401 1402 1304 1152 1085 939 699 568 250 189 194 264 341 401 560 615 526 412 330 299 284 280 322 421 614 706 718 702 637 497 315 234 242 285 299 317 529 763 749 702 668 652 644 672 674 697 710
362 365 368 373 374 457 465 472 467 453 380 322 278 233 220 189 176 169 166 219 505 1408 1194 1211 1166 1099 972 733 1240 1345 1354 1389 1394 1394 1322 1113 1032 926 758 607 302 218 204 298 451 561 608 589 481 389 332 310 295 297 330 406 531 679 725 687 550 393 307 296 366 369 400 421 494 697 704 676 653 642 633 670 693 705 718
385 387 391 403 426 473 480 479 461 397 346 289 241 222 194 179 170 166 173 222 1300 1487 1232 1214 1173 1149 1066 1060 1302 1412 1427 1445 1395 1403 1383 1127 992 882 712 580 366 245 231 391 579 613 609 560 471 400 359 334 328 347 395 474 604 708 673 585 479 391 375 446 477 486 533 464 517 646 653 644 635 630 626 675 701 716 728
430 430 440 458 467 493 494 476 434 371 309 269 234 222 194 180 171 149 169 173 1349 1418 1407 1319 1223 1211 1220 1252 1396 1483 1535 1485 1428 1473 1428 1191 1007 856 674 520 345 292 278 531 614 618 607 568 496 455 408 394 404 448 497 595 712 669 619 561 492 474 506 585 545 641 561 466 543 617 627 627 621 619 625 683 711 728 737
469 468 470 478 486 513 495 466 395 352 299 267 237 225 210 187 177 171 185 413 1541 1468 1433 1426 1331 1236 1243 1383 1376 1581 1565 1507 1435 1491 1363 1168 969 769 345 451 586 289 343 603 615 622 616 589 563 500 473 469 481 513 580 701 721 636 613 600 590 604 640 671 714 724 523 468 565 601 615 615 611 614 628 693 722 739 742
497 491 488 490 493 504 482 450 377 332 299 281 241 229 224 216 188 186 185 1229 1646 1508 1446 1432 1326 1236 1270 1434 1434 726 895 1248 1343 1315 1257 997 898 484 386 676 534 323 522 598 611 618 611 593 576 553 514 514 541 579 652 723 711 651 662 693 702 726 738 766 795 662 487 476 567 594 605 607 607 616 636 698 731 747 745
531 512 498 489 483 483 464 403 365 326 302 287 249 233 227 225 219 240 418 1379 821 1295 1708 1459 1381 1346 1367 1383 1286 567 216 1040 1180 1389 1115 1011 980 888 716 650 433 379 571 582 598 597 593 583 575 571 570 575 592 658 723 732 716 714 743 768 765 777 815 841 797 579 472 488 571 591 600 605 610 623 649 705 739 751 745
562 524 499 480 470 464 426 380 350 319 301 289 256 233 226 224 233 244 629 1370 28 22 1328 1585 1519 1586 1401 1344 1232 431 240 280 1359 1216 984 1011 1031 1024 728 575 439 485 578 573 585 581 582 580 583 591 600 619 696 728 747 742 738 750 782 833 843 799 857 877 748 530 470 506 578 592 602 611 621 638 674 715 745 752 744
566 521 491 470 458 430 389 363 325 307 294 285 250 229 221 220 231 532 466 555 8 9 188 1304 1179 1088 1265 1542 1277 303 251 185 1308 1096 925 912 954 846 732 561 493 580 585 575 578 575 583 596 618 642 668 706 738 762 764 764 766 777 809 893 917 890 883 873 689 511 479 531 588 599 613 627 641 658 696 725 748 751 741
555 504 478 461 428 392 367 333 305 294 286 266 237 228 222 229 234 915 1043 313 142 1422 1258 1096 1092 881 1251 1540 477 248 256 201 1272 1220 1030 960 875 716 728 588 570 603 590 578 575 578 597 632 694 701 716 770 827 808 804 813 815 840 874 919 939 924 894 852 624 509 495 565 600 612 630 654 675 694 705 733 748 747 736
515 481 462 443 396 371 334 307 290 284 251 236 227 222 207 216 182 1243 1341 1420 1362 1353 1039 425 379 1259 415 122 200 232 268 1263 1324 1189 1127 1024 874 685 720 606 594 601 588 577 574 585 613 671 702 713 741 794 853 867 862 869 887 905 918 938 945 917 883 773 595 514 521 587 613 628 660 694 697 702 716 738 744 739 729
484 460 439 408 374 340 305 291 277 251 234 226 224 225 226 237 434 1393 1612 1604 1380 1290 1152 31 249 562 364 22 26 294 250 1250 1297 1097 1086 1027 870 611 709 602 601 591 583 575 576 592 628 696 707 721 736 793 881 889 881 893 917 928 938 944 906 890 855 715 580 525 563 611 627 654 696 704 704 710 727 741 738 731 722
463 434 411 387 347 309 290 285 265 247 232 225 223 226 227 207 1263 1545 1398 1677 1421 157 205 30 24 1514 1245 146 71 174 214 1154 1092 1027 935 601 708 696 689 599 602 586 584 576 581 604 654 703 714 734 766 863 935 895 894 909 929 936 947 937 884 850 779 665 574 553 595 631 651 694 708 712 712 722 737 733 731 724 718
446 414 395 370 311 293 285 285 264 242 229 224 223 226 239 413 1250 1555 1421 1545 1578 157 58 310 56 1138 881 249 97 121 243 954 1099 1026 944 810 631 701 640 603 605 588 589 582 592 622 682 709 730 769 875 973 935 898 900 915 931 942 943 902 814 775 735 634 575 581 626 655 694 708 717 718 722 733 736 732 725 719 716
426 403 385 353 297 288 286 286 262 240 230 228 230 228 226 1119 1281 1568 1533 1618 1492 154 55 88 107 95 54 231 88 187 1132 1268 1054 1020 767 856 596 698 623 612 606 593 594 590 612 655 702 724 762 864 920 1028 912 901 900 915 932 936 914 817 745 739 708 627 595 621 662 696 708 719 723 725 731 729 725 720 722 718 718
413 396 377 332 290 284 283 262 237 228 223 210 200 243 529 1107 1259 1582 1524 1546 1252 33 47 89 90 125 140 143 50 92 1158 1164 934 640 711 703 588 695 616 617 602 599 602 605 644 696 721 757 860 907 990 942 907 900 897 917 933 919 855 734 711 717 695 641 640 687 702 711 720 725 726 725 725 728 722 717 724 721 721
404 390 371 320 286 283 283 253 231 222 198 220 233 195 1082 1004 1192 1450 1437 1259 173 42 68 95 101 122 136 168 101 666 644 1037 852 580 714 660 650 677 621 619 601 611 622 646 704 732 814 855 904 946 956 919 906 892 898 921 912 876 748 696 689 705 695 680 701 714 718 722 726 727 727 724 718 721 720 714 715 716 725
395 383 365 312 286 285 275 244 230 222 192 188 183 696 839 393 1259 1554 1270 1158 160 79 105 124 127 126 135 192 84 1002 997 842 575 710 716 697 699 680 642 627 612 645 680 711 770 856 866 882 888 926 939 917 899 883 902 910 891 783 706 658 677 705 706 712 723 730 729 728 727 726 724 713 715 719 724 713 711 716 728
388 376 358 303 283 269 250 239 228 224 222 222 853 1197 619 234 1291 1488 1259 1115 195 125 128 137 142 141 149 195 144 621 784 410 662 736 721 708 705 697 695 650 643 700 716 793 866 861 860 859 901 923 918 912 885 880 903 900 843 737 673 656 695 713 723 732 737 736 731 727 723 719 711 712 710 720 727 709 710 716 726
382 369 337 288 237 233 226 225 226 231 221 189 853 919 92 13 1332 1322 1261 1060 164 150 241 162 172 176 180 189 312 347 374 453 714 735 731 715 708 703 702 690 699 721 790 863 854 829 818 864 879 905 902 900 872 881 893 868 775 715 673 682 712 731 743 746 740 733 726 721 716 712 706 709 711 720 709 706 708 719 722
376 362 319 267 228 227 227 233 229 225 556 765 675 260 1127 1064 1545 1255 1235 1077 1028 218 236 178 179 185 193 644 394 359 399 583 706 743 730 715 709 708 707 703 722 786 807 833 810 824 831 856 890 897 903 878 862 872 867 813 750 708 698 714 732 746 750 739 733 725 718 715 712 701 702 711 722 716 697 703 705 716 717
369 347 307 257 230 228 225 228 230 230 1198 1172 948 307 1262 1477 1588 1342 1259 1128 995 199 233 189 196 241 656 612 366 385 490 599 705 709 732 713 710 713 717 734 833 806 792 791 820 830 813 850 889 898 880 854 853 852 821 777 742 723 727 738 745 745 733 729 725 715 714 713 703 700 703 716 731 717 693 698 700 710 711
361 326 296 249 228 229 229 235 235 225 1222 365 666 941 1386 1197 1528 1504 1340 1161 976 157 234 225 481 644 697 396 361 396 592 868 702 735 727 711 716 727 756 848 803 785 791 788 804 786 785 850 876 868 847 830 824 804 781 760 746 742 745 745 741 728 722 721 717 710 711 702 704 704 715 735 729 706 706 694 696 705 706
334 306 284 240 228 227 221 184 184 1066 242 180 1273 1305 1255 1320 1440 1510 1326 1077 142 149 246 315 606 703 463 377 376 516 841 713 698 759 727 724 741 782 832 780 775 788 764 777 789 758 790 852 856 835 822 822 802 779 762 752 748 748 744 734 724 719 716 712 711 705 695 697 702 718 733 746 736 719 709 681 683 700 700
309 289 260 232 199 184 186 202 696 1393 1247 1282 1044 1265 1070 1089 1290 1317 960 100 133 181 252 435 681 593 415 388 421 598 868 873 751 809 747 764 810 842 777 789 780 770 772 775 740 744 787 812 796 782 784 786 774 757 746 743 744 740 729 721 718 717 714 706 697 680 676 693 716 740 761 769 752 727 704 662 661 688 689
290 264 245 227 189 186 174 150 1346 1353 1341 1309 1335 1181 1028 1088 1284 708 99 115 187 229 334 516 612 461 387 379 570 717 865 712 785 804 761 847 833 773 772 779 785 776 788 745 727 756 788 794 780 774 779 783 773 760 752 748 738 731 727 722 716 711 702 690 660 666 677 704 726 751 783 781 754 724 701 667 657 663 667
263 242 232 212 176 166 170 1033 1444 1547 1295 1352 1223 873 978 1190 1141 785 108 157 181 232 380 424 480 452 394 460 604 568 583 568 846 822 840 792 753 739 770 782 749 780 738 702 715 744 761 762 754 751 755 762 761 752 743 734 724 714 706 700 698 687 660 648 639 645 689 720 756 795 825 806 764 727 700 654 643 646 654
244 231 228 220 202 204 695 1310 1355 1380 1343 1285 1214 1147 1172 904 666 238 214 246 241 290 371 432 498 480 480 556 549 565 588 696 809 779 763 738 728 729 751 779 786 762 729 713 729 745 751 746 737 732 731 735 736 732 727 721 715 708 701 698 697 689 664 654 652 669 702 723 743 756 756 743 724 705 672 639 631 636 649
243 234 240 261 293 564 1033 1351 1380 1377 1329 1286 1331 1328 1118 694 332 284 272 271 274 305 371 476 576 576 553 528 536 579 637 723 764 752 727 716 714 720 734 750 763 760 748 744 748 751 748 740 729 720 716 716 716 715 714 713 710 706 699 699 697 697 697 675 673 686 700 715 722 722 717 711 702 685 650 632 626 633 651
240 239 260 304 365 956 1315 1516 1516 1552 1405 1370 1410 1380 1190 771 384 331 311 299 291 315 385 509 590 589 569 541 556 589 666 730 751 740 720 708 711 719 729 740 753 763 766 761 754 747 740 730 719 709 704 703 702 703 705 707 708 709 710 711 711 710 708 706 705 706 708 712 712 710 707 704 700 688 656 638 630 634 658
238 242 275 293 437 917 1266 1505 1572 1591 1593 1502 1466 1429 1250 825 544 502 416 375 325 330 394 506 582 591 583 572 574 598 669 727 750 745 725 710 712 724 740 752 757 757 752 745 737 728 720 712 700 682 671 669 673 681 691 699 704 709 712 715 717 718 720 720 720 719 719 719 718 718 718 719 718 715 708 698 670 661 667
