---
Depth of Critical Updraft Strength (AGL Hcrit) [m] Valid 1200 NZST ~Z75~(0000Z)~Z~ SUN 4 Jan 2026 ~Z75~[24hrFcst@2100z]~Z~
Model= RASP Region= NZ Grid= d2 Reskm= 2.0 Indexs= 1 69 1 69 Proj= lambert 2000 2000 -35.0000 -42.0000 176.0000 -37.7968 175.7263
Day= 2026 1 4 SUN ValidLST= 1200 NZST ValidZ= 000 Fcst= 24.0 Init= 22 Param= dwcrit Unit= m Mult= 1 Min= 0 Max= 1355
0 0 0 0 520 684 857 933 934 848 775 517 0 0 0 0 0 0 0 0 0 0 0 0 368 841 918 890 891 902 945 964 923 943 883 869 898 951 1001 945 945 970 979 1001 1027 1055 1054 1048 966 971 918 930 938 913 860 831 824 852 867 867 870 860 844 800 758 727 703 692 687
0 0 0 400 661 814 986 1093 1119 1064 1037 1033 1055 988 776 485 0 0 0 0 0 0 0 0 857 979 952 898 859 824 941 963 912 884 871 873 945 1039 1037 1015 1013 1017 1004 1067 1088 1105 1101 1021 1009 938 922 921 921 920 863 833 823 837 863 862 861 852 840 796 756 727 703 693 688
0 492 413 604 739 840 970 1043 1079 1013 1022 1058 1109 1119 1026 575 0 0 0 0 0 0 0 0 836 974 953 905 883 903 951 965 957 885 888 928 0 1070 1070 1050 1046 1049 1033 1048 1089 1105 1099 1016 961 936 920 918 926 927 867 837 830 833 865 860 854 846 833 797 759 729 706 695 689
634 861 889 925 949 972 945 921 913 877 818 890 1036 1096 1060 0 0 0 0 0 0 0 0 0 734 980 964 941 934 942 959 963 906 972 934 990 1074 1092 1059 1082 1079 1080 1079 1021 1045 1084 1023 998 964 940 922 913 920 886 878 845 837 836 871 860 849 841 825 799 764 733 710 698 691
800 860 878 916 962 1038 1083 634 472 998 951 0 776 912 936 1011 0 0 0 0 356 0 0 0 499 1000 976 975 962 954 956 969 1003 1018 1031 1068 1097 1108 1108 1103 1108 1107 1097 1083 1068 1062 1038 955 946 932 922 911 901 884 865 848 845 885 873 856 842 839 817 804 771 739 715 701 693
788 851 880 924 971 1086 873 0 1082 1194 795 1063 1023 1066 940 0 0 0 0 0 980 0 0 0 283 1004 914 915 886 882 891 992 1028 1041 1064 1098 1111 1107 1052 1125 1122 1058 1095 1007 990 1038 1015 999 981 966 904 901 889 870 860 914 912 896 872 853 841 839 828 811 769 742 717 702 694
758 804 863 924 968 1120 661 852 968 0 991 0 0 581 1109 365 0 0 0 771 0 0 0 0 0 954 939 982 891 958 961 1015 1059 1070 1085 1044 1040 1038 1079 1129 1115 1053 1092 998 1047 1008 987 939 954 933 890 871 873 867 924 941 930 850 863 840 780 757 752 773 784 741 716 0 0
717 785 880 941 968 1132 690 379 0 0 0 0 0 477 999 0 0 0 0 1029 0 0 0 0 0 964 966 954 900 901 915 1074 1092 1033 1097 1102 1103 1110 1126 1129 1120 1104 1010 986 990 1006 973 943 923 912 855 888 841 873 899 940 918 846 872 841 786 742 767 781 0 699 716 703 696
704 780 891 951 1055 0 1126 1073 0 0 0 0 0 318 1041 0 0 0 0 744 0 0 0 0 0 1006 999 981 918 897 923 1020 1043 1048 1110 1112 1123 1133 1139 1138 1123 1034 1010 1082 1069 1019 959 916 891 905 918 884 818 921 893 924 914 910 894 809 730 704 713 704 0 0 714 704 697
737 802 879 946 942 0 0 0 0 0 0 0 0 370 859 0 0 0 0 0 739 0 0 245 657 1073 1071 1068 970 990 943 1025 1052 1129 1135 1140 1156 1159 1151 1131 1050 1042 1063 1133 1111 1036 944 902 869 888 922 910 872 913 925 919 920 921 880 800 737 735 722 723 716 713 0 706 700
701 772 855 732 0 654 682 0 0 0 0 0 0 0 0 0 0 0 0 0 628 0 0 0 758 1155 1153 1151 1068 984 981 1037 1069 1151 1089 1106 1074 1077 1081 1060 1056 1077 1093 1144 1121 1039 947 915 879 873 900 899 890 905 912 924 945 933 873 838 785 743 725 729 0 0 732 731 707
711 841 847 496 0 977 933 0 0 0 0 0 0 0 0 0 755 0 0 0 0 0 0 0 747 1189 1180 1176 1119 1057 1034 1053 1095 1125 1100 995 1032 1101 1075 1070 1085 1096 1094 1107 1118 1055 987 958 933 909 893 881 884 899 881 915 886 885 829 776 733 733 718 0 0 0 0 725 707
749 801 865 668 0 0 0 489 0 0 0 0 0 0 0 0 0 0 0 0 0 0 0 0 0 1205 1260 1271 1108 1079 1094 1125 1160 1158 1143 1041 1065 1104 1095 1103 1109 1157 1100 1049 1118 1075 1028 1014 975 940 883 877 909 919 845 902 900 874 874 785 744 744 702 0 0 0 0 0 704
760 795 801 474 0 0 105 141 0 0 0 0 0 0 0 0 0 0 0 0 0 0 0 655 0 1141 1281 1219 1150 1150 1142 0 1207 1198 1282 1223 1135 1089 1088 1106 1099 1168 972 979 1146 1105 1047 1040 905 814 822 873 917 888 883 917 905 900 895 842 712 0 0 0 642 700 707 709 697
700 716 743 0 0 0 0 0 0 0 0 0 0 0 1005 0 0 0 0 0 0 0 0 1122 619 1207 1274 1265 1249 1188 0 0 1199 1215 1225 1215 1160 812 845 1059 1186 1111 1011 1070 1180 1124 952 850 793 822 811 782 855 883 870 917 962 966 906 836 689 589 591 642 684 658 683 684 689
524 543 514 0 0 0 0 0 0 0 0 0 0 0 992 0 0 0 0 0 0 0 0 1155 1232 1272 1293 1271 1210 1114 0 1152 1168 1214 1209 1184 1199 817 768 907 663 741 1210 1260 1007 1003 812 789 839 913 844 751 841 894 847 840 1010 1048 889 813 692 649 646 0 0 638 613 655 668
429 460 451 0 0 0 0 0 0 0 0 0 0 0 0 0 0 0 0 0 0 0 738 1031 1190 1222 1239 1204 1143 1120 1144 1237 1062 1203 1198 1159 1200 1219 1222 1155 927 868 1314 1355 768 449 805 820 905 872 836 795 925 937 898 905 937 0 0 0 742 665 634 646 0 591 633 634 643
373 423 467 0 0 0 0 0 0 0 0 0 0 0 0 0 0 0 0 0 0 897 1159 1056 1160 1157 1147 1123 1123 1151 1230 1255 1203 1208 1198 1179 1194 1199 1225 1247 1289 1242 1354 920 487 470 827 807 846 934 902 850 886 1026 936 859 0 0 0 0 787 691 659 688 668 601 595 627 632
349 434 500 293 0 0 0 0 0 0 0 0 0 0 0 0 0 0 0 0 0 1225 1228 1097 1146 1121 1103 1082 1098 1169 1267 1291 1243 1231 1172 1184 1201 1201 1219 1307 1329 1340 1263 661 394 629 831 812 898 872 911 881 863 845 686 0 0 0 0 0 0 766 707 669 658 637 609 595 622
343 418 531 542 434 566 310 0 963 1071 0 0 0 0 0 0 0 0 0 0 1231 1192 1253 1171 1155 1110 1068 1021 1054 1180 1289 1297 1283 1288 1228 1237 1213 1222 1245 1343 1350 1345 1150 625 400 682 828 908 971 933 862 748 702 682 640 0 0 0 0 0 0 819 741 700 678 660 630 603 590
358 485 544 556 648 385 359 488 963 1162 1131 0 0 0 0 0 0 588 0 979 1208 1246 1239 1186 1192 1135 1062 982 1052 1171 1277 1301 1294 1283 1252 1268 1227 1253 1286 1300 1290 1268 1141 571 633 863 973 961 977 888 688 615 583 652 682 631 0 0 0 0 0 0 865 776 0 0 0 0 630
486 539 588 447 0 0 175 301 680 933 1126 1139 0 0 0 673 1127 1185 1184 1174 1196 1232 1235 1241 1229 1184 1154 1113 1094 1160 1256 1297 1304 1288 1286 1297 1248 1276 1291 1292 1339 1077 658 758 875 939 1015 958 923 817 700 606 587 605 681 669 534 0 768 830 845 0 0 0 0 0 0 633 616
542 728 653 423 0 0 0 0 0 922 1111 1119 919 1067 1074 1132 1313 1319 1180 1215 1190 1225 1300 1295 1268 1276 1110 1198 1152 1174 1242 1283 1308 1315 1293 1275 1224 1244 1263 1271 1180 560 0 874 891 1001 995 935 853 769 711 684 680 681 684 682 664 685 867 875 835 828 795 692 681 674 664 657 641
752 787 639 0 0 0 0 0 0 648 1075 1080 1046 1076 1080 1097 1131 1168 1179 1195 1197 1258 1290 1297 1291 1218 1027 1239 1207 1191 1228 1257 1274 1266 1249 1238 1195 1242 1275 1251 797 0 0 831 821 959 965 892 832 772 724 696 695 694 693 695 716 789 848 824 823 823 761 699 702 707 677 666 658
780 849 244 0 0 0 0 0 0 642 1017 1018 992 1017 1037 1063 1109 1145 1161 1172 1168 1183 1232 1268 1254 1216 1221 1227 1200 1173 1187 1228 1222 1187 1170 1159 1139 1203 1259 1229 630 0 507 654 629 926 968 873 837 792 729 700 705 703 661 680 811 850 851 825 851 848 750 726 727 710 693 679 670
789 802 0 0 0 0 0 0 0 896 978 977 976 981 989 1008 1066 1122 1132 1114 1097 1108 1155 1212 1202 1160 1161 1157 1137 1116 1116 1132 1132 1104 1096 1103 1092 1125 1226 1178 879 0 0 529 387 896 978 876 843 829 745 707 718 730 738 786 845 853 853 854 856 812 846 837 749 731 711 694 684
846 771 0 0 0 0 0 0 768 1035 962 959 962 962 968 983 1024 1078 1076 1046 1043 1069 1110 1142 1141 1119 1116 1113 1097 1074 1060 1060 1067 1057 1057 1064 1058 1076 1126 1120 1173 781 0 0 470 930 967 891 855 845 795 731 747 785 814 843 851 854 858 864 862 857 861 852 771 756 731 711 700
862 761 596 0 0 0 0 822 991 987 944 945 946 950 958 976 1000 1031 1028 1011 1020 1043 1069 1083 1082 1067 1068 1075 1058 1025 1016 1023 1030 1034 1039 1046 1045 1059 1093 1092 1143 577 0 0 865 962 952 907 868 855 838 776 795 838 840 822 854 862 865 866 866 872 879 860 797 784 749 725 712
816 769 734 660 506 843 841 973 973 970 922 923 924 934 952 969 985 992 994 997 1009 1022 1036 1110 1036 1026 1017 1032 1022 968 949 971 992 1021 1030 1039 1042 1055 1071 1100 1136 0 0 603 942 951 943 909 875 860 846 837 838 841 839 840 847 862 867 864 829 897 891 866 856 799 756 732 723
784 764 800 933 986 981 926 951 962 947 894 889 892 912 939 958 971 979 984 990 1000 1007 1015 1029 1029 1000 965 991 977 892 868 908 946 982 1027 1035 1034 1033 1033 1051 1118 551 529 930 893 939 943 912 882 867 854 845 846 844 805 800 845 856 864 868 837 854 843 877 870 810 767 745 740
753 796 836 982 974 960 922 921 937 913 848 843 841 869 913 944 958 964 968 974 986 999 1009 1027 1035 992 944 961 941 862 844 870 922 972 1008 1025 1011 1005 1006 1027 941 863 900 805 806 887 952 930 914 893 885 875 861 846 743 798 845 815 867 874 838 847 844 888 824 810 768 756 762
761 852 894 976 959 945 906 880 894 875 811 807 809 834 880 915 936 943 946 958 976 992 1009 1028 1028 976 932 942 923 871 857 861 906 954 969 973 973 987 1018 1033 928 903 758 746 843 932 903 986 914 916 957 902 823 807 746 724 801 814 869 825 831 839 840 832 815 801 771 764 770
773 948 980 957 933 908 867 840 836 831 806 801 800 812 849 886 906 914 927 952 979 1006 1026 1022 988 937 928 946 911 871 882 901 936 985 912 933 943 996 1022 1043 998 938 736 706 833 898 932 898 920 908 877 842 821 807 739 691 679 781 813 817 824 827 826 816 794 786 771 766 765
806 974 963 946 884 846 822 819 817 820 801 794 788 796 813 835 867 900 932 965 993 1019 1037 1036 1014 972 947 929 895 875 903 928 924 902 885 912 984 998 1025 1051 1039 833 610 664 820 851 804 839 879 874 850 832 819 803 730 686 702 711 745 859 811 809 798 772 771 776 778 769 750
284 952 933 898 827 802 791 793 796 803 790 798 808 914 931 956 966 950 951 980 1000 1033 1073 1094 1073 1007 941 913 898 906 925 923 904 889 886 912 982 983 1025 1065 1026 843 601 729 796 768 755 810 879 869 844 831 818 804 754 724 727 706 778 800 798 845 779 748 751 755 758 743 709
0 934 897 833 820 749 753 771 787 794 782 793 819 947 957 965 899 936 963 987 1016 1055 1065 1038 995 954 937 928 919 921 930 922 902 893 896 915 936 966 1020 1073 1034 845 696 749 774 728 720 776 866 869 836 832 832 828 809 758 700 669 712 771 766 749 719 721 730 724 714 0 0
0 929 864 799 749 720 690 731 757 771 764 790 830 950 937 872 898 940 975 1006 1032 1042 1023 970 916 914 938 939 923 918 925 923 911 905 911 924 929 940 993 1056 1028 798 727 745 739 697 658 772 848 855 857 891 878 846 810 737 699 683 706 737 726 706 719 735 718 667 621 0 0
913 881 826 757 697 666 685 678 723 743 747 777 808 836 843 856 894 937 972 992 996 994 975 928 890 900 925 923 912 909 911 912 911 909 911 917 911 914 967 1021 927 751 725 734 691 713 675 803 866 894 897 899 869 835 791 744 725 705 709 719 731 777 745 0 0 0 0 0 0
884 837 790 715 663 647 641 653 676 705 723 765 793 820 834 847 872 901 925 938 944 941 930 903 879 880 896 893 886 882 882 886 893 896 897 899 892 896 928 921 833 721 710 739 703 691 705 816 872 927 943 925 949 831 823 775 732 702 730 748 731 0 0 0 0 0 0 0 0
833 792 745 682 651 636 631 643 661 685 705 750 781 811 826 833 840 851 870 889 895 891 885 875 866 862 873 873 866 858 857 862 871 876 874 872 870 890 899 853 676 686 709 759 726 728 745 821 856 883 859 898 865 0 0 0 0 758 758 712 0 0 0 0 0 0 0 0 0
800 759 713 664 637 624 621 621 641 675 692 727 761 784 799 810 820 825 837 849 855 856 855 855 857 854 860 859 851 844 841 843 851 857 860 859 862 888 949 811 623 691 742 798 744 739 731 791 828 858 871 844 806 0 669 0 770 724 0 0 0 0 0 0 0 0 0 0 0
770 732 693 654 629 624 625 625 689 712 674 703 729 750 761 774 789 800 813 830 839 842 845 847 847 844 846 845 842 838 836 836 839 845 849 850 858 885 960 691 597 694 703 717 715 725 735 754 806 819 0 858 874 864 779 734 0 0 0 0 0 0 0 0 0 0 0 0 0
742 714 681 650 630 625 631 621 612 637 664 686 700 715 728 746 770 785 793 802 811 820 830 833 827 857 813 824 819 813 804 805 825 837 842 845 856 939 916 614 632 721 760 794 759 680 616 0 0 0 0 0 0 0 848 0 0 0 0 0 0 0 0 0 0 0 0 0 0
720 698 672 643 620 626 629 610 586 602 641 672 681 692 708 729 747 760 769 773 774 784 797 801 797 786 784 791 790 788 786 789 800 814 828 834 849 938 859 567 662 760 781 764 608 0 0 0 0 0 0 0 0 0 0 0 0 0 0 0 0 0 0 0 0 0 0 0 0
706 689 666 643 632 629 630 614 597 595 604 658 671 678 691 706 718 728 738 745 743 743 755 767 773 772 771 770 767 765 759 751 747 758 790 827 839 887 666 559 657 709 781 754 547 0 0 0 0 0 0 0 0 0 0 0 0 0 0 0 0 0 0 0 0 0 0 0 0
693 680 663 638 616 611 615 622 621 598 575 613 660 667 676 690 703 710 712 720 716 700 703 733 762 764 762 755 747 739 730 726 730 730 724 741 764 683 507 554 656 692 741 658 0 0 0 0 658 686 730 0 0 0 0 0 0 0 0 0 0 0 0 0 0 0 0 0 0
680 668 655 633 624 630 631 635 633 624 577 588 641 664 670 680 692 699 711 723 724 720 699 730 751 759 753 748 741 732 724 712 689 665 626 655 663 553 458 526 638 680 715 635 0 0 0 0 725 735 0 0 0 0 0 0 0 0 0 0 0 0 0 0 0 0 0 0 0
667 656 643 631 635 602 563 0 618 618 596 573 592 657 666 677 688 705 721 748 766 756 712 729 744 754 745 743 739 735 728 707 660 528 493 593 706 556 466 509 587 648 681 0 0 0 0 0 0 0 0 0 0 0 0 0 0 0 0 0 0 0 0 0 0 0 0 0 0
649 634 621 606 582 531 0 608 640 642 620 576 600 659 670 668 681 688 714 761 797 780 740 743 740 745 738 744 747 747 733 701 671 694 702 694 654 587 551 556 606 685 596 0 0 0 0 671 0 0 0 0 0 0 0 0 0 0 0 0 0 0 0 0 0 0 0 0 0
639 621 607 588 555 545 581 632 600 576 0 607 573 572 0 653 623 609 647 714 753 772 751 748 737 742 741 754 757 749 738 745 769 855 835 711 648 583 554 586 628 606 607 539 0 0 0 713 0 0 0 0 0 0 0 0 0 0 0 0 0 0 0 0 0 0 0 0 0
633 613 599 585 583 619 638 612 574 575 571 607 549 540 551 584 549 551 559 632 701 728 723 732 725 733 732 744 746 739 737 759 778 861 860 729 701 595 546 575 613 582 622 618 0 0 588 0 0 0 0 0 0 0 0 0 0 0 0 0 0 0 0 0 0 0 0 0 0
632 610 590 0 632 613 569 0 596 582 596 585 543 549 565 594 578 575 549 586 632 647 656 705 745 755 751 761 764 751 736 738 730 786 810 718 757 670 571 578 605 582 605 0 0 0 0 0 0 0 0 0 0 0 0 0 0 0 0 0 0 0 0 0 0 0 0 0 0
632 608 587 0 0 603 546 553 609 603 566 0 565 552 583 676 690 635 578 583 615 638 644 709 759 767 766 776 775 755 717 693 708 857 750 746 779 714 638 624 664 653 548 0 0 0 0 0 0 0 0 0 0 0 0 0 0 0 0 0 0 0 0 0 0 0 0 0 0
631 609 584 0 0 0 594 638 649 557 0 0 0 572 616 685 683 622 579 569 609 681 711 751 777 783 782 782 766 740 716 768 821 854 773 791 773 716 668 652 651 604 545 508 0 0 0 0 0 0 0 0 0 0 0 0 0 0 0 0 0 0 0 0 0 0 0 0 0
627 609 592 570 570 600 621 578 0 0 0 0 563 642 663 679 628 593 637 691 635 733 768 780 789 795 791 776 749 741 785 794 740 762 742 702 680 609 617 650 662 611 571 595 584 0 0 0 0 0 0 0 0 0 0 0 0 0 0 0 0 0 0 0 0 0 0 0 0
627 610 597 587 571 0 602 542 440 0 0 0 709 677 689 707 665 660 746 712 748 753 770 780 796 795 788 764 733 709 676 675 722 766 652 661 675 584 609 687 667 606 571 580 0 0 0 0 0 0 0 0 0 0 0 0 0 0 0 0 0 0 0 0 0 0 0 0 0
629 614 601 595 585 595 578 534 489 408 431 534 745 739 773 811 787 773 751 733 774 785 797 814 793 777 759 729 703 690 671 654 667 666 604 623 547 594 698 742 668 615 571 589 0 0 0 0 0 0 0 0 0 0 0 0 0 0 0 0 0 0 0 0 0 0 0 0 0
636 621 609 608 609 616 579 540 527 492 546 642 779 766 841 878 891 818 761 743 777 796 816 826 782 755 730 691 703 750 707 658 616 618 607 645 611 687 639 700 702 620 545 0 0 0 0 0 0 0 0 0 0 0 0 0 0 0 0 0 0 0 0 0 0 0 0 0 0
644 629 618 623 625 629 588 553 540 538 599 711 766 750 845 910 902 815 786 773 788 811 835 831 783 763 736 693 725 743 696 729 625 588 627 597 675 686 621 639 670 586 526 0 0 0 0 0 0 0 0 0 0 0 0 0 0 0 0 0 0 0 0 0 0 0 0 0 0
659 641 627 0 659 640 611 622 605 598 680 760 738 735 822 909 871 816 789 779 796 827 852 843 798 787 763 740 704 675 676 596 502 594 648 624 680 669 665 659 639 553 527 0 0 0 0 0 0 0 0 0 0 0 0 0 0 0 0 0 0 0 0 0 0 0 0 0 0
692 670 641 636 647 635 639 634 619 635 757 783 734 748 844 929 863 826 798 788 805 820 849 837 820 810 786 726 654 685 716 577 653 697 756 680 768 692 707 689 646 561 547 0 0 0 0 0 0 0 0 0 0 0 0 0 0 0 0 0 0 0 0 0 0 0 0 0 0
724 706 677 671 673 713 678 646 650 698 823 786 752 789 879 943 858 829 810 802 827 868 857 849 837 824 784 734 728 800 731 607 747 819 805 833 776 693 700 685 647 592 0 0 0 0 0 0 0 0 0 0 0 0 0 0 0 0 0 0 0 0 0 0 0 0 0 0 0
752 740 705 688 684 681 688 688 710 754 838 782 776 828 900 934 850 834 827 834 857 858 863 856 856 852 848 851 846 825 755 678 716 862 894 854 752 699 698 677 640 580 0 0 0 0 0 0 0 0 0 0 0 0 0 0 0 570 0 0 0 0 0 0 0 0 0 0 0
759 750 740 702 685 687 683 690 717 790 843 798 811 847 901 939 878 844 843 856 870 870 877 882 905 912 913 932 921 795 714 551 687 922 896 808 738 708 702 663 549 0 0 0 0 0 0 0 0 0 0 0 0 0 0 0 0 0 0 0 0 0 0 0 0 0 0 0 0
758 749 739 721 727 694 701 723 768 823 819 759 781 844 909 982 920 859 865 885 908 891 902 925 955 965 986 932 343 0 0 476 834 926 853 785 744 715 696 623 557 0 0 0 0 0 0 0 0 0 0 0 0 0 0 0 0 0 0 0 0 0 0 0 0 0 0 0 0
763 754 747 733 723 718 728 747 768 789 808 800 809 839 871 904 905 884 874 880 892 904 924 957 995 1004 1023 910 495 0 0 618 943 885 819 760 720 696 660 600 580 0 0 0 0 0 0 0 0 0 0 0 0 0 0 0 0 0 0 0 0 0 0 0 0 0 0 0 0
767 759 755 742 729 724 726 734 746 760 789 794 795 803 822 842 843 0 0 0 0 0 895 941 1011 1024 939 799 666 536 650 775 901 842 753 712 695 665 624 529 562 0 0 0 0 0 0 0 0 0 0 0 0 0 0 0 0 0 0 0 0 0 0 0 0 0 0 0 0
785 774 768 756 742 751 730 735 741 753 778 782 783 782 786 784 0 0 0 0 0 0 0 0 990 971 837 753 691 716 784 851 870 778 711 691 680 652 616 550 0 0 0 0 0 0 0 0 0 0 0 0 0 0 0 0 0 0 0 0 0 0 0 0 0 0 0 0 0
825 805 789 772 760 766 749 755 741 741 750 744 723 705 691 643 0 0 0 0 0 0 0 0 0 822 0 711 680 680 781 766 749 713 700 684 683 654 623 0 0 0 0 0 0 0 0 0 0 0 0 0 0 0 0 0 0 0 0 0 0 0 0 0 0 0 0 0 0
