---
Height of BL Top [m] Valid 1300 NZST ~Z75~(0100Z)~Z~ SUN 4 Jan 2026 ~Z75~[25hrFcst@2100z]~Z~
Model= RASP Region= NZ Grid= d2 Reskm= 2.0 Indexs= 1 69 1 69 Proj= lambert 2000 2000 -35.0000 -42.0000 176.0000 -37.7968 175.7263
Day= 2026 1 4 SUN ValidLST= 1300 NZST ValidZ= 100 Fcst= 25.0 Init= 22 Param= hbl Unit= m Mult= 1 Min= 23 Max= 2193
1339 1345 1353 1357 1380 1497 1539 1577 1592 1512 1430 910 616 629 670 804 983 1298 1446 1545 1391 1030 1003 1003 1071 1189 1303 1540 1703 1785 1813 1818 1814 1786 1808 1860 1947 1972 1993 1998 1988 1955 1938 1937 1957 1948 1933 1901 1836 1800 1797 1806 1811 1799 1763 1752 1766 1749 1743 1724 1683 1674 1686 1698 1701 1697 1699 1705 1640
1356 1378 1391 1380 1420 1530 1548 1596 1651 1772 1471 740 598 641 743 935 1122 1269 1403 1394 1090 907 907 929 1026 1284 1462 1754 1865 1980 1901 1837 1789 1766 1797 1872 1962 1987 2011 2029 2028 1997 1969 1964 1965 1946 1916 1863 1817 1778 1779 1794 1802 1794 1758 1744 1760 1748 1754 1751 1733 1732 1738 1737 1727 1710 1699 1697 1649
1335 1366 1382 1405 1448 1520 1578 1623 1714 1491 562 401 493 566 589 673 786 864 922 848 826 843 860 903 1005 1346 1585 1783 2003 2000 1911 1846 1812 1789 1839 1905 1932 2003 2030 2055 2058 2039 2003 1977 1963 1935 1898 1839 1790 1771 1771 1787 1791 1787 1749 1734 1737 1747 1765 1766 1757 1753 1753 1754 1740 1718 1700 1691 1667
1285 1318 1347 1369 1419 1527 1618 1734 1711 609 246 182 195 244 489 499 522 497 482 579 704 810 827 893 1140 1468 1613 1792 2043 2002 1932 1882 1849 1891 1917 1945 1991 2024 2043 2072 2078 2066 2031 1965 1931 1907 1847 1810 1790 1779 1772 1775 1778 1760 1744 1724 1725 1744 1769 1773 1769 1768 1769 1769 1750 1726 1702 1686 1675
1176 1274 1314 1350 1400 1535 1632 1728 1451 501 337 154 171 252 190 348 325 403 397 478 442 1107 752 829 1044 1301 1841 2042 2062 2008 1972 1946 1938 1953 1961 1977 2018 2049 2068 2085 2094 2085 2058 2005 1936 1882 1839 1792 1789 1784 1782 1775 1768 1753 1733 1713 1727 1772 1777 1773 1771 1775 1779 1777 1756 1728 1702 1684 1675
1116 1174 1289 1354 1425 1590 1679 1406 661 372 184 290 145 222 174 176 225 258 323 377 413 859 671 692 665 1055 1777 1916 1978 1966 1974 1986 1974 1970 1977 2026 2079 2075 2068 2114 2092 2052 2044 1923 1882 1871 1846 1837 1835 1828 1793 1779 1761 1747 1736 1758 1770 1790 1777 1779 1786 1795 1794 1776 1751 1725 1699 1684 1678
1078 1140 1207 1365 1521 1608 1248 326 313 494 330 146 139 211 143 159 175 209 293 334 373 380 817 557 555 703 1939 2047 2024 2041 2022 2007 1985 1987 2011 2022 2047 2072 2105 2096 2084 2036 2032 1907 1924 1881 1870 1864 1884 1857 1806 1776 1768 1770 1794 1816 1820 1773 1787 1794 1785 1780 1767 1759 1756 1716 1692 1666 1678
1045 1133 1180 1371 1404 1510 332 299 434 441 343 387 138 212 167 135 156 201 307 371 374 309 668 502 499 741 1863 2066 2066 2053 2038 2019 1990 1987 2059 2075 2114 2131 2050 2036 2063 2040 1975 1906 1892 1899 1912 1918 1904 1852 1802 1823 1796 1802 1833 1870 1837 1773 1810 1809 1799 1783 1772 1754 1668 1696 1694 1689 1691
1064 1118 1176 1356 1409 812 293 561 356 377 454 634 455 126 79 113 137 197 336 798 634 357 1071 669 558 1725 1987 2033 2089 2087 2056 1990 1953 2002 2093 2107 2142 2031 1916 1977 2018 1999 1990 1991 1969 1957 1947 1936 1900 1858 1838 1869 1858 1855 1879 1898 1856 1844 1859 1795 1782 1780 1761 1700 1484 1651 1699 1705 1708
1141 1166 1195 1339 1557 459 305 471 370 356 391 411 517 525 444 435 116 186 315 1061 1442 477 1426 716 656 1782 1956 2003 2065 2103 2032 1968 1957 2121 2173 2185 2155 1913 1915 1940 1964 2000 2013 2032 2025 2012 1951 1929 1904 1888 1881 1911 1920 1884 1946 1929 1891 1902 1879 1778 1776 1784 1744 1692 1680 1686 1682 1726 1733
1174 1192 1240 1340 1581 358 252 202 180 250 375 344 469 826 769 457 465 423 257 468 1365 978 982 481 1559 1717 1862 2051 2009 2046 2015 1970 2008 2193 2146 2148 1975 1911 1878 1949 2001 2027 2037 2053 2064 2043 1958 1943 1939 1943 1950 1965 1938 1914 1962 1946 1930 1933 1877 1816 1822 1788 1731 1685 1543 1647 1737 1762 1754
1182 1217 1285 1365 1558 345 197 157 141 149 145 332 466 836 849 529 334 289 302 336 974 1381 609 530 1730 1575 1801 1995 2030 2037 2007 1985 2102 2177 2129 2101 1879 1940 1999 2008 2016 2034 2018 2036 2071 2067 2004 1970 1975 1995 2008 1991 1951 1917 1932 1939 1874 1846 1853 1833 1816 1770 1706 1486 1477 1597 1716 1783 1766
1207 1247 1338 1390 1343 685 198 146 136 115 108 161 517 958 967 634 367 288 332 315 664 816 522 433 1693 1582 1768 2018 2047 2022 2051 2088 2129 2137 2104 1983 1983 1997 2012 2018 2042 2034 1989 1995 2004 2065 2086 2060 2059 2041 2010 1938 1909 1880 1939 1937 1858 1810 1867 1880 1837 1777 1671 1301 1401 1539 1720 1762 1763
1209 1257 1324 1379 1345 1266 1110 199 118 98 102 190 773 1054 1115 847 365 242 328 382 392 271 239 298 831 1675 1744 1821 2038 2069 2045 1707 2124 2116 2089 1808 1979 1999 2000 2019 2036 1966 1905 1976 2066 2084 2095 2107 2093 2029 1914 1882 1938 1986 1869 1829 1823 1794 1843 1892 1746 1080 1163 1198 1607 1720 1784 1803 1763
1130 1174 1234 1289 1284 1262 1074 1003 190 162 152 247 942 948 959 773 322 214 387 284 199 227 281 394 531 848 1726 1824 2095 2030 1257 1119 2141 2039 1936 1967 1975 1994 1995 2022 2056 2000 2023 2021 2058 2059 1948 1928 1982 1969 1895 1935 2019 1991 1863 1827 1781 1824 1814 1806 1644 1554 1535 1588 1698 1729 1791 1802 1763
1023 1061 1089 1114 1113 1098 1052 970 524 330 310 816 977 654 665 379 177 237 433 244 257 390 627 839 746 721 1703 1869 2082 1885 651 1981 2056 1986 1952 1985 1979 1985 2005 2081 1983 2060 2140 2076 2086 2081 2012 1771 1771 1817 1923 1795 1736 1866 1752 1844 1831 1842 1753 1745 1597 1613 1603 1328 1546 1734 1785 1796 1768
918 979 1045 1085 1080 1092 928 1017 821 450 784 770 708 413 508 306 189 452 304 216 354 580 621 807 874 1699 1995 1983 2023 1902 1905 2141 2006 1985 1997 2009 2004 2029 2102 2029 1862 2106 1978 2114 1861 1971 1663 1647 1663 1741 1818 1806 1884 1869 1788 1710 1823 609 1120 1362 1626 1599 1633 1637 1493 1725 1793 1784 1757
842 912 982 1041 1066 1271 1019 1131 707 368 334 314 547 492 721 248 227 527 266 264 501 696 324 650 736 1878 1841 1975 1997 1984 2052 1969 1750 1929 1933 2040 2063 2122 1823 1749 1979 1878 1861 1697 1293 1482 1610 1661 1699 1712 1615 1557 1485 1406 1088 884 623 801 1021 1372 1678 1619 1641 1688 1676 1727 1764 1759 1739
789 889 991 1107 1210 1332 1396 1237 769 392 240 204 255 464 327 238 301 368 336 528 846 673 294 557 614 1907 1799 1931 1983 2009 2074 1628 1181 1798 1632 2053 2077 1714 1713 1722 1929 1998 1622 1650 1522 1582 1736 1772 1828 1598 1414 1113 1131 1216 1317 689 826 875 1069 1321 1518 1672 1704 1706 1700 1724 1736 1727 1710
761 883 1002 1138 1288 1382 1536 1548 1290 632 370 238 221 286 260 319 346 294 372 1266 662 680 368 551 618 1867 1855 2026 2021 2031 2102 1920 1451 1706 1686 2085 1686 1681 1984 2112 2148 1779 1621 1654 1657 1738 1941 1912 1807 1740 1722 1566 1540 1563 1360 830 969 946 1181 1339 1482 1729 1715 1727 1746 1727 1717 1701 1678
773 869 1008 1170 1350 1416 1550 1617 1495 981 624 394 268 255 302 363 287 289 503 1340 579 573 271 638 733 1933 1873 1995 2146 2073 2018 2155 1993 1827 1847 1947 1661 1446 1417 1734 1808 1903 1650 1775 1758 1617 1733 1899 1763 1754 1683 1669 1616 1636 1580 1405 947 1026 1083 1263 1394 1650 1833 1820 1623 1626 1634 1637 1647
795 864 1003 1173 1393 1453 1543 1496 521 277 148 484 347 241 343 371 272 312 927 1102 273 278 131 252 573 1832 1992 2032 2110 2030 1934 2006 2080 1977 1999 1996 1725 952 679 1413 1737 1773 1879 1873 1743 1509 1591 1775 1781 1752 1724 1659 1662 1656 1653 1615 1421 1096 1606 1632 1684 1565 1659 1579 1530 1567 1593 1637 1610
834 916 1026 1208 1384 1466 1537 953 423 226 104 352 496 392 509 403 497 1435 1454 1046 278 265 348 181 425 1721 1931 1916 1995 1970 1917 1936 2100 2150 2150 2153 2054 1633 715 261 603 801 1037 1843 1832 1666 1523 1666 1807 1750 1740 1726 1716 1699 1671 1635 1535 1545 1707 1742 1735 1704 1780 1681 1613 1623 1637 1622 1584
916 982 1071 1239 1375 1552 1448 1150 379 176 97 363 612 618 507 330 457 1360 1242 939 332 270 347 197 509 1797 1098 831 1892 1940 1884 1930 2094 2150 2162 2157 2071 1961 595 313 254 224 322 450 1052 1648 1627 1671 1787 1764 1739 1781 1749 1723 1688 1644 1609 1655 1776 1733 1716 1689 1694 1597 1583 1613 1624 1605 1566
977 1157 1232 1351 1246 1467 1438 1105 945 252 462 691 697 571 450 278 572 1444 1002 782 421 382 430 299 939 1376 552 320 1774 1982 1854 1947 2053 2120 2077 2151 2075 2082 2022 212 290 187 372 519 668 1596 1729 1776 1789 1811 1788 1829 1779 1727 1653 1646 1696 1804 1836 1743 1743 1693 1575 1547 1569 1583 1609 1597 1560
1085 1286 1291 1296 1210 1239 1112 885 738 550 741 1041 1074 967 451 296 528 1194 1226 1133 699 573 612 1142 1111 1627 541 134 1860 2013 1922 2027 1924 1687 1841 2062 2115 2026 1820 683 270 245 451 500 594 1523 1793 1772 1758 1767 1808 1840 1774 1725 1709 1734 1815 1901 1851 1766 1723 1593 1570 1578 1566 1569 1586 1568 1530
920 1010 1016 973 961 895 946 867 678 629 956 1270 1351 1439 675 335 706 1460 1499 1547 1445 1397 1597 1629 1306 1620 926 264 2029 2068 2078 1977 1411 700 1733 1947 2120 942 232 199 570 286 353 494 574 650 1645 1701 1667 1716 1803 1846 1769 1746 1765 1819 1921 1867 1828 1752 1690 1600 1597 1622 1561 1554 1553 1526 1486
541 463 433 436 537 559 640 760 923 1210 1237 1331 1399 1487 1351 1337 1568 1640 1605 1568 1588 1672 1775 1746 1691 1637 794 1234 1950 2072 2071 1840 1389 903 1717 1875 2011 329 156 160 442 369 364 501 548 546 1516 1631 1656 1730 1769 1841 1815 1809 1837 1912 1896 1835 1790 1725 1660 1619 1630 1622 1534 1534 1509 1468 1427
445 389 348 322 259 239 272 515 759 1160 1246 1306 1359 1508 1728 1691 1720 1735 1698 1689 1703 1776 1795 2091 1728 1506 1012 1879 1838 2012 1991 1650 1636 1680 1741 2008 1906 295 125 598 335 382 319 478 489 549 1625 1724 1710 1725 1779 1842 1857 1862 1903 1924 1841 1820 1762 1692 1600 1634 1621 1595 1562 1505 1460 1419 1391
463 368 299 273 192 182 205 181 616 957 1157 1273 1334 1683 1768 1755 1754 1738 1734 1742 1757 1771 1805 1837 1844 1575 1527 1866 1802 2032 1954 1755 1697 1802 1879 2021 1899 389 101 82 75 223 323 564 608 833 1897 1786 1703 1865 1878 1901 1894 1925 1948 1880 1744 1796 1740 1658 1597 1617 1585 1575 1561 1480 1422 1384 1367
501 369 269 254 188 180 199 166 525 889 1172 1170 1440 1734 1765 1764 1769 1755 1749 1773 1798 1791 1806 1842 1902 1833 1766 1858 1862 2047 1985 1896 1841 1936 1964 1950 1908 1151 162 244 201 221 441 599 680 1152 1609 1668 1842 1875 1956 1960 1964 1958 1908 1860 1776 1715 1699 1667 1601 1594 1567 1566 1530 1444 1378 1352 1356
494 366 293 291 233 198 198 164 211 775 1035 1170 1590 1754 1736 1752 1770 1778 1788 1810 1813 1802 1810 1867 1909 1684 1755 1887 1954 2050 2046 1978 1937 1916 1907 1891 1885 1707 389 124 146 375 587 645 1165 1123 1488 1553 1727 1789 1748 1833 1874 1875 1840 1774 1756 1686 1668 1588 1554 1572 1555 1541 1476 1426 1366 1343 1344
538 475 393 389 331 232 219 189 162 649 1162 1492 1733 1748 1743 1760 1780 1788 1800 1798 1794 1816 1854 1874 1888 1832 1889 1959 1995 2008 1989 1982 1938 1941 1855 1857 1824 1748 1690 799 481 681 951 1277 1442 1491 1477 1528 1665 1678 1710 1731 1762 1774 1767 1648 1693 1698 1628 1540 1554 1559 1544 1519 1437 1419 1378 1348 1333
532 800 733 433 366 338 220 181 169 565 1466 1640 1706 1671 1679 1700 1734 1774 1782 1792 1807 1817 1871 1928 1911 1918 1970 1926 1787 1952 1925 1897 1879 1884 1860 1855 1908 1789 1676 1420 796 795 1143 1405 1521 1600 1604 1598 1654 1704 1720 1721 1712 1691 1697 1681 1710 1662 1596 1569 1539 1532 1521 1492 1440 1424 1384 1360 1326
539 1091 1019 491 459 204 252 231 298 1389 1619 1698 1690 1776 1771 1803 1834 1785 1779 1789 1807 1866 1858 1794 1676 1587 1722 1874 1854 1902 1884 1872 1876 1882 1867 1849 1866 1787 1792 1757 1156 919 1324 1405 1516 1726 1590 1512 1489 1550 1610 1627 1638 1661 1695 1716 1679 1586 1555 1535 1529 1542 1518 1490 1443 1411 1382 1331 1270
695 1239 1223 565 178 304 415 586 1448 1579 1703 1702 1715 1854 1859 1875 1756 1765 1772 1810 1861 1871 1855 1826 1798 1745 1798 1884 1889 1861 1849 1853 1865 1855 1835 1815 1795 1802 1808 1749 1397 880 1357 1395 1379 1646 1536 1480 1449 1463 1534 1562 1604 1636 1639 1626 1515 1471 1495 1546 1527 1513 1466 1440 1424 1351 1307 1223 1042
942 1289 1224 902 522 798 1476 1540 1629 1701 1709 1738 1783 1940 1849 1747 1731 1773 1791 1829 1861 1862 1894 1892 1852 1798 1841 1872 1867 1848 1843 1851 1849 1828 1808 1798 1791 1802 1800 1726 1450 1335 1437 1434 1412 1523 1483 1499 1483 1507 1533 1560 1596 1581 1550 1473 1427 1411 1431 1488 1496 1502 1508 1494 1385 1253 1020 195 181
1169 1307 1278 1283 1780 1526 1603 1626 1652 1678 1688 1723 1767 1795 1744 1734 1763 1775 1782 1789 1812 1841 1858 1871 1866 1845 1842 1852 1845 1835 1829 1823 1795 1761 1751 1760 1771 1792 1596 1436 2106 1664 1510 1468 1493 1622 1539 1537 1518 1526 1526 1525 1536 1521 1502 1431 1373 1343 1381 1517 1510 1468 1351 23 175 149 132 128 135
1291 1356 1390 1482 1666 1570 1632 1599 1611 1642 1651 1696 1729 1742 1735 1741 1741 1744 1761 1781 1796 1813 1832 1843 1850 1837 1810 1800 1803 1803 1791 1767 1735 1711 1710 1724 1742 1745 1686 1722 2138 1546 1548 1446 1451 1492 1532 1560 1560 1551 1522 1496 1508 1333 1438 1357 1334 1332 1345 1260 425 86 119 132 137 141 137 138 150
1485 1529 1507 1623 1648 1648 1642 1610 1598 1614 1628 1689 1708 1708 1695 1692 1714 1739 1750 1763 1784 1799 1806 1815 1823 1817 1789 1770 1764 1749 1721 1695 1675 1668 1673 1689 1716 1733 1595 1590 1784 1677 1567 1461 1373 1378 1351 1350 1384 1328 1295 1311 1121 138 156 303 1167 1176 816 385 102 177 134 171 150 169 168 169 174
1551 1573 1620 1638 1656 1651 1625 1591 1559 1583 1623 1659 1656 1639 1631 1645 1682 1706 1721 1739 1759 1776 1781 1776 1768 1750 1726 1697 1674 1651 1636 1634 1648 1660 1663 1668 1673 1645 1514 1777 1709 1565 1455 1385 1299 1266 1146 972 942 793 543 1341 1269 624 985 288 692 315 105 145 136 145 170 171 173 177 182 189 198
1575 1626 1645 1660 1639 1632 1623 1629 1670 1624 1558 1593 1561 1553 1546 1571 1626 1669 1687 1698 1708 1714 1715 1704 1683 1662 1658 1639 1616 1588 1577 1571 1580 1601 1617 1614 1595 1570 1649 1549 1491 1395 1258 1182 1066 1025 902 486 503 427 79 1129 1317 1051 596 353 135 136 132 132 144 168 173 178 183 190 201 213 226
1599 1636 1642 1635 1623 1625 1626 1630 1606 1535 1494 1511 1490 1492 1500 1523 1578 1624 1641 1644 1648 1658 1666 1666 1657 1666 1551 1557 1523 1516 1510 1516 1548 1583 1583 1553 1501 1547 1665 1647 1369 1269 1113 1040 856 629 599 43 77 236 143 94 98 347 703 130 167 129 148 142 169 171 183 191 201 212 221 228 238
1624 1615 1605 1597 1574 1585 1574 1565 1536 1475 1434 1449 1456 1470 1480 1488 1504 1529 1542 1550 1559 1571 1582 1583 1568 1539 1516 1513 1514 1517 1516 1515 1507 1505 1496 1485 1482 1554 1696 1518 1312 1202 1093 1020 756 35 32 190 347 344 143 134 124 132 136 159 144 168 166 173 175 184 197 211 226 233 236 244 256
1607 1586 1566 1559 1556 1536 1520 1504 1475 1442 1404 1400 1414 1427 1441 1458 1474 1488 1502 1515 1529 1532 1536 1533 1520 1507 1494 1486 1482 1470 1454 1443 1442 1450 1450 1458 1462 1582 1546 1402 1242 1107 1047 933 728 58 88 416 558 387 208 151 138 132 146 151 173 174 181 187 189 200 222 231 240 247 250 259 276
1563 1535 1513 1498 1468 1452 1438 1422 1397 1363 1333 1311 1350 1391 1412 1430 1452 1475 1490 1501 1514 1522 1517 1506 1498 1476 1459 1442 1433 1424 1424 1420 1413 1380 1331 1329 1391 1514 1439 1326 1179 1064 985 739 28 35 87 299 1026 854 746 134 138 131 159 168 181 187 197 205 208 224 235 244 251 256 262 276 297
1509 1477 1455 1445 1449 1436 1405 1359 1359 1333 1322 1325 1315 1360 1380 1400 1425 1445 1468 1492 1528 1581 1560 1509 1457 1451 1434 1422 1415 1420 1436 1450 1440 1376 1183 1184 1421 1675 1470 1333 1191 1059 974 750 41 58 90 53 765 669 174 171 134 144 157 175 189 207 223 227 228 236 247 256 261 268 278 295 318
1447 1416 1393 1374 1360 1288 1196 694 1281 1253 1283 1292 1281 1304 1350 1385 1403 1437 1463 1514 1583 1613 1561 1493 1438 1447 1427 1424 1426 1444 1461 1465 1414 1330 1252 1469 1694 1734 1428 1355 1193 989 848 227 68 66 40 106 372 365 235 174 144 144 169 180 200 226 233 238 240 248 258 268 275 285 296 315 349
1383 1354 1326 1285 1212 1112 440 1272 1304 1288 1292 1308 1328 1319 1344 1351 1391 1409 1467 1532 1556 1571 1512 1458 1422 1434 1421 1430 1435 1443 1434 1408 1391 1444 1499 1699 1694 1668 1494 1355 1199 1034 803 273 389 63 36 857 304 390 249 186 154 149 173 185 215 234 242 248 253 262 274 286 292 302 319 349 398
1336 1305 1277 1231 1171 1170 1213 1269 1206 1154 618 1316 1243 1205 665 1358 1356 1422 1498 1464 1467 1501 1469 1437 1410 1423 1414 1422 1417 1408 1389 1376 1363 1492 1716 1878 1639 1562 1422 1279 1141 995 923 795 375 348 34 864 297 400 287 198 169 156 176 191 225 241 250 258 269 284 292 299 307 321 352 393 457
1304 1269 1239 1207 1228 1261 1257 1226 1197 1196 1184 1270 1219 1209 1221 1383 1382 1514 1495 1418 1451 1484 1457 1425 1383 1396 1387 1386 1372 1374 1375 1379 1363 1503 1597 1927 1695 1518 1394 1263 1146 1045 1027 863 113 148 931 346 397 467 319 219 174 165 176 194 229 247 258 272 289 299 305 314 326 351 392 446 509
1287 1243 1194 1030 1269 1179 1103 174 1251 1217 1258 1260 1215 1297 1341 1435 1525 1651 1480 1460 1495 1506 1469 1452 1421 1407 1396 1388 1375 1379 1368 1385 1381 1466 1867 1770 1627 1495 1372 1269 1178 1082 990 407 69 294 612 459 498 487 373 230 180 168 174 192 230 253 273 291 305 313 320 335 363 393 445 500 557
1274 1226 1163 893 859 1198 1096 1145 1285 1262 1219 703 1293 1357 1412 1469 1585 1616 1534 1514 1512 1579 1525 1481 1431 1412 1400 1397 1387 1400 1413 1454 1500 1627 1577 1518 1548 1444 1314 1252 1195 1100 895 398 527 580 649 540 574 540 436 245 188 170 171 187 228 262 294 309 321 330 345 374 405 445 498 551 583
1267 1226 1156 798 417 870 1228 1282 1255 1192 40 385 790 1432 1459 1481 1568 1599 1620 1551 1632 1637 1526 1448 1420 1418 1409 1412 1409 1427 1456 1457 1540 1498 1323 1465 1446 1362 1240 1179 1127 1041 926 775 423 445 357 588 596 582 502 264 201 173 169 183 226 275 313 329 344 363 386 421 463 498 549 582 598
1267 1229 1180 1121 1111 1200 1225 1099 39 76 56 357 1187 1483 1463 1518 1620 1605 1669 1717 1623 1538 1436 1416 1424 1424 1414 1415 1415 1428 1365 1502 1597 1359 1305 1225 1227 1167 1127 1113 1104 1038 963 902 840 270 248 283 610 602 570 287 222 177 169 181 227 288 331 355 375 402 439 483 515 549 580 597 605
1265 1230 1192 1163 1108 888 1181 1086 935 44 225 210 1328 1464 1442 1543 1561 1562 1626 1648 1575 1423 1395 1407 1428 1418 1397 1385 1385 1413 1436 1478 1455 1441 1319 1256 1231 1142 1104 1113 1107 1039 988 909 640 222 252 316 628 634 576 301 229 182 172 183 231 302 355 383 410 459 500 532 565 582 596 606 608
1269 1234 1203 1178 1128 1132 1146 1072 1013 840 859 735 1331 1543 1524 1466 1709 1619 1645 1589 1490 1424 1413 1441 1421 1390 1350 1331 1346 1413 1474 1469 1431 1398 1308 1259 1197 1226 1210 1188 1107 1073 1019 926 613 220 254 351 685 671 575 313 237 191 177 188 238 320 384 418 465 511 549 577 591 600 607 609 606
1278 1240 1213 1196 1174 1176 1122 1071 1040 985 1053 1063 1369 1535 1519 1596 1767 1756 1668 1561 1467 1434 1466 1472 1405 1356 1316 1316 1349 1410 1443 1421 1413 1396 1307 1308 1282 1296 1254 1232 1146 1079 962 696 628 238 251 422 707 697 571 328 247 203 184 193 246 347 421 471 512 559 585 599 608 610 611 609 602
1277 1239 1222 1209 1191 1177 1107 1074 1053 1039 1117 1181 1387 1530 1421 1622 1608 1698 1609 1522 1463 1494 1533 1479 1410 1367 1331 1328 1352 1423 1507 1515 1439 1398 1341 1356 1358 1332 1264 1205 1149 1050 905 634 656 252 254 451 715 699 568 341 258 221 194 206 266 385 468 518 557 587 601 611 616 616 613 608 598
1281 1245 1224 1124 1234 1203 1141 1150 1109 1096 1204 1293 1434 1548 1452 1738 1786 1634 1553 1483 1501 1568 1554 1494 1431 1398 1364 1350 1359 1459 1545 1493 1443 1427 1422 1450 1404 1361 1286 1215 1133 988 859 613 660 258 277 469 720 698 562 352 277 229 204 214 274 422 516 561 585 601 610 616 620 618 614 607 595
1293 1262 1238 1220 1224 1189 1177 1176 1144 1154 1293 1349 1496 1459 1633 1731 1712 1651 1524 1488 1539 1548 1509 1464 1439 1408 1379 1366 1385 1505 1557 1541 1563 1521 1548 1443 1454 1375 1284 1181 1080 960 841 584 661 255 327 500 723 690 549 366 291 235 211 226 330 502 546 587 598 609 614 618 620 618 614 605 594
1322 1285 1258 1242 1240 1281 1219 1173 1162 1214 1347 1455 1500 1422 1633 1747 1677 1602 1526 1538 1558 1546 1489 1475 1453 1414 1410 1434 1482 1533 1584 1624 1693 1600 1587 1509 1426 1319 1239 1145 1046 934 645 563 589 253 359 480 726 676 532 374 296 239 223 240 333 465 586 596 604 612 617 619 619 617 614 605 596
1385 1318 1284 1264 1257 1263 1246 1220 1230 1269 1419 1518 1486 1401 1614 1755 1654 1585 1551 1585 1587 1527 1498 1498 1487 1455 1450 1480 1505 1549 1613 1685 1758 1671 1601 1472 1368 1277 1214 1131 1037 908 550 585 442 252 393 445 729 647 515 377 299 244 228 251 504 749 584 602 606 616 619 619 619 617 615 608 599
1447 1402 1340 1292 1279 1278 1254 1241 1263 1297 1484 1571 1548 1466 1703 1752 1650 1588 1570 1601 1604 1566 1572 1540 1501 1500 1528 1542 1552 1578 1587 1648 1739 1594 1550 1391 1312 1252 1176 1073 936 625 531 366 351 271 393 437 734 627 495 379 298 243 232 283 585 671 580 606 609 617 620 621 620 620 618 612 603
1475 1415 1355 1318 1319 1274 1263 1269 1294 1359 1506 1454 1364 1455 1639 1764 1698 1654 1626 1621 1535 1444 1481 1569 1498 1389 1351 1351 1526 1569 1637 1666 1682 1571 1473 1336 1272 1218 1126 1017 892 487 544 322 315 303 404 699 731 592 495 375 285 239 246 399 603 604 578 611 607 620 622 623 623 623 620 615 607
1492 1434 1380 1343 1331 1314 1305 1309 1341 1418 1488 1476 1426 1431 1614 1619 1587 1559 1556 1571 1552 1511 1471 1472 1446 1407 1382 1359 1362 1582 1640 1498 1645 1517 1389 1294 1231 1157 1070 963 879 585 574 323 321 421 500 701 702 585 451 332 287 264 292 477 589 591 595 611 610 617 620 623 625 624 621 616 608
1492 1440 1397 1372 1357 1348 1338 1346 1383 1457 1518 1521 1530 1517 1491 1377 1317 1145 1200 1259 1283 1309 1414 1443 1445 1418 1403 1394 1416 1437 1474 1587 1584 1407 1318 1235 1181 1095 995 836 781 553 444 363 371 586 642 675 648 575 407 323 303 304 349 501 582 592 601 606 611 615 618 622 624 623 620 615 609
1493 1451 1429 1410 1394 1402 1379 1393 1430 1494 1544 1554 1557 1522 1424 1264 809 803 898 884 1079 1147 1264 1312 1422 1405 1416 1436 1467 1514 1565 1620 1505 1346 1272 1209 1158 1073 962 800 575 491 451 391 437 662 684 654 617 539 395 328 319 330 404 531 584 590 598 602 608 612 615 619 619 618 615 611 606
1493 1467 1448 1452 1447 1456 1443 1457 1489 1534 1569 1568 1553 1495 1357 971 557 532 437 292 595 24 1144 1241 1289 1333 1378 1440 1497 1544 1563 1507 1405 1311 1255 1199 1159 1071 959 751 599 563 491 433 651 687 684 635 580 485 398 345 336 353 445 554 586 588 594 597 604 609 612 613 613 611 609 606 601
