---
Vertical Velocity & Wind [kt] at 850mb Speed [m/sec] Valid 1000 NZST ~Z75~(2200Z)~Z~ SUN 4 Jan 2026 ~Z75~[22hrFcst@2100z]~Z~
Model= RASP Region= NZ Grid= d1 Reskm= 6.0 Indexs= 1 79 1 99 Proj= lambert 6000 6000 -35.0000 -42.0000 176.0000 -38.5000 176.0000
Day= 2026 1 4 SUN ValidLST= 1000 NZST ValidZ= 2200 Fcst= 22.0 Init= 22 Param= press850 Unit= cm/sec Mult= 1 Min= ****** Max= 15
0 0 0 0 1 2 1 0 1 1 -1 -4 -2 5 6 2 0 0 0 0 0 0 -2 -1 0 0 -1 -1 3 4 2 0 -1 -2 -2 -1 0 0 3 4 2 0 0 0 0 0 0 0 0 0 0 0 0 0 0 0 0 0 0 0 0 0 0 0 0 0 0 0 0 0 0 0 0 0 0 0 0 0 0
0 0 0 0 1 2 1 0 0 1 -1 -7 -10 -1 5 2 0 0 0 0 0 0 -2 -2 0 1 0 -1 0 5 6 3 0 -1 -2 -2 -1 -1 2 4 3 1 0 0 0 0 0 0 0 0 0 0 0 0 0 0 0 0 0 0 0 0 0 0 0 0 0 0 0 0 0 0 0 0 0 0 0 0 0
0 0 0 0 0 0 0 -1 -1 0 1 -3 -11 -10 -2 1 0 0 0 0 0 0 0 -1 -1 -1 0 -2 -1 4 8 5 2 0 -1 -2 -1 -1 -1 1 3 2 0 0 0 0 0 0 0 0 0 0 0 0 0 0 0 0 0 0 0 0 0 0 0 0 0 0 0 0 0 0 0 0 0 0 0 0 0
0 0 0 0 0 0 0 -1 -1 0 1 1 -3 -5 -2 0 0 0 0 0 0 0 0 0 -1 -1 -1 -3 -4 1 6 6 4 2 0 0 -1 -1 0 0 1 3 1 0 0 0 0 0 0 0 0 0 0 0 0 0 0 0 0 0 0 0 0 0 0 0 0 0 0 0 0 0 0 0 0 0 0 0 0
0 0 0 0 0 0 0 -1 -2 2 3 1 0 0 0 0 0 0 0 0 0 0 0 0 0 0 1 -1 -3 -3 2 6 6 3 1 1 1 0 1 1 1 3 3 1 0 0 0 0 0 0 0 0 0 0 0 0 0 0 0 0 0 0 0 0 0 0 0 0 0 0 0 0 0 0 0 0 0 0 0
0 0 0 0 0 0 0 -2 -5 1 6 2 0 0 0 0 0 0 0 0 0 0 0 0 0 1 2 2 0 -2 -1 6 8 4 2 1 1 1 1 2 1 2 4 2 0 0 0 0 0 0 0 0 0 0 0 0 0 0 0 0 0 0 0 0 0 0 0 0 0 0 0 0 0 0 0 0 0 0 0
0 0 0 0 0 0 0 -1 -5 -4 3 3 0 0 0 0 0 0 0 0 0 0 0 0 0 0 2 3 3 0 -3 2 8 5 2 1 0 1 1 2 1 2 3 3 0 0 0 0 0 0 0 0 0 0 0 0 0 0 0 0 0 0 0 0 0 0 0 0 0 0 0 0 0 0 0 0 0 0 0
0 0 0 0 0 0 0 0 -2 -4 -2 1 0 0 0 0 0 0 0 0 0 0 0 0 0 0 0 3 5 3 -3 -2 5 6 2 0 0 -1 0 1 2 1 3 4 1 0 0 0 0 0 0 0 0 0 0 0 0 0 0 0 0 0 0 0 0 0 0 0 0 0 0 0 0 0 0 0 0 0 0
0 0 0 0 0 0 0 0 0 -1 -1 0 0 0 0 0 0 0 0 0 0 0 0 0 0 0 0 1 3 3 -1 -6 0 4 2 0 0 -1 -1 0 1 1 2 4 3 1 0 0 0 0 0 0 0 0 0 0 0 0 0 0 0 0 0 0 0 0 0 0 0 0 0 0 0 0 0 0 0 0 0
0 0 0 0 0 0 0 0 0 0 0 0 0 0 0 0 0 0 0 0 0 0 0 0 0 0 0 0 1 1 0 -4 -3 3 2 0 -1 -1 0 2 2 0 0 2 4 2 0 0 0 0 0 0 0 0 0 0 0 0 0 0 0 0 0 0 0 0 0 0 0 0 0 0 0 0 0 0 0 0 0
0 0 0 0 0 0 0 0 0 0 0 0 0 0 0 0 0 0 0 0 0 0 0 0 0 0 0 0 0 0 0 -3 -5 2 4 1 -1 -2 -2 1 4 2 0 0 2 4 2 0 0 0 0 0 0 0 0 0 0 0 0 0 0 0 0 0 0 0 0 0 0 0 0 0 0 0 0 0 0 0 0
0 0 0 0 0 0 0 0 0 0 0 0 0 0 0 0 0 0 0 0 0 0 0 0 0 0 0 0 0 0 0 -2 -6 -3 4 3 0 -2 -4 -2 4 5 2 -1 0 4 5 2 0 0 0 0 0 0 0 0 0 0 0 0 0 0 0 0 0 0 0 0 0 0 0 0 0 0 0 0 0 0 0
0 0 0 0 0 0 0 0 0 0 0 0 0 0 0 0 0 0 0 0 0 0 0 0 0 0 0 0 0 0 0 -1 -5 -7 -1 4 1 -2 -4 -5 2 7 4 0 -1 1 3 3 1 0 0 0 0 0 0 0 0 0 0 0 0 0 0 0 0 0 0 0 0 0 0 0 0 0 0 0 0 0 0
0 0 0 0 0 0 0 0 0 0 0 0 0 0 0 0 0 0 0 0 0 0 0 0 0 0 0 0 0 0 0 0 -2 -5 -7 0 3 -1 -4 -6 -3 4 5 3 1 0 1 2 2 0 0 0 0 0 0 0 0 0 0 0 0 0 0 0 0 0 0 0 0 0 0 0 0 0 0 0 0 0 0
0 0 0 0 0 0 0 0 0 0 0 0 0 0 0 0 0 0 0 0 0 0 0 0 0 0 0 0 0 0 0 0 0 -2 -6 -4 2 2 -2 -5 -5 -1 3 3 3 1 0 0 1 1 0 0 0 0 0 0 0 0 0 0 0 0 0 0 0 0 0 0 0 0 0 0 0 0 0 0 0 0 0
0 0 0 0 0 0 0 0 0 0 0 0 0 0 0 0 0 0 0 0 0 0 0 0 0 0 0 0 0 0 0 0 0 0 -2 -4 0 4 2 -2 -3 -3 -1 1 3 3 1 -1 0 1 0 0 0 0 0 0 0 0 0 0 0 0 0 0 0 0 0 0 0 0 0 0 0 0 0 0 0 0 0
0 0 0 0 0 0 0 0 0 0 0 0 0 0 0 0 0 0 0 0 0 0 0 0 0 0 0 0 0 0 0 0 1 0 -1 -3 -6 2 7 2 -1 -2 -1 0 1 2 2 0 1 2 1 0 0 0 0 0 0 0 0 0 0 0 0 0 0 0 0 0 0 0 0 0 0 0 0 0 0 0 0
0 0 0 0 0 0 0 0 0 0 0 0 0 0 0 0 0 0 0 0 0 0 0 0 0 0 0 0 0 0 0 0 1 1 0 -2 -8 -6 6 7 2 0 -1 0 1 1 2 2 2 4 4 1 0 0 0 0 0 0 0 0 0 0 0 0 0 0 0 0 0 0 0 0 0 0 0 0 0 0 0
0 0 0 0 0 0 0 0 0 0 0 0 0 0 0 0 0 0 0 0 0 0 0 0 0 0 0 0 0 1 1 0 0 1 0 0 -3 -9 -3 7 6 2 0 0 1 2 1 2 2 4 5 3 0 0 0 0 0 0 0 0 0 0 0 0 0 0 0 0 0 0 0 0 0 0 0 0 0 0 0
0 0 0 0 0 0 0 0 0 0 0 0 0 0 0 0 0 0 0 0 0 0 0 0 0 0 0 0 -1 0 1 1 -1 -1 1 2 2 -4 -8 0 8 5 1 -1 0 1 1 1 1 1 3 3 1 0 0 0 0 0 0 0 0 0 0 0 0 0 0 0 0 0 0 0 0 0 0 0 0 0 0
0 0 0 0 0 0 0 0 0 0 0 0 0 0 0 0 0 0 0 0 0 0 0 0 0 0 0 0 -1 -2 0 3 1 -2 -1 1 2 1 -6 -6 6 8 3 0 -1 0 0 0 -1 -1 1 3 1 0 0 0 0 0 0 0 0 0 0 0 0 0 0 0 0 0 0 0 0 0 0 0 0 0 0
0 0 0 0 0 0 0 0 0 0 0 0 0 0 0 0 0 0 0 0 0 0 0 0 0 0 0 1 0 -2 -2 1 2 0 -2 -2 0 1 -3 -6 2 9 4 1 0 0 0 0 -1 -1 0 3 3 0 0 0 0 0 0 0 0 0 0 0 0 0 0 0 0 0 0 0 0 0 0 0 0 0 0
0 0 0 0 0 0 0 0 0 0 0 0 0 0 0 0 0 0 0 0 0 0 0 0 1 1 0 0 1 0 -2 -2 0 1 -1 -3 -2 -1 -4 -7 1 9 5 2 1 0 1 1 0 -1 -1 4 7 2 0 0 0 0 0 0 0 0 0 0 0 0 0 0 0 0 0 0 0 0 0 0 0 0 0
0 0 0 0 0 0 0 0 0 0 0 0 0 0 0 0 0 0 0 0 0 1 2 2 2 2 1 -1 0 1 0 -1 -1 1 2 0 -2 -2 -5 -9 -2 9 7 2 1 1 1 1 1 -1 -2 2 6 3 0 0 0 0 0 0 0 0 0 0 0 0 0 0 0 0 0 0 0 0 0 0 0 0 0
0 0 0 0 0 0 0 0 0 0 0 0 0 0 0 0 0 0 0 1 1 1 2 4 4 4 2 0 0 1 1 1 0 0 2 2 0 -1 -3 -9 -7 6 7 3 2 2 2 2 1 0 -2 -3 -1 2 0 0 0 0 0 0 0 0 0 0 0 0 0 0 0 0 0 0 0 0 0 0 0 0 0
0 0 0 0 0 0 0 0 0 0 0 0 0 0 0 0 0 1 1 2 2 1 0 1 4 4 3 1 2 2 2 2 2 1 0 2 1 0 -2 -7 -6 4 7 3 3 3 2 0 0 -1 -2 -4 -4 1 2 0 0 0 0 0 0 0 0 0 0 0 0 0 0 0 0 0 0 0 0 0 0 0 0
0 0 0 0 0 0 0 0 0 0 0 0 0 0 0 0 0 1 2 2 3 2 -1 -2 0 3 2 1 2 3 1 1 2 1 0 0 1 1 -2 -5 -5 1 6 4 2 1 0 -2 -2 -1 -2 -4 -5 -1 2 0 0 0 0 0 0 0 0 0 0 0 0 0 0 0 0 0 0 0 0 0 0 0 0
0 0 0 0 0 0 0 0 0 0 0 0 0 0 0 0 1 2 2 2 3 3 1 -1 -1 1 1 0 0 2 1 0 0 1 1 0 1 0 -1 -4 -5 -3 4 6 2 -2 -1 -2 -1 -1 -1 -3 -4 -3 0 0 0 0 0 0 0 0 0 0 0 0 0 0 0 0 0 0 0 0 0 0 0 0 0
0 0 0 0 0 0 0 0 0 0 0 1 1 1 1 1 0 1 1 0 1 2 1 0 1 1 1 0 0 1 2 1 0 1 1 2 2 0 -1 -3 -5 -4 1 5 4 -1 -1 0 0 0 0 -1 -2 -2 -2 0 0 0 0 0 0 0 0 0 0 0 0 0 0 0 0 0 0 0 0 0 0 0 0
0 0 0 0 0 0 0 0 0 0 1 2 2 3 2 2 0 0 0 0 0 0 1 1 1 1 1 1 1 1 2 2 1 0 0 1 3 1 -1 -2 -3 -2 0 2 3 2 1 1 1 0 1 1 0 -1 -1 0 0 0 0 0 0 0 0 0 0 0 0 0 0 0 0 0 0 0 0 0 0 0 0
0 0 0 0 0 0 0 0 0 0 2 3 4 4 3 2 0 -1 -1 1 1 1 1 1 -1 -1 1 2 2 1 0 1 1 -1 -2 -1 2 3 1 -1 -2 0 2 1 2 3 2 1 1 1 1 1 0 0 0 0 0 0 0 0 0 0 0 0 0 0 0 0 0 0 0 0 0 0 0 0 0 0 0
0 0 0 0 0 0 0 0 0 0 3 6 7 6 3 2 0 0 0 0 1 1 1 1 0 -1 -2 -1 1 1 0 1 2 1 -1 -2 0 2 2 0 -1 0 2 2 2 3 2 1 1 1 1 1 0 0 0 0 0 0 0 0 0 0 0 0 0 0 0 0 0 0 0 0 0 0 0 0 0 0 0
0 0 0 0 0 0 0 -1 -1 -2 2 11 13 9 4 1 0 0 -1 -2 -2 0 0 -1 0 0 -2 -3 -2 0 2 4 8 7 3 0 -1 -1 2 3 1 0 1 3 4 4 3 3 1 1 1 2 2 0 0 0 0 0 0 0 0 0 0 0 0 0 0 0 0 0 0 0 0 0 0 0 0 0 0
0 0 0 0 0 0 0 -1 -3 -6 -6 7 15 9 3 1 0 0 0 -2 -3 -2 -2 -2 -1 1 1 -1 -1 1 3 5 10 11 7 2 -1 0 3 4 2 0 1 3 6 6 4 3 2 1 1 3 4 2 0 0 0 0 0 0 0 0 0 0 0 0 0 0 0 0 0 0 0 0 0 0 0 0 0
0 0 0 0 0 0 0 -2 -3 -8 -11 -4 2 2 0 0 0 0 0 0 -1 -1 -2 -2 -1 1 2 2 2 2 3 6 -999999 -999999 4 1 -2 0 3 3 2 1 0 2 5 5 3 2 3 2 2 2 4 4 2 0 0 0 0 0 0 0 0 0 0 2 3 1 0 0 0 0 0 0 0 0 0 0 0
0 0 0 0 0 0 0 -1 -3 -5 -9 -13 -9 -3 -2 -1 -1 -1 0 0 0 0 0 0 0 1 1 1 1 2 4 5 1 -999999 0 0 -4 -3 2 2 2 1 0 -1 0 1 1 0 1 3 3 1 1 2 2 0 0 0 0 0 0 0 0 0 0 3 6 2 0 0 0 0 0 0 0 0 0 0 0
0 0 0 0 0 0 0 0 -1 -1 -3 -8 -6 -3 -2 -1 -1 0 0 0 0 0 0 0 0 0 -1 -1 -1 1 3 3 2 -1 0 1 -2 -4 -2 1 2 1 -1 -2 -3 0 2 0 -1 1 3 3 1 1 2 2 1 0 0 0 0 0 0 0 0 1 1 1 0 0 0 0 0 0 0 0 0 0 0
0 0 0 0 0 0 0 0 0 0 -1 -2 -3 -3 -2 -1 0 -1 0 0 0 0 0 0 0 -1 -1 -1 0 2 3 3 4 3 1 3 1 -3 -3 -1 0 1 0 -2 -2 2 3 1 0 0 1 2 2 2 2 3 3 2 1 0 0 0 0 0 1 0 -4 -3 0 0 0 0 0 0 0 0 0 0 0
0 0 0 0 0 0 0 0 0 0 0 0 -1 -2 -2 -2 -1 -1 -1 0 0 0 1 0 0 -1 0 0 1 2 3 3 3 3 3 3 1 1 -1 -1 -2 -1 1 0 -1 1 2 1 2 1 0 0 2 2 2 2 2 2 1 1 1 2 4 4 4 3 -1 -3 0 0 0 0 0 0 0 0 0 0 0
0 0 0 0 0 0 0 0 0 0 0 0 0 -1 -2 -2 -2 -2 -1 -1 0 1 1 1 0 0 0 1 1 1 2 2 2 2 2 2 2 2 1 1 -2 -3 0 0 -1 -1 2 2 3 4 2 1 1 1 1 1 1 1 1 1 2 5 8 9 8 7 4 0 0 0 0 0 0 0 0 0 0 0 0
0 0 0 0 0 0 0 0 0 0 0 0 0 0 -1 -1 -2 -1 -1 -1 -1 0 1 1 0 0 0 0 0 1 2 2 1 0 1 3 3 1 1 0 -1 -3 -2 -1 -1 -1 1 3 3 5 4 2 1 1 1 0 0 0 1 2 2 5 9 8 7 9 6 0 0 0 0 0 0 0 0 0 0 0 0
0 0 0 0 0 0 0 0 0 0 0 0 0 0 0 0 0 -1 -1 -1 -1 -1 0 1 0 0 1 0 0 0 1 2 1 -1 1 3 2 0 0 0 -1 -2 -3 -1 -1 -2 -1 0 1 4 6 3 1 2 2 2 0 0 1 2 2 4 7 5 5 6 0 -2 -1 0 0 0 0 0 0 0 0 0 0
0 0 0 0 0 0 0 0 0 0 0 0 0 0 0 0 0 0 -1 -1 -1 -1 0 0 0 0 1 0 0 0 1 1 0 -1 1 2 1 0 0 -1 -2 -3 -3 -1 0 -1 -2 -4 -4 -1 5 4 3 4 4 3 1 2 1 1 2 3 5 4 1 -4 -7 -3 -1 0 0 0 0 0 0 0 0 0 0
0 0 0 0 0 0 0 0 0 0 0 0 0 0 0 0 0 0 0 0 0 0 0 -1 0 0 0 0 0 1 1 1 0 0 2 2 2 1 0 -1 -3 -4 -4 -2 -1 -2 -3 -4 -7 -7 -1 3 3 4 4 5 6 3 1 1 2 2 2 0 -3 -8 -9 -3 0 0 0 0 0 0 0 0 0 0 0
0 0 0 0 0 0 0 0 0 0 0 0 0 0 0 0 0 0 0 0 0 0 0 0 0 0 0 0 0 1 1 1 0 1 3 3 2 0 0 0 -2 -4 -5 -4 -1 -1 -2 -3 -5 -7 -5 -2 -1 2 4 8 10 4 1 2 2 1 0 -3 -4 -5 -5 -2 0 1 0 0 0 0 0 0 0 0 0
0 0 0 0 0 0 0 0 0 0 0 0 0 0 0 0 0 0 0 1 1 0 0 0 0 0 0 0 0 0 1 0 0 1 3 3 1 0 0 1 0 -2 -5 -5 -2 0 -1 -2 -2 -4 -5 -3 -4 -4 2 9 7 2 1 2 0 0 0 -2 -2 -2 -3 -1 3 5 3 0 0 0 0 0 0 0 0
0 0 0 0 0 0 0 0 0 0 0 0 0 0 0 0 0 0 0 1 1 0 0 0 0 0 0 0 0 0 0 -1 -2 1 4 3 1 0 1 2 2 0 -3 -6 -5 -1 1 0 -1 -2 -3 -2 -2 -6 -8 -1 3 4 3 2 0 0 0 -1 -2 -2 -1 2 5 7 4 1 0 0 0 0 0 0 0
0 0 0 0 0 0 0 0 0 0 0 0 0 0 0 0 0 0 0 1 2 0 0 0 0 0 0 1 0 0 0 -2 -4 -1 4 4 0 -1 0 2 4 2 0 -3 -6 -3 1 1 -1 -1 -2 -1 -1 -3 -10 -13 -1 7 4 2 2 1 0 -1 -2 -1 0 2 4 4 4 2 1 0 0 0 0 0 0
0 0 0 0 0 0 0 0 0 0 0 0 0 0 0 0 0 0 0 1 3 1 -1 0 0 0 0 0 0 0 0 -1 -3 -3 1 2 -1 -3 -2 -1 3 3 2 0 -4 -4 0 2 1 -3 -4 -2 0 -2 -5 -10 -8 -1 0 1 3 4 1 -1 -1 -1 0 2 3 3 2 2 2 0 0 0 0 0 0
0 0 0 0 0 0 0 0 0 0 0 0 0 0 0 0 0 0 0 1 4 3 -1 -1 0 0 0 0 0 0 0 -1 -1 -1 0 -1 -2 -2 -3 -4 -1 2 3 2 -2 -4 -2 3 3 -1 -6 -5 0 -1 -3 -4 -6 -5 -3 -1 1 3 1 1 0 0 0 1 3 3 1 1 1 0 0 0 0 0 0
0 0 0 0 0 0 0 0 0 0 0 0 0 0 0 0 0 0 0 1 3 2 -1 -1 0 0 0 0 0 0 -1 -1 1 2 1 -1 -3 -1 -1 -3 -3 -2 1 3 1 -3 -2 2 4 2 -3 -5 -1 1 -2 -3 -4 -1 0 -1 -1 -1 2 4 2 1 1 1 1 1 0 -1 -1 0 0 0 0 0 0
0 0 0 0 0 0 0 0 0 0 0 0 0 0 0 0 0 0 0 1 1 1 0 0 0 0 0 0 0 -1 -3 -3 2 4 2 0 -2 -1 2 1 -1 -2 -2 1 2 -1 -2 0 3 3 0 -3 -1 1 -1 -4 -4 -1 -1 -3 -1 -1 4 9 4 2 1 1 1 1 1 0 -1 0 0 0 0 0 0
0 0 0 0 0 0 0 0 0 0 0 0 0 0 0 0 0 0 0 0 0 1 1 1 0 0 0 0 0 -1 -3 -5 -2 2 2 1 0 -2 0 3 2 1 -1 -1 1 0 -1 0 2 3 1 -2 -3 0 0 -3 -6 -5 -3 -4 -3 -1 0 6 7 3 2 2 3 3 2 1 1 1 0 0 0 0 0
0 0 0 0 0 0 0 0 0 0 0 0 0 0 0 0 0 0 0 0 1 1 1 1 1 0 0 0 0 -1 -2 -3 -4 -1 0 0 -1 -1 -2 1 3 3 1 -1 0 0 0 0 0 1 1 -2 -5 -3 -1 -3 -6 -5 -2 -4 -5 -3 -5 -3 6 6 3 3 4 3 1 0 2 1 0 0 0 0 0
0 0 0 0 0 0 0 0 0 0 0 0 0 0 0 0 0 0 0 0 2 2 1 0 0 0 0 0 0 -1 -1 -2 -3 -2 -1 -1 -2 -2 -2 -1 2 3 1 -2 -1 0 1 -1 -2 -2 0 0 -5 -6 -4 -5 -7 -5 -2 -4 -4 -3 -4 -5 1 7 7 4 1 0 -1 -1 1 1 0 0 0 0 0
0 0 0 0 0 0 0 0 0 0 0 0 0 0 0 0 0 0 0 0 1 1 0 0 -1 0 1 0 0 0 -1 -1 -1 -2 -2 -2 -2 -2 -3 -3 0 3 1 -2 -3 -1 3 3 0 -3 -2 -1 -3 -4 -4 -3 -6 -6 -5 -6 -4 -2 -3 -5 -4 5 12 6 0 -1 0 0 1 2 1 0 0 0 0
0 0 0 0 0 0 0 0 0 0 0 0 0 0 0 0 0 0 0 0 0 0 0 0 -1 1 1 1 0 0 -1 -1 0 1 0 -1 -2 -3 -4 -3 0 3 2 -1 -4 -5 -2 4 3 -1 -4 -4 -1 0 0 -1 -3 -6 -7 -8 -7 -5 -3 -4 -7 -4 8 11 4 1 0 0 0 0 0 0 0 0 0
0 0 0 0 0 0 0 0 0 0 0 0 0 0 0 0 0 0 0 0 0 0 1 1 0 0 3 2 1 0 -1 -2 -2 2 2 0 -2 -3 -4 -3 1 4 3 1 -2 -4 -5 -1 3 3 -1 -4 -2 0 0 -1 -2 -4 -5 -7 -10 -9 -4 -2 -7 -12 -8 9 12 6 1 -1 -1 -1 0 0 0 0 0
0 0 0 0 0 0 0 0 0 0 0 0 0 0 0 0 0 0 0 0 0 1 1 1 -1 -1 3 3 1 0 -1 -2 -3 0 1 0 -2 -4 -5 -4 -1 2 3 1 0 -2 -4 -4 -2 3 2 -1 -3 -3 -2 -2 -1 -2 -1 -4 -8 -11 -8 -4 -4 -8 -13 -4 14 14 2 -1 -2 0 1 0 0 0 0
0 0 0 0 0 0 0 0 0 0 0 0 0 0 0 0 0 0 0 0 1 1 2 0 -1 0 1 2 0 0 0 -1 -2 -1 0 1 -1 -4 -5 -4 -3 -1 1 1 -1 -2 -3 -4 -5 -2 2 1 -1 -2 -2 -1 0 0 0 -1 -3 -8 -11 -9 -4 -3 -6 -10 -4 0 0 -1 -1 -1 0 0 0 0 0
0 0 0 0 0 0 0 0 0 0 0 0 0 0 0 0 0 0 0 0 1 1 0 0 0 1 1 0 0 0 0 -1 -1 0 1 1 -1 -3 -3 -3 -3 -3 -1 0 -1 -2 -3 -3 -5 -5 -1 1 0 0 -1 0 0 0 0 0 0 -3 -7 -9 -7 -6 -8 -12 -14 -8 2 2 1 -1 0 1 0 0 0
0 0 0 0 0 0 0 0 0 0 0 0 0 0 0 0 0 0 0 0 0 0 0 -1 -1 1 1 1 0 0 -1 -2 -2 0 2 1 -1 -3 -1 0 -2 -4 -2 -1 -1 -1 -2 -2 -2 -3 -1 0 0 0 0 0 0 0 0 0 0 0 -3 -6 -6 -8 -10 -12 -12 -3 11 8 1 0 2 3 1 0 0
0 0 0 0 0 0 0 0 0 0 0 0 0 0 0 0 0 0 0 0 0 0 0 -1 -1 0 2 1 0 0 0 -2 -3 -2 0 0 -2 -3 -2 0 -1 -3 -3 -2 -1 0 -1 -1 -1 0 0 0 0 0 0 0 0 0 0 0 0 0 -1 -4 -6 -6 -6 -7 -9 -10 -5 4 2 1 3 5 3 0 0
0 0 0 0 0 0 0 0 0 0 0 0 0 0 0 0 0 0 0 0 0 0 0 0 -1 1 2 1 0 0 0 -1 -2 -1 -1 -1 -2 -2 -3 -1 0 -1 -2 -2 0 0 0 0 0 0 0 0 0 0 0 0 0 0 0 0 0 0 0 -2 -5 -7 -6 -4 -5 -11 -19 -7 4 1 -1 -1 1 0 0
0 0 0 0 0 0 0 0 0 0 0 0 0 0 0 0 0 0 0 0 0 0 0 0 -1 0 2 1 0 -1 0 0 -1 -1 0 -1 -2 -2 -2 -2 0 0 -1 -1 0 0 0 0 0 0 0 0 0 0 0 0 0 0 0 0 0 0 0 0 -2 -5 -6 -5 -4 -6 -12 -13 -2 -1 -5 -7 -2 0 0
0 0 0 0 0 0 0 0 0 0 0 0 0 0 0 0 0 0 0 0 0 0 0 0 0 0 1 1 1 0 0 0 0 0 0 1 1 0 -1 -1 0 0 0 0 0 0 0 0 0 0 0 0 0 0 0 0 0 0 0 0 0 0 0 0 0 -1 -2 -4 -5 -5 -7 -13 -10 -4 -3 -4 -1 0 0
0 0 0 0 0 0 0 0 0 0 0 0 0 0 0 0 0 0 0 0 -1 -1 0 0 0 0 -1 0 1 1 1 1 0 0 -1 1 3 2 1 0 0 0 0 0 0 0 0 0 0 0 0 0 0 0 0 0 0 0 0 0 0 0 0 0 0 0 0 -1 -3 -5 -5 -7 -7 -3 -1 0 0 0 0
0 0 0 0 0 0 0 0 0 0 0 0 0 0 0 0 0 0 0 0 -1 -1 0 1 0 0 0 -1 0 2 3 2 0 0 -1 -2 -1 2 2 1 0 0 0 0 0 0 0 0 0 0 0 0 0 0 0 0 0 0 0 0 0 0 0 0 0 0 0 0 -1 -2 -3 -3 -2 0 0 0 0 0 0
0 0 0 0 0 0 0 0 0 0 0 0 0 0 0 0 0 0 0 -1 -1 -1 1 1 1 0 0 -1 -1 0 2 1 0 0 -1 -2 -2 0 2 1 0 0 0 0 0 0 0 0 0 0 0 0 0 0 0 0 0 0 0 0 0 0 0 0 0 0 0 0 0 0 0 -1 0 0 0 0 0 0 0
0 0 0 0 0 0 0 0 0 0 0 0 0 0 0 0 0 0 0 -1 -3 -2 1 1 1 1 0 0 -2 -2 -1 0 0 0 -1 -1 1 2 2 1 0 0 0 0 0 0 0 0 0 0 0 0 0 0 0 0 0 0 0 0 0 0 0 0 0 0 0 0 0 0 0 0 0 0 0 0 0 0 0
0 0 0 0 0 0 0 0 0 0 0 0 0 0 0 0 0 0 0 0 -1 -2 -1 0 1 1 0 0 -1 -2 -2 -1 0 0 -1 -1 2 4 2 1 0 0 0 0 0 0 0 0 0 0 0 0 0 0 0 0 0 0 0 0 0 0 0 0 0 0 0 0 0 0 0 0 0 0 0 0 0 0 0
0 0 0 0 0 0 0 0 0 0 0 0 0 0 0 0 0 0 0 0 0 -1 -1 -1 0 1 0 0 0 -1 -1 0 0 0 -1 -2 0 2 2 1 0 0 0 0 0 0 0 0 0 0 0 0 0 0 0 0 0 0 0 0 0 0 0 0 0 0 0 0 0 0 0 0 0 0 0 0 0 0 0
0 0 0 0 0 0 0 0 0 0 0 0 0 0 0 0 0 0 0 0 0 0 0 0 1 2 1 1 0 0 0 0 0 0 0 0 1 1 0 0 0 0 0 0 0 0 0 0 0 0 0 0 0 0 0 0 0 0 0 0 0 0 0 0 0 0 0 0 0 0 0 0 0 0 0 0 0 0 0
0 0 0 0 0 0 0 0 0 0 0 0 0 0 0 0 0 0 0 0 0 0 -1 -1 -1 1 2 3 1 0 0 0 1 0 0 2 3 2 1 0 0 0 0 0 0 0 0 0 0 0 0 0 0 0 0 0 0 0 0 0 0 0 0 0 0 0 0 0 0 0 0 0 0 0 0 0 0 0 0
0 0 0 0 0 0 0 0 0 0 0 0 0 0 0 0 0 0 0 0 0 0 -1 -1 -2 -1 1 4 3 1 0 0 1 1 2 3 3 3 1 0 0 0 0 0 0 0 0 0 0 0 0 0 0 0 0 0 0 0 0 0 0 0 0 0 0 0 0 0 0 0 0 0 0 0 0 0 0 0 0
0 0 0 0 0 0 0 0 0 0 0 0 0 0 0 0 0 1 1 0 0 0 0 -1 -2 -3 -2 2 4 2 0 -1 -3 0 6 8 5 2 1 0 0 0 0 0 0 0 0 0 0 0 0 0 0 0 0 0 0 0 0 0 0 0 0 0 0 0 0 0 0 0 0 0 0 0 0 0 0 0 0
0 0 0 0 0 0 0 0 0 0 0 0 0 0 0 0 -1 2 2 1 0 0 0 0 -1 -2 -4 -3 0 1 0 -1 -5 -7 0 7 7 3 1 0 0 0 0 0 0 0 0 0 0 0 0 0 0 0 0 0 0 0 0 0 0 0 0 0 0 0 0 0 0 0 0 0 0 0 0 0 0 0 0
0 0 0 0 0 0 0 0 0 0 0 0 0 0 0 -1 -2 0 2 2 0 0 0 0 0 -1 -3 -4 -2 0 0 0 -3 -5 -4 -2 2 3 1 0 0 0 0 0 0 0 0 0 0 0 0 0 0 0 0 0 0 0 0 0 0 0 0 0 0 0 0 0 0 0 0 0 0 0 0 0 0 0 0
0 0 0 0 0 0 0 0 0 0 0 0 0 0 0 -1 -2 -2 1 1 0 0 0 0 -1 0 -1 -2 -1 0 -1 -2 -1 0 -1 -3 -2 1 1 0 0 0 0 0 0 0 0 0 0 0 0 0 0 0 0 0 0 0 0 0 0 0 0 0 0 0 0 0 0 0 0 0 0 0 0 0 0 0 0
0 0 0 0 0 0 0 0 0 0 0 0 0 0 0 0 -1 -1 0 0 0 0 0 0 0 0 0 0 0 0 -1 -3 -3 1 3 0 -1 0 0 0 0 0 0 0 0 0 0 0 0 0 0 0 0 0 0 0 0 0 0 0 0 0 0 0 0 0 0 0 0 0 0 0 0 0 0 0 0 0 0
0 0 0 0 0 0 0 0 0 0 0 0 0 0 0 0 -1 0 0 0 0 0 0 0 0 0 0 0 0 0 -1 -2 -3 0 2 2 0 0 0 0 0 0 0 0 0 0 0 0 0 0 0 0 0 0 0 0 0 0 0 0 0 0 0 0 0 0 0 0 0 0 0 0 0 0 0 0 0 0 0
0 0 0 0 0 0 0 0 0 0 0 0 0 0 0 0 0 0 0 0 1 0 0 0 0 0 -1 0 0 0 0 -1 0 0 0 1 1 0 0 0 0 0 0 0 0 0 0 0 0 0 0 0 0 0 0 0 0 0 0 0 0 0 0 0 0 0 0 0 0 0 0 0 0 0 0 0 0 0 0
0 0 0 0 0 0 0 0 0 0 0 0 0 0 0 0 0 0 0 0 1 0 0 0 0 0 0 0 0 0 -1 -2 0 2 0 -1 0 0 0 0 0 0 0 0 0 0 0 0 0 0 0 0 0 0 0 0 0 0 0 0 0 0 0 0 0 0 0 0 0 0 0 0 0 0 0 0 0 0 0
0 0 0 0 0 0 0 0 0 0 0 0 0 0 0 0 0 0 0 0 0 0 0 0 0 0 0 0 0 1 0 -2 -1 1 1 -1 0 0 0 0 0 0 0 0 0 0 0 0 0 0 0 0 0 0 0 0 0 0 0 0 0 0 0 0 0 0 0 0 0 0 0 0 0 0 0 0 0 0 0
0 0 0 0 0 0 0 0 0 0 0 0 0 0 0 0 -1 0 1 1 0 0 0 0 0 0 0 0 0 2 4 2 0 0 0 0 0 0 0 0 0 0 0 0 0 0 0 0 0 0 0 0 0 0 0 0 0 0 0 0 0 0 0 0 0 0 0 0 0 0 0 0 0 0 0 0 0 0 0
0 0 0 0 0 0 0 0 0 0 0 0 0 0 0 0 -1 -1 1 2 1 0 0 0 0 0 0 0 0 -1 1 4 2 0 0 0 0 0 0 0 0 0 0 0 0 0 0 0 0 0 0 0 0 0 0 0 0 0 0 0 0 0 0 0 0 0 0 0 0 0 0 0 0 0 0 0 0 0 0
0 0 0 0 0 0 0 0 0 0 0 0 0 0 0 -1 -1 -1 0 1 1 0 0 0 0 0 0 0 0 -3 -5 0 1 0 0 0 0 0 0 0 0 0 0 0 0 0 0 0 0 0 0 0 0 0 0 0 0 0 0 0 0 0 0 0 0 0 0 0 0 0 0 0 0 0 0 0 0 0 0
0 0 0 0 0 0 0 0 0 0 1 0 0 0 0 0 -1 -1 1 2 1 0 0 0 0 0 0 0 0 -2 -3 -1 0 0 0 0 0 0 0 0 0 0 0 0 0 0 0 0 0 0 0 0 0 0 0 0 0 0 0 0 0 0 0 0 0 0 0 0 0 0 0 0 0 0 0 0 0 0 0
0 0 0 0 0 0 0 0 0 0 1 1 0 0 0 0 -1 -1 0 2 2 1 0 0 0 0 0 0 0 0 0 0 1 1 0 0 0 0 0 0 0 0 0 0 0 0 0 0 0 0 0 0 0 0 0 0 0 0 0 0 0 0 0 0 0 0 0 0 0 0 0 0 0 0 0 0 0 0 0
0 0 0 0 0 0 0 0 0 0 0 0 0 0 0 0 -1 -1 -1 1 2 1 0 0 0 1 0 0 0 0 1 1 1 1 0 0 0 0 0 0 0 0 0 0 0 0 0 0 0 0 0 0 0 0 0 0 0 0 0 0 0 0 0 0 0 0 0 0 0 0 0 0 0 0 0 0 0 0 0
0 0 0 0 0 0 0 0 0 0 0 0 0 0 0 0 0 -1 -1 -1 0 0 0 0 1 2 1 0 0 1 4 4 1 1 0 0 0 0 0 0 0 0 0 0 0 0 0 0 0 0 0 0 0 0 0 0 0 0 0 0 0 0 0 0 0 0 0 0 0 0 0 0 0 0 0 0 0 0 0
0 0 0 0 0 0 0 0 0 -1 0 0 0 0 0 0 0 0 0 -1 -1 0 0 0 0 0 1 0 -1 -2 3 6 2 0 0 0 0 0 0 0 0 0 0 0 0 0 0 0 0 0 0 0 0 0 0 0 0 0 0 0 0 0 0 0 0 0 0 0 0 0 0 0 0 0 0 0 0 0 0
0 0 0 0 0 0 0 0 0 0 0 0 0 0 0 0 1 0 0 0 0 0 0 0 -1 -2 0 0 -2 -5 -2 3 3 0 0 0 0 0 0 0 0 0 0 0 0 0 0 0 0 0 0 0 0 0 0 0 0 0 0 0 0 0 0 0 0 0 0 0 0 0 0 0 0 0 0 0 0 0 0
0 0 0 0 0 0 0 0 0 0 0 0 0 0 0 0 1 1 0 0 0 0 0 0 0 -1 0 0 -2 -5 -4 1 2 0 0 0 0 0 0 0 0 0 0 0 0 0 0 0 0 0 0 0 0 0 0 0 0 0 0 0 0 0 0 0 0 0 0 0 0 0 0 0 0 0 0 0 0 0 0
0 0 0 0 0 0 0 0 0 0 0 0 0 0 0 0 0 0 0 0 0 0 0 0 0 0 0 0 -1 -4 -4 0 0 0 0 0 0 0 0 0 0 0 0 0 0 0 0 0 0 0 0 0 0 0 0 0 0 0 0 0 0 0 0 0 0 0 0 0 0 0 0 0 0 0 0 0 0 0 0
0 0 0 0 0 0 0 0 0 0 0 0 0 -1 0 1 0 0 0 0 0 0 0 0 0 0 0 0 0 -1 -2 0 0 0 0 0 0 0 0 0 0 0 0 0 0 0 0 0 0 0 0 0 0 0 0 0 0 0 0 0 0 0 0 0 0 0 0 0 0 0 0 0 0 0 0 0 0 0 0
0 0 0 0 0 0 0 0 0 0 0 1 0 0 0 1 1 0 0 0 0 0 0 0 0 0 0 0 0 0 0 0 0 0 0 0 0 0 0 0 0 0 0 0 0 0 0 0 0 0 0 0 0 0 0 0 0 0 0 0 0 0 0 0 0 0 0 0 0 0 0 0 0 0 0 0 0 0 0
0 0 0 0 1 1 1 1 0 -1 -1 0 1 0 0 0 0 0 0 0 0 0 0 0 0 0 0 0 0 0 0 0 0 0 0 0 0 0 0 0 0 0 0 0 0 0 0 0 0 0 0 0 0 0 0 0 0 0 0 0 0 0 0 0 0 0 0 0 0 0 0 0 0 0 0 0 0 0 0
0 0 0 0 0 1 1 1 1 0 -1 0 0 1 0 0 0 0 0 0 0 0 0 0 0 0 0 0 0 0 0 0 0 0 0 0 0 0 0 0 0 0 0 0 0 0 0 0 0 0 0 0 0 0 0 0 0 0 0 0 0 0 0 0 0 0 0 0 0 0 0 0 0 0 0 0 0 0 0
