---
Vertical Velocity & Wind [kt] at 950mb Speed [m/sec] Valid 1600 NZST ~Z75~(0400Z)~Z~ SUN 4 Jan 2026 ~Z75~[28hrFcst@2100z]~Z~
Model= RASP Region= NZ Grid= d2 Reskm= 2.0 Indexs= 1 69 1 69 Proj= lambert 2000 2000 -35.0000 -42.0000 176.0000 -37.7968 175.7263
Day= 2026 1 4 SUN ValidLST= 1600 NZST ValidZ= 400 Fcst= 28.0 Init= 22 Param= press950 Unit= cm/sec Mult= 1 Min= ****** Max= 187
6 5 3 -2 -1 2 10 16 20 21 23 27 31 28 21 6 -4 -10 -13 -16 -15 -999999 -999999 -999999 -999999 -999999 -999999 -9 -19 -22 -17 -12 -6 0 3 5 6 5 3 1 0 -1 -1 -3 -7 -15 -17 -15 -8 -4 -2 0 0 -2 -4 -4 -3 1 3 2 0 -1 -2 -2 -4 -4 -5 -5 -3
3 0 -3 -6 -9 -10 -6 3 9 14 20 32 45 49 35 14 3 3 -7 -15 -16 -999999 -999999 -999999 -999999 -999999 -999999 -9 -20 -18 -8 -2 5 7 11 14 11 4 3 1 1 1 -1 -4 -10 -16 -24 -21 -18 -9 -6 -7 -8 -8 -7 -6 -4 -1 1 4 3 -1 -2 -2 -3 -4 0 -2 -3
0 0 -3 -6 -10 -11 -8 0 6 13 16 21 25 36 32 17 5 -1 -5 -11 -17 -14 -999999 -999999 -999999 -999999 -999999 -12 -18 -15 -7 0 7 10 14 14 11 4 3 1 0 1 1 -1 -3 -6 -13 -12 -7 1 -5 -7 -8 -7 -6 -5 -4 -3 -1 3 3 1 1 0 -1 -3 0 -2 -3
-2 -4 -6 -6 -10 -13 -9 -2 3 10 14 15 12 10 14 23 20 13 4 -2 -11 -16 -11 -999999 -999999 -999999 -9 -15 -15 -11 -6 3 10 15 16 14 11 4 3 2 2 0 1 0 0 2 -1 1 9 14 3 -6 -7 -5 -1 -2 -3 -2 1 2 2 2 2 2 0 -2 0 -1 -2
-4 -7 -8 -7 -10 -15 -12 -13 -5 -6 22 29 12 -2 -5 5 16 26 32 22 1 -14 -17 -11 -8 -9 -10 -9 -8 -6 -5 2 7 8 14 9 6 2 2 2 -1 -6 -3 1 5 7 7 13 22 25 12 1 1 2 3 2 5 2 -3 -3 0 2 3 2 0 -1 0 -1 -2
-3 -4 -6 -6 -9 -10 -8 -2 -1 19 24 1 -9 -9 -7 -3 1 4 16 35 35 14 -1 -23 -28 -14 -10 -5 -4 -3 -4 3 13 19 12 4 1 2 5 4 -6 -10 -8 -4 4 10 20 24 32 27 13 4 0 0 5 12 6 -2 -2 2 4 5 6 1 -2 -1 0 -1 -1
-2 -5 -6 -7 -11 -12 -7 -6 -6 17 21 4 -7 -9 -7 -6 -5 -4 0 9 28 27 40 3 -44 -23 -10 2 2 4 -2 -10 -1 4 15 10 4 8 8 5 5 -1 -3 -3 -5 4 2 23 26 15 8 11 16 20 19 7 -2 -4 1 3 3 3 1 -1 -1 -2 0 -1 -1
0 -6 -6 -9 -14 -17 -10 -13 -8 21 9 -15 -17 -9 -6 -5 -3 1 2 -1 5 15 27 35 3 31 17 3 2 0 2 17 50 39 5 9 5 -1 -6 -2 8 7 2 0 5 22 24 13 10 7 -2 6 17 12 -9 -15 7 7 -5 -8 -2 5 9 6 1 -4 1 0 -1
1 -5 -4 -6 -13 -14 -9 -27 23 16 -21 -25 -12 -6 -5 -5 1 4 -4 -11 -1 11 14 21 23 44 64 -18 -6 -4 -1 23 1 34 27 -2 -8 -10 -7 -2 -2 6 -2 13 25 12 14 9 5 14 8 -4 9 17 5 18 13 3 -8 -11 -8 2 10 2 -9 -3 0 0 -1
1 -1 -1 -3 -9 6 -28 32 44 -11 -28 -16 -6 -9 -10 -4 2 2 -10 -14 -2 8 10 12 9 0 67 30 -16 -16 -3 15 -7 16 19 22 5 -6 3 3 0 1 21 18 -6 -16 -8 5 -999999 10 16 -7 -999999 24 9 1 5 -13 -10 -5 -7 -3 0 -3 0 -3 0 1 -1
2 0 0 -4 5 -9 23 49 1 -21 -26 -14 -9 -11 -6 1 -1 -8 -14 -10 0 9 13 7 -2 -10 18 94 14 -19 -32 -15 4 -8 -3 4 24 3 -8 -11 3 -2 36 -16 -14 -5 -9 4 -999999 -999999 -999999 -999999 8 9 -7 -7 10 -1 -3 -2 -1 -3 -2 6 -2 -3 1 2 1
5 4 3 -1 2 -9 48 13 -16 -30 -29 -11 -9 -14 -4 4 3 -6 -11 -5 5 12 11 2 -3 -2 -15 85 54 -24 -41 -58 -21 -42 -42 -26 9 -4 -21 -18 9 7 9 -14 1 16 -2 8 -999999 -999999 -999999 -999999 -999999 5 1 2 0 -6 -23 -17 -1 2 8 4 -2 0 3 4 3
9 7 5 1 -2 -17 29 20 -17 -36 -27 -11 -10 -7 6 15 12 0 -8 -3 4 8 2 -3 -5 -2 -10 45 94 -32 -35 -52 -29 -23 -39 -54 -7 -2 -14 -16 5 12 -4 -11 -6 -11 -4 9 -999999 -999999 -999999 -999999 12 7 2 6 -14 -20 -5 0 11 15 6 -11 -3 2 4 6 7
9 8 6 3 6 -9 1 36 7 -22 -22 -19 -19 -11 6 13 8 -5 -13 -9 -4 0 -1 -1 -3 -4 -1 1 106 0 -55 -65 -53 -40 -50 -52 0 8 1 -5 1 34 -6 -5 -11 -17 8 3 -999999 -999999 -999999 -999999 10 28 9 -7 -11 26 24 -6 -4 -9 -15 -17 2 1 4 7 9
6 1 -1 1 -6 -8 -24 5 20 -13 -27 -28 -19 -9 -6 -4 -6 -12 -15 -9 -3 0 3 7 4 -2 -1 -4 63 99 -74 -91 -85 -98 -67 -12 16 12 10 -3 33 31 -24 12 21 18 -999999 -999999 -999999 -999999 -999999 -999999 0 26 2 23 29 13 -12 -26 -31 -17 -9 -5 0 -2 2 4 8
-1 -5 -8 -2 -8 -17 -16 -23 -3 -10 -33 -32 -28 -10 -11 -9 -9 -11 -10 -4 -1 -1 0 4 2 0 -2 1 5 137 45 -55 -76 -82 -6 18 15 21 17 0 33 -33 -65 -24 11 16 -999999 -999999 -999999 -999999 -999999 4 -15 14 16 45 35 -7 -11 -19 -28 -18 -8 1 3 -3 1 3 6
-4 -12 -15 -8 -8 -15 -17 -29 -24 -10 -24 -32 -30 -3 -5 -6 -7 -10 -8 -5 -5 -6 -4 0 0 2 5 4 0 46 116 87 71 67 64 38 14 15 17 20 27 0 -9 -5 -12 7 6 1 -999999 -999999 -999999 5 -2 2 26 44 13 -15 -15 -13 -8 -13 -10 -1 -3 -4 -1 1 3
-4 -14 -13 -2 -3 -10 -12 -31 -22 0 -11 -19 -13 -3 -7 -5 -7 -11 -10 -8 -7 -7 -3 2 0 3 7 9 11 13 34 66 71 69 25 23 8 -10 -10 -1 71 53 62 54 39 -2 5 -999999 -999999 -999999 -999999 5 4 -12 1 33 15 -2 -5 2 5 -20 -13 -6 -7 -7 -4 -2 1
-2 -9 -11 1 1 -4 -9 -26 -19 4 -14 -20 -9 -4 -2 -1 -7 -11 -7 -2 -2 -5 -1 5 4 8 12 5 11 22 19 16 -4 2 8 21 48 69 61 77 55 2 16 21 22 -3 5 -999999 -999999 -999999 -999999 5 6 -2 -30 -2 3 -2 -1 2 -1 -3 4 -9 -12 -4 -3 -3 -2
-1 -3 -8 5 3 2 -4 -9 -18 5 -14 -15 -3 0 3 2 -5 -7 -3 2 2 0 1 2 2 8 15 29 3 -21 18 62 69 45 25 33 23 31 31 76 -14 -10 -3 -1 6 15 5 -999999 -999999 -999999 -999999 6 4 9 -4 -13 4 3 14 5 7 5 -13 -11 0 1 2 1 -3
0 -6 -8 6 3 7 0 -6 -14 -1 2 -6 -3 -5 -4 -5 -6 0 6 5 3 1 -3 -6 -6 9 32 18 -2 52 78 33 9 18 48 17 -10 -11 23 4 -10 -3 -7 -3 10 13 6 3 -999999 -999999 -999999 4 6 9 5 -3 -11 -12 -17 -4 6 17 14 19 7 1 2 0 -3
1 -2 -7 5 3 9 4 -12 -28 -30 17 3 -12 -11 -11 -9 -10 -12 -8 -4 -1 -1 -7 -11 -14 -2 39 16 0 4 9 3 -23 -19 36 11 -6 -2 35 -26 -9 -11 -18 7 13 4 4 -999999 -999999 2 0 2 4 7 4 -5 -11 -8 -2 -11 5 28 21 3 -3 -4 -2 -2 -3
2 0 -8 0 0 6 2 -19 -41 -42 17 11 -17 -11 -3 -16 -10 4 -4 -11 -7 -4 -2 -8 2 45 104 1 -51 -36 -1 -5 -19 -2 23 -3 -5 26 23 -24 -14 -25 -13 1 8 2 1 -999999 -999999 3 0 1 2 3 2 -5 -10 -9 8 9 32 8 0 -5 -4 -8 -9 -8 -3
1 1 -9 -7 -10 -14 -24 -41 -36 -20 19 31 2 -5 3 -6 -13 0 3 -8 -14 -12 -13 10 23 144 -2 -69 -61 -28 1 -7 -30 -9 27 4 3 38 2 -17 -31 -54 -22 0 12 3 1 -1 -3 2 6 8 10 4 0 2 -11 4 37 23 12 -5 0 -1 -4 -2 2 4 4
1 -1 -10 -12 -19 -28 -31 -28 -13 6 14 23 7 -10 -10 -4 -3 2 10 9 -1 -14 -7 -11 75 94 -32 -20 -38 -39 -16 -7 -29 0 36 1 -1 29 20 -115 -79 -53 -28 7 2 -3 2 -8 -7 5 3 0 5 24 20 -8 10 41 26 1 4 -2 -5 6 13 27 21 20 19
-2 -3 -8 -12 -20 -23 -17 -11 0 8 2 -1 12 2 -12 -8 1 5 9 17 25 13 26 -10 133 0 -55 -33 -38 -46 -44 -20 -12 29 29 -3 4 11 29 -51 -86 -41 -9 11 -4 -20 -20 -22 10 14 7 2 -5 -10 9 60 38 28 -2 -1 -19 -22 14 39 46 48 43 40 28
-6 -10 -10 -14 -17 -15 -9 -4 1 1 -5 -5 19 21 2 -6 -3 -1 0 3 14 13 26 2 109 -48 -91 -57 -53 -44 -29 -16 0 66 20 7 -2 -20 11 67 -27 -21 3 -11 -3 -12 -12 32 23 5 7 6 4 -2 -16 -7 57 27 -4 -9 8 77 97 94 79 34 31 32 30
-12 -10 -10 -15 -13 -9 -6 -6 -4 -3 -6 -2 5 10 5 -4 -9 -9 -7 -7 -8 -8 17 11 95 -71 -46 -37 -71 -30 -19 -10 80 47 -4 -9 -19 -23 -8 32 72 22 23 7 -1 0 25 38 3 7 6 5 7 -4 -10 -25 -8 55 44 24 74 38 3 -11 -2 17 18 27 27
-14 -16 -12 -13 -6 -1 -5 -9 -6 -2 1 1 -3 -4 -3 -5 -9 -10 -8 -9 -11 -5 14 19 96 -84 -70 -21 -7 9 59 85 47 -9 0 -38 4 15 -1 17 82 78 39 14 10 0 17 17 -7 4 5 6 9 -4 -15 -5 -4 -2 55 75 -7 -11 -18 -22 -37 2 17 28 25
-11 -11 -8 -5 -2 0 -6 -13 -9 0 1 -2 -4 -9 -6 -3 -5 -6 -7 -4 -4 -1 8 -2 60 95 91 100 129 106 66 -43 34 8 23 13 3 -24 -22 11 44 31 14 -1 6 -3 7 14 -8 4 6 7 5 -6 0 7 1 14 1 11 4 -4 -14 -5 -13 -7 17 34 24
-4 -3 -1 5 0 -5 -9 -14 -7 -1 -2 -3 -4 -8 -6 -2 -3 -5 -6 -7 -12 -17 -29 -7 106 156 13 -60 7 94 -70 -101 27 56 28 -10 -29 -31 -30 -1 51 32 24 -3 5 -9 9 4 -13 3 13 10 2 4 -2 2 0 17 20 12 14 -17 -23 -10 -8 -13 12 34 25
0 9 9 13 6 -3 -13 -11 -3 -1 -3 -4 -5 -4 -7 -8 -11 -15 -17 -17 -14 -18 -3 20 127 -13 -54 -52 -14 89 -26 -44 29 17 10 -30 -33 -33 13 -64 23 39 9 7 -1 -20 -3 -7 -15 9 13 6 -11 -4 3 2 3 34 46 8 9 -18 -19 -5 1 -13 7 31 24
3 28 15 15 16 6 -5 -4 2 2 -1 -2 -2 -3 -1 -4 -5 -7 -7 -3 0 20 57 130 33 -62 -43 -38 9 84 8 -23 6 20 50 -40 -124 -100 113 -80 -8 52 4 15 -14 -11 -8 -10 -11 11 0 -19 -7 14 13 6 -11 9 49 14 6 -21 -24 -9 5 -7 6 28 23
5 19 11 12 15 12 16 9 0 -1 -1 -3 0 -4 -12 -15 -17 -13 -2 14 21 41 57 161 -13 -106 -51 -37 48 40 5 -6 9 10 25 -20 -71 50 98 -83 16 60 3 15 -18 3 -3 -6 -15 -7 -15 -20 4 15 5 4 -3 -8 18 28 2 -26 -26 -9 3 -6 6 22 21
5 8 6 10 7 6 15 24 12 -3 -10 -10 -14 -2 2 -4 1 4 19 12 20 22 33 187 34 -29 -28 -10 -1 15 8 -3 5 7 -3 -20 83 69 13 -34 13 54 3 19 10 -5 -4 -6 -12 -9 -5 -3 5 17 10 6 1 -1 14 27 -1 -20 -21 -6 4 -8 3 17 20
4 5 2 6 4 2 1 15 24 16 -5 -9 -15 -11 -4 8 9 2 15 95 118 78 98 -21 -67 78 23 -17 -2 13 10 -3 1 -6 -3 -12 2 44 24 -20 0 38 6 12 8 -11 -4 -7 0 14 7 7 7 18 9 13 11 10 16 24 -10 -25 -18 0 13 -6 1 12 18
2 1 -2 1 -2 -1 -4 -6 3 11 16 11 -24 -2 21 38 65 67 131 18 -29 -53 -54 -46 114 83 24 -6 -2 4 -2 -3 -1 -12 -5 -12 -14 45 25 -16 -9 16 10 10 0 -6 -7 -9 7 16 15 9 19 26 11 16 15 14 20 11 -22 -30 -13 7 20 2 2 9 16
0 -3 -6 -4 -6 -7 -5 -8 -5 -1 12 53 78 36 21 17 11 55 72 -17 -25 -20 -24 -26 76 38 15 -8 0 2 -7 -7 -2 -16 -9 -11 -21 33 11 -6 4 21 8 16 0 -8 -7 -6 -1 10 11 6 31 19 10 15 11 12 11 -10 -21 -23 -7 10 19 6 4 7 15
-1 -5 -8 -5 -6 -8 -8 -7 -4 4 8 63 98 -70 -47 -33 -36 -13 46 -25 -45 -32 -45 -35 55 39 10 -9 0 -3 -8 -5 -7 -19 -5 -6 -9 12 3 -2 19 14 8 15 -2 -10 -4 -2 0 8 3 3 35 -1 6 10 6 15 4 -18 -12 -11 -2 6 16 6 2 4 14
-2 -4 -7 -6 -6 -8 -8 -9 -4 -6 32 35 58 16 20 23 -13 109 86 -59 -88 -75 -53 -9 69 29 7 -10 -8 -10 -3 -13 -15 -19 2 17 2 -6 -3 -18 26 15 7 3 -11 -9 0 0 2 6 4 0 6 3 12 4 5 10 8 -5 -7 -8 -5 4 14 4 2 3 13
-2 -4 -7 -7 -7 -7 -6 -4 -15 -12 -18 108 25 21 35 47 47 87 66 -57 -81 -38 -41 21 66 8 8 -7 -16 -11 -18 -42 -17 -22 41 11 -1 -11 -23 46 -999999 10 -3 -11 -15 -5 0 -5 -3 3 7 1 8 9 18 2 4 4 4 4 -2 -12 -7 4 15 4 2 4 12
-2 -3 -5 -6 -8 -6 -2 -7 7 18 140 42 -20 -18 -9 -6 -5 -5 45 -61 -79 -71 -48 93 49 -7 -4 -14 -22 -35 -35 -44 -15 -17 35 0 -11 -18 -25 30 11 0 -4 -8 -11 -3 -7 -9 -6 3 5 0 0 6 3 4 6 -1 -4 -1 2 -18 -12 8 18 6 4 6 12
-2 0 -3 -6 -7 -7 -1 -6 7 104 79 -129 -76 -43 -14 -8 -10 -13 1 -20 -29 -14 39 95 31 -4 -20 -23 -24 -38 -71 -43 -18 -2 22 -6 -19 -27 59 27 5 -9 -6 -4 -4 -5 -11 -7 -2 4 2 1 4 5 5 10 6 0 -7 -13 -14 -23 -16 17 20 5 4 8 12
-2 0 -2 -5 -6 -9 -2 -3 3 137 39 -76 -46 -48 -19 -25 -22 -17 -14 3 22 34 34 65 23 -11 -34 -25 -23 -23 -61 -58 -20 1 30 -1 -21 -30 38 20 -1 -14 -8 -7 -3 -3 -8 -8 -4 8 3 2 3 4 8 10 7 3 -3 -15 -34 -35 -13 22 18 2 4 10 12
-2 0 -1 -4 -6 -7 -3 -2 26 138 2 27 -3 -36 -9 -20 -15 -15 -19 -17 -9 2 11 53 3 13 -33 -18 -5 -6 -19 -31 -14 34 76 20 -13 -25 12 12 -13 -12 -8 -9 -1 0 2 -2 0 8 5 -1 -2 2 9 10 5 4 -1 -9 -27 -32 -6 21 14 -2 6 16 15
-4 -1 -1 -2 -4 -4 3 9 136 61 -65 -9 13 -13 -14 -3 -6 -8 -15 -16 -8 15 5 45 -10 -1 27 -30 -30 -14 4 24 16 -15 30 51 -1 -23 23 13 -17 -12 -6 -9 -2 0 4 0 6 7 2 -3 -4 0 6 7 5 5 -1 -7 -15 -14 8 15 -1 -5 9 22 18
-5 -2 0 0 -4 2 5 63 168 -35 -79 -3 -1 17 -7 -15 -11 -11 -5 -4 11 17 95 39 -15 -3 51 -6 35 36 -13 -57 -61 10 27 -11 -23 49 -999999 14 -16 -11 -3 -8 -5 -3 -3 -5 5 4 0 -3 -3 -3 0 6 7 3 0 -6 -9 -6 2 -10 -22 -5 12 27 20
-6 -3 -1 1 -1 1 19 131 59 -78 -51 2 -25 7 22 -7 -33 -24 -1 7 9 93 18 56 3 11 44 89 24 -35 -53 -28 22 12 51 43 20 -999999 -999999 20 5 -13 -5 -6 -6 -3 -5 -5 4 2 -2 -3 -3 -4 -2 3 5 4 2 -5 -7 -4 -4 -30 -34 5 17 28 20
-7 -5 -2 4 1 4 29 166 -7 -67 -12 -39 -35 -32 -30 -61 -42 -19 -6 3 55 -8 -20 0 -16 -1 72 79 -28 -36 -54 -8 3 29 37 -999999 -999999 6 7 5 3 -13 -4 -4 -7 -2 -4 2 2 -2 -4 -5 -4 -3 -2 1 4 8 7 -1 -5 -4 -4 -20 -16 15 19 26 17
-7 -7 -3 5 2 11 54 149 -35 -45 -41 -61 -66 -50 -48 -30 -25 4 12 5 18 -65 -33 -31 -40 -4 69 33 3 -26 -72 -21 -14 13 22 10 14 6 2 -6 -8 -8 0 -1 -4 -3 -3 4 0 -4 -4 -6 -4 -2 -1 1 3 11 10 3 -1 0 0 -3 3 15 18 23 15
-7 -6 -2 6 3 13 51 120 -79 -93 -73 -59 -27 -3 2 11 11 20 11 10 -6 -56 -68 -103 -66 5 43 -6 23 -37 -117 16 -6 9 14 4 -3 1 4 -2 1 -2 1 2 -4 -5 2 4 0 -3 -5 -6 -4 -2 0 0 2 10 11 7 3 4 6 7 12 10 15 18 11
-6 -5 -2 0 9 18 54 117 -90 -83 -58 -25 6 20 13 6 22 2 -6 15 12 -18 -26 -83 -44 -22 19 69 35 27 -31 6 -6 -3 8 9 -11 -4 1 7 5 -2 1 3 -4 3 9 4 2 -3 -10 -7 -3 -2 -1 -1 1 7 9 8 6 7 10 12 13 9 11 13 8
-5 -3 0 -2 -3 19 38 141 -3 -119 -64 -11 10 -6 -14 -5 15 -2 8 15 36 19 5 -11 -36 -8 109 93 77 11 -3 5 -15 -10 4 7 -14 -16 -9 9 -10 0 0 4 2 11 11 2 0 -6 -10 -8 -4 -3 -2 -2 0 3 6 7 7 9 12 13 13 7 8 8 5
-3 -2 1 0 -10 -9 -19 10 45 3 -10 13 5 -4 -13 4 11 -2 24 35 29 -11 -3 -15 6 136 20 -20 67 10 -7 -3 -13 -14 -2 -4 -14 -15 -13 -14 -14 -3 -2 4 7 10 8 -1 -5 -11 -9 -7 -6 -6 -5 -3 -1 0 3 5 6 8 10 11 12 6 6 6 4
0 1 3 4 -1 4 -15 6 11 42 60 40 -18 -33 -11 20 8 -2 -5 48 68 -20 -88 12 59 -2 -22 -31 60 6 -10 -11 -5 -13 -20 -20 -14 -12 -15 -15 -10 -5 -5 2 8 4 0 -2 -4 -11 -9 -9 -10 -8 -7 -2 0 0 1 3 5 8 8 8 8 4 5 5 3
1 1 3 3 6 -4 -16 -16 -10 12 43 58 16 -28 2 14 12 16 59 35 44 37 -59 70 39 -41 -16 -70 49 -1 -4 -6 -13 -30 -32 0 -2 -12 -11 -11 -12 -6 -9 -5 1 -5 -7 -3 1 -2 -4 -8 -10 -11 -7 -1 1 0 0 2 5 9 9 6 5 4 5 4 3
2 4 4 3 10 -8 -22 -46 3 14 6 13 21 16 29 13 58 88 3 -29 -11 35 87 161 46 -54 -149 -115 33 -6 7 8 -12 -31 -24 -2 3 4 4 1 -9 -8 -10 -9 -7 -9 -8 -4 1 1 -3 -6 -11 -12 -5 1 2 1 -1 1 6 10 10 6 3 4 4 3 2
3 5 5 5 7 2 -12 -12 41 -4 -16 -29 -48 -8 52 40 31 -59 -57 -51 11 28 116 145 73 74 -21 -95 34 4 15 21 -2 -20 -11 6 9 -1 5 9 -2 -7 -9 -5 -5 -7 -3 -3 -3 -6 -7 -8 -11 -11 -3 2 2 1 -2 -1 5 10 11 7 3 4 3 2 1
4 4 5 4 31 -17 15 35 25 -16 -5 -20 -32 -21 25 61 -59 -115 -104 37 78 56 71 113 121 155 166 53 22 43 41 38 9 -5 -10 11 8 -9 7 18 2 -7 -6 -2 0 0 5 -1 -8 -11 -8 -9 -11 -7 1 3 2 0 -2 -1 4 9 10 7 4 3 2 1 0
5 2 3 0 35 -4 23 13 -9 -8 27 -1 -36 -8 15 -60 -98 73 115 63 -16 45 94 78 12 29 100 127 10 -9 -6 0 8 19 22 18 -4 -6 7 17 4 -7 -7 -1 1 5 4 -2 -6 -8 -8 -9 -8 0 6 5 2 -2 -3 -1 3 6 8 7 4 2 1 0 0
7 0 4 4 5 18 -10 -3 -4 -12 45 6 -27 -29 -55 -2 127 148 30 -100 -120 67 79 -13 -26 -21 -9 56 62 13 0 -28 -31 -17 1 1 -8 -2 8 5 -3 -5 -5 -4 -1 3 -1 -5 -5 -3 -7 -7 -3 6 9 7 3 -3 -3 0 2 4 5 6 4 2 1 -1 -1
10 3 6 8 -4 19 -28 2 15 0 58 100 47 9 63 148 61 -29 -87 -94 -45 118 49 -13 -8 0 -22 -1 36 25 3 -23 -52 -35 -3 -10 -12 4 9 1 -7 -6 -2 -5 -3 0 -4 -8 -7 -5 -8 -6 0 4 3 3 8 7 -2 0 2 2 3 4 3 1 0 -2 -2
15 13 8 10 9 15 -26 -11 33 41 27 21 65 170 142 43 -74 -51 -87 21 65 110 65 -15 -7 0 -28 -17 3 14 -2 -20 -38 -30 -6 -10 -9 5 4 -4 -9 -7 -3 -3 -2 -2 -4 -9 -8 -8 -7 -4 1 2 0 -4 -4 13 9 0 3 2 3 4 3 0 -1 -2 -2
21 17 12 11 -16 4 -2 -3 52 22 -35 -12 -19 44 111 -43 -56 -77 -51 48 59 75 72 -11 -16 -15 -11 -17 -13 1 12 -33 -25 -18 -13 -8 -6 -6 -3 -3 -5 -5 -2 1 1 -1 -3 -7 -6 -8 -5 -2 1 2 2 1 0 4 10 3 2 2 2 4 3 0 -1 -2 -3
23 17 12 7 4 12 18 9 85 -41 -98 -40 -32 32 74 -52 -67 -101 6 52 48 33 63 11 -22 -20 5 -17 -18 -8 8 -21 -26 -20 -7 3 -2 -2 0 -2 -1 1 2 5 3 1 1 -2 -2 -3 -1 0 1 0 2 5 9 10 8 5 2 0 0 2 3 0 -1 -2 -3
21 21 18 13 7 16 35 50 17 -57 -90 -50 7 104 14 -77 -80 -42 11 27 21 25 53 19 -8 -10 -19 -15 -27 -19 -17 -13 -17 -21 -13 -5 -5 -5 -4 -3 0 1 0 0 -2 -2 -3 -4 -5 -4 -2 0 0 1 2 5 8 8 6 3 0 -2 -1 0 1 0 -1 -2 -3
16 21 21 17 13 23 44 66 36 -5 -42 -10 37 93 35 -17 -42 -19 4 10 7 11 18 2 -9 -9 -20 -20 -26 -25 -25 -14 -9 -9 -6 -4 -3 -6 -2 0 1 -1 -2 -3 -4 -5 -6 -6 -7 -6 -4 -2 0 1 3 4 5 5 4 1 -1 -2 -2 -1 -1 -1 -2 -3 -3
11 25 27 26 22 34 51 74 53 24 -6 18 41 81 50 19 -22 -19 -2 4 2 6 6 -5 -8 -8 -18 -21 -25 -24 -22 -9 -1 2 -1 0 4 -2 -1 0 0 -4 -4 -5 -7 -8 -8 -8 -8 -7 -5 -2 0 1 3 4 3 3 2 1 -1 -3 -3 -3 -2 -2 -2 -3 -3
7 13 14 12 12 17 31 33 28 9 4 12 44 51 45 10 -4 -6 -2 -2 -5 -6 -7 -8 -8 -10 -13 -17 -21 -22 -18 -13 -8 -2 0 -1 -2 -3 -2 0 0 -1 -5 -6 -7 -7 -7 -7 -6 -5 -4 -2 0 1 2 3 3 2 1 0 -2 -3 -3 -3 -3 -3 -3 -3 -4
