---
Vertical Velocity & Wind [kt] at 950mb Direction [deg] Valid 1000 NZST ~Z75~(2200Z)~Z~ SUN 4 Jan 2026 ~Z75~[22hrFcst@2100z]~Z~
Model= RASP Region= NZ Grid= d1 Reskm= 6.0 Indexs= 1 79 1 99 Proj= lambert 6000 6000 -35.0000 -42.0000 176.0000 -38.5000 176.0000
Day= 2026 1 4 SUN ValidLST= 1000 NZST ValidZ= 2200 Fcst= 22.0 Init= 22 Param= press950 Direction Unit= cm/sec Mult= 1 Min= 20 Max= 0
278 271 286 305 316 313 146 146 150 152 153 154 153 154 155 155 155 156 156 157 158 158 158 154 146 134 123 116 112 113 118 125 132 136 139 142 146 149 152 156 158 159 160 160 159 158 157 156 156 156 157 157 157 157 157 157 157 157 157 157 157 157 157 157 157 157 157 157 157 157 157 157 156 156 156 156 157 157 158
251 247 275 304 314 278 150 146 146 148 152 153 151 152 155 155 156 157 158 159 160 160 158 152 145 133 122 117 115 114 118 125 132 136 140 143 146 150 152 155 158 160 161 161 160 159 157 157 157 157 157 157 158 158 158 158 158 158 158 158 158 158 158 158 158 158 158 158 158 158 157 157 157 156 156 157 157 157 158
220 220 257 306 326 67 138 141 142 145 148 150 151 152 154 155 156 157 158 159 160 161 159 152 143 130 120 116 118 0 120 126 132 136 140 143 147 150 152 154 157 160 161 162 161 159 158 158 158 158 158 158 158 158 158 158 158 158 158 158 158 158 159 159 159 159 159 159 159 159 158 158 157 157 157 157 157 158 158
189 188 196 335 43 111 128 135 139 143 146 148 150 152 153 154 156 157 159 160 161 161 159 153 141 128 119 116 0 0 0 126 132 137 141 145 147 150 151 154 156 159 161 162 161 160 159 159 159 159 159 159 159 159 159 159 159 159 159 159 159 159 160 160 160 160 160 160 160 159 159 158 158 157 157 158 158 158 159
162 158 144 119 112 120 127 133 136 140 144 147 149 150 152 153 155 157 158 159 160 161 160 154 142 128 120 117 118 0 0 0 134 139 144 147 149 150 151 154 156 158 161 162 162 161 160 160 160 159 159 159 160 160 160 160 160 160 160 160 160 160 161 161 161 162 162 161 161 160 160 159 159 158 158 158 159 159 160
141 139 130 122 120 123 127 132 135 137 142 146 147 149 151 152 154 156 157 158 159 160 159 155 146 130 121 119 122 128 0 0 136 141 147 149 150 151 152 153 155 157 160 162 162 162 161 161 160 160 160 160 161 161 161 161 161 161 161 161 161 162 162 163 163 163 163 162 162 161 160 160 159 159 159 159 159 160 160
128 128 125 122 122 124 127 131 134 136 141 144 146 148 150 151 153 154 156 157 158 159 159 156 150 136 126 119 111 0 0 0 0 142 147 150 151 151 151 152 155 156 159 161 162 162 162 162 161 161 161 161 162 162 162 162 162 162 162 163 163 163 164 164 164 164 164 163 163 162 161 160 160 160 160 160 160 160 161
121 123 122 122 123 125 127 130 133 136 139 142 145 147 149 150 152 154 155 156 157 158 158 157 153 145 137 89 294 276 0 0 0 140 147 150 150 150 150 151 153 155 157 160 162 163 163 163 162 162 162 162 163 163 163 163 163 164 164 164 164 164 165 165 165 165 165 164 164 163 162 161 161 161 161 161 161 161 161
117 119 120 121 122 125 127 129 132 136 139 141 144 146 148 150 151 153 154 155 156 157 157 156 153 146 137 320 303 154 162 0 0 139 145 148 148 148 148 149 151 153 156 158 161 163 164 164 164 163 163 163 164 164 165 165 165 165 165 165 165 166 166 166 166 166 166 165 165 164 163 162 162 162 162 162 162 161 161
114 117 119 120 122 124 127 129 132 135 138 141 143 145 147 149 151 152 154 155 155 156 156 154 149 140 110 341 337 96 130 141 0 140 142 144 145 145 145 146 148 151 154 157 160 163 165 165 165 165 165 165 165 166 166 166 166 166 166 167 167 167 167 167 167 167 167 166 165 165 164 164 163 163 163 163 162 162 161
113 115 118 119 122 124 126 129 131 134 137 140 142 145 147 149 150 152 153 154 155 155 155 151 144 133 108 49 33 93 124 133 136 138 138 140 141 141 141 142 145 148 152 155 159 163 165 166 167 166 167 167 167 167 167 167 167 168 168 168 168 168 168 168 168 168 167 167 166 166 165 165 165 165 164 164 163 162 161
112 115 117 119 121 124 126 129 131 134 137 139 141 144 146 148 150 152 153 154 154 154 152 147 138 128 112 87 78 102 122 131 134 132 135 137 137 137 138 138 141 145 149 153 158 162 165 167 168 168 168 168 168 168 168 169 169 169 169 169 169 169 169 169 169 169 168 168 167 167 167 166 166 166 165 165 164 162 162
112 115 117 119 121 124 126 128 131 133 136 138 141 143 145 148 150 151 153 154 154 153 149 142 133 126 116 104 99 110 122 129 132 132 132 133 134 134 134 134 140 143 147 152 157 161 165 168 169 169 170 170 170 170 170 170 170 170 170 170 170 170 170 170 170 169 169 168 168 168 168 167 167 167 166 165 164 163 162
113 115 117 119 121 123 126 128 130 133 135 138 140 143 145 147 150 153 155 156 156 153 147 138 131 125 119 114 112 116 123 127 130 130 129 129 130 130 130 132 136 141 146 151 156 160 164 167 169 170 171 171 171 171 171 171 171 171 171 171 171 171 171 171 171 170 170 169 169 169 169 168 168 167 167 165 164 163 162
113 115 117 119 121 123 125 128 130 132 135 137 140 142 145 148 151 155 158 160 161 157 147 136 129 125 122 119 118 120 123 126 127 127 126 125 125 125 125 127 132 138 144 150 155 159 163 166 169 171 172 172 172 173 173 172 172 172 172 172 172 172 172 172 171 171 170 170 170 170 170 169 169 168 167 166 164 163 161
114 116 117 119 121 123 125 127 130 132 134 137 139 141 144 148 152 158 164 167 166 159 144 133 128 125 123 122 122 122 124 125 126 125 123 122 121 120 120 121 127 135 143 150 154 158 162 165 168 171 173 173 174 174 174 174 173 173 173 173 173 172 172 172 172 172 171 171 171 171 170 170 169 168 167 166 164 163 162
115 116 118 119 121 123 125 127 129 132 134 136 138 141 143 147 152 159 166 169 165 153 139 131 127 125 124 124 124 124 124 125 125 123 122 120 118 117 115 117 122 132 142 149 153 157 161 164 168 171 173 174 175 175 175 175 175 174 174 174 173 173 173 173 173 172 172 172 172 172 171 171 170 169 167 166 165 163 162
115 117 118 120 121 123 125 127 129 131 133 135 137 139 142 145 149 154 159 158 150 140 132 128 127 125 125 125 125 125 125 125 125 123 121 119 117 116 113 113 119 131 142 149 153 157 160 164 167 171 173 175 176 176 177 176 176 175 175 174 174 174 174 174 174 173 173 173 173 173 172 172 170 169 168 166 165 163 162
116 117 119 120 122 124 125 127 129 131 133 135 136 138 140 141 143 144 143 140 134 130 127 126 125 125 125 125 126 126 126 127 126 125 123 120 118 115 0 113 119 130 141 150 154 158 161 164 167 170 172 175 176 177 178 177 177 176 176 175 175 175 175 175 175 174 174 174 174 174 173 172 171 170 168 167 165 164 163
117 118 120 121 123 124 126 127 129 131 132 134 135 136 137 137 136 135 132 130 127 125 124 124 124 124 125 126 127 127 128 128 128 127 125 123 121 118 118 0 0 131 142 150 156 159 162 165 167 169 171 174 177 178 179 178 178 177 177 176 176 176 176 176 176 176 176 175 175 175 174 173 172 170 169 167 166 164 163
118 119 121 122 123 125 126 127 129 130 131 133 133 133 133 132 130 129 127 125 124 123 123 123 124 124 125 126 127 128 130 131 131 130 129 127 126 122 120 0 0 0 143 152 157 161 164 166 167 169 170 174 177 179 180 179 179 178 177 177 177 177 177 177 177 177 177 176 176 175 175 173 172 170 169 168 166 165 164
119 120 121 123 124 125 126 127 129 129 130 131 131 131 130 129 127 126 125 124 123 123 123 124 124 125 126 127 128 130 131 133 134 133 132 132 130 127 125 0 0 0 143 153 159 164 166 168 168 169 170 174 178 180 180 180 179 179 178 178 177 177 177 178 178 178 178 177 177 176 175 174 172 171 169 168 167 165 164
120 121 122 124 125 126 127 127 128 129 129 129 129 128 128 127 126 125 124 124 124 124 124 125 125 126 128 129 130 131 133 135 136 136 135 134 133 130 0 0 0 0 138 153 161 166 169 170 170 170 171 174 178 180 181 181 180 180 179 179 178 178 178 178 178 178 178 178 177 177 175 174 173 171 169 168 167 165 164
122 123 124 125 125 126 127 127 128 128 128 127 127 127 126 126 125 125 125 125 125 126 126 127 128 129 130 131 133 134 135 136 138 138 137 135 135 132 0 0 0 0 0 146 162 169 172 172 172 172 173 175 178 181 181 181 181 181 180 180 179 179 179 179 179 179 179 178 178 177 176 174 173 171 169 168 167 166 165
124 124 125 126 126 127 127 127 127 127 126 126 126 126 125 125 125 125 125 126 127 128 129 130 131 132 133 134 136 137 138 139 140 141 141 137 137 131 115 0 0 0 0 138 164 171 175 175 175 174 175 177 179 181 181 181 181 181 181 181 180 180 180 179 179 179 179 179 178 177 176 174 173 171 170 168 167 166 165
125 126 127 127 127 127 127 127 127 126 125 125 125 125 126 126 126 126 127 128 130 131 132 134 135 136 137 138 140 141 142 143 142 143 143 139 135 122 107 0 0 0 0 134 159 173 176 177 177 177 177 178 179 180 181 182 182 182 182 181 181 180 180 180 180 180 180 179 178 177 176 174 173 171 170 168 167 166 165
127 128 128 128 128 128 127 127 126 125 125 125 125 126 127 127 127 128 129 131 133 134 135 137 138 139 140 142 143 144 144 145 145 145 144 0 0 114 98 0 0 0 0 0 156 173 177 178 178 178 179 179 179 180 181 181 182 182 182 182 181 181 181 181 180 180 180 180 179 178 176 175 173 171 170 168 167 166 165
129 129 130 130 129 128 127 126 126 125 125 125 126 128 129 130 131 132 133 135 136 138 139 140 141 142 143 144 147 146 146 147 147 144 144 0 124 105 90 0 0 0 0 0 153 172 176 178 179 179 179 179 179 179 179 181 181 182 182 182 182 181 181 181 181 181 181 180 179 178 176 175 173 171 170 168 167 165 164
130 131 131 131 130 129 127 126 125 124 124 125 127 130 132 134 136 137 138 139 141 142 143 144 145 146 146 146 149 149 148 148 150 149 0 0 0 0 0 0 0 0 0 0 148 170 175 177 179 180 180 179 178 177 178 179 181 181 182 182 182 182 182 182 181 181 181 181 180 178 177 175 173 171 170 168 167 165 164
132 132 132 132 131 129 127 126 125 124 124 126 129 134 138 140 142 143 144 145 146 147 147 148 150 149 148 149 151 149 147 151 0 0 0 0 0 0 0 0 0 0 0 0 144 167 172 176 179 181 181 179 177 176 177 178 180 181 181 182 182 182 182 182 182 182 182 181 180 179 177 175 173 171 170 168 167 165 164
134 134 133 132 131 129 127 126 125 124 125 127 132 138 144 147 148 149 149 150 151 151 151 152 153 151 151 153 152 154 0 0 0 0 0 0 0 0 0 0 0 0 0 0 142 164 170 174 178 181 181 179 176 175 175 177 179 181 181 182 182 182 183 183 183 183 182 182 181 179 177 175 173 171 170 168 166 165 164
135 134 133 132 131 129 128 127 126 125 126 129 135 143 149 152 153 153 154 154 154 154 154 156 156 154 155 156 155 156 0 0 0 0 0 0 0 0 0 0 0 0 0 0 0 156 168 173 178 182 182 179 176 175 175 177 179 181 182 182 182 183 183 183 183 183 183 182 181 179 177 175 173 171 170 168 166 165 164
135 134 133 132 131 130 128 128 127 127 128 134 139 149 155 157 158 157 157 157 156 156 156 158 159 158 160 163 168 0 0 0 0 0 0 0 0 0 0 0 0 0 0 0 0 0 168 173 179 183 183 180 177 175 176 178 180 181 182 182 183 183 183 184 184 183 183 183 181 180 178 175 174 172 170 168 166 165 164
135 134 133 132 131 130 129 129 129 129 133 0 0 156 159 161 161 160 160 159 158 157 158 159 160 162 165 168 179 0 0 0 0 0 0 0 0 0 0 0 0 0 0 0 0 0 0 173 180 183 184 180 177 176 177 179 181 182 183 183 183 183 184 184 184 184 184 183 182 180 178 176 174 172 170 168 166 165 163
136 135 133 132 131 131 131 131 132 133 0 0 0 161 162 163 163 162 161 160 159 159 159 160 162 165 170 175 189 0 0 0 0 0 0 0 0 0 0 0 0 0 0 0 0 0 0 170 180 184 184 181 178 177 178 180 182 183 183 184 184 184 184 184 184 184 184 184 182 180 178 176 174 172 170 168 166 165 163
136 135 134 133 132 132 133 134 136 139 0 0 0 163 165 164 164 163 162 161 159 159 160 161 164 167 173 183 204 0 0 0 0 0 0 0 0 0 0 0 0 0 0 0 0 0 0 0 0 184 184 181 179 178 179 181 183 184 184 184 184 184 185 185 185 185 185 184 183 181 178 176 174 172 170 168 166 164 163
137 136 136 135 136 136 138 141 145 152 162 165 165 165 165 164 163 162 161 160 159 158 159 161 164 170 177 189 209 0 0 0 0 0 0 0 0 0 0 0 0 0 0 0 0 0 0 0 0 0 182 181 179 179 180 182 185 186 186 185 185 185 185 186 186 186 186 185 184 181 179 176 174 172 169 167 166 164 163
138 138 139 140 142 146 154 166 176 180 180 173 168 165 163 162 161 161 160 158 157 156 158 161 165 172 181 195 211 242 0 0 0 0 0 0 0 0 0 0 0 0 0 0 0 0 0 0 165 0 0 179 179 180 182 185 187 188 188 187 186 186 186 187 187 187 187 186 184 182 179 177 174 172 169 167 166 164 163
139 140 143 148 156 174 210 233 229 210 191 178 169 164 162 160 159 158 157 156 154 154 156 160 166 174 186 205 225 250 0 0 0 0 0 0 0 0 0 0 0 0 0 0 0 0 0 0 0 0 0 178 180 182 185 187 189 190 189 188 187 186 187 188 188 188 188 187 185 183 180 177 174 172 169 167 165 164 162
140 143 150 161 183 224 255 261 248 220 194 177 168 163 160 158 157 156 155 154 152 152 155 160 167 177 193 219 244 261 283 0 0 0 0 0 0 26 0 0 0 0 0 0 0 0 0 0 0 0 0 173 180 183 186 189 192 192 191 189 188 187 188 189 190 190 189 188 186 183 180 177 174 172 169 167 165 164 162
142 147 159 182 217 248 262 260 240 208 185 173 166 161 159 157 156 155 154 153 152 152 155 162 170 182 203 230 251 267 288 304 0 0 0 0 23 25 29 0 0 0 0 0 0 0 0 0 0 0 0 0 177 183 187 190 193 193 192 191 189 189 190 191 191 190 189 188 186 183 180 177 174 172 169 167 165 164 162
147 159 187 225 246 255 255 243 213 186 172 166 162 159 158 156 155 154 153 153 153 154 158 166 175 190 214 237 253 267 280 306 0 0 0 20 28 35 37 57 0 0 0 0 0 0 0 0 0 0 0 0 169 180 184 189 193 194 195 194 193 193 193 193 193 191 190 187 185 183 180 177 174 172 169 167 165 164 162
162 198 247 262 262 254 237 211 184 169 163 160 158 157 157 155 154 153 153 154 156 160 167 176 184 200 222 240 252 262 276 303 0 0 0 31 39 44 47 67 101 0 0 0 0 0 0 0 0 0 0 0 156 164 175 187 192 195 196 197 197 197 197 196 195 193 189 187 185 183 180 177 175 172 169 167 165 164 162
214 261 276 277 267 243 208 182 168 160 157 156 156 156 156 155 154 152 153 157 162 172 185 193 199 211 227 239 247 254 266 0 0 0 0 43 50 61 83 101 115 124 0 0 0 0 0 0 0 0 0 0 0 0 0 0 190 196 200 201 201 201 201 199 196 192 189 186 184 182 180 177 175 172 170 167 165 164 163
259 277 281 277 260 219 184 168 160 156 154 154 154 155 155 155 154 153 154 162 176 196 211 215 215 222 231 238 243 247 253 0 0 0 0 59 70 86 102 114 121 125 0 0 0 0 0 0 0 0 0 0 0 0 0 0 0 0 204 206 206 205 203 200 197 191 188 186 184 182 180 178 175 173 170 168 166 164 163
265 273 271 257 219 181 165 159 156 154 153 153 154 155 156 156 155 154 157 171 196 223 234 232 228 230 235 239 241 241 240 0 0 0 0 77 87 99 110 119 123 129 135 0 0 0 0 0 146 144 0 0 0 0 0 0 0 0 202 208 207 206 202 198 195 190 187 185 183 182 180 178 176 174 171 168 166 165 163
236 220 195 176 163 156 153 152 152 152 153 154 155 157 158 159 158 159 166 189 220 240 245 241 236 235 237 239 240 237 223 117 0 0 0 95 100 107 116 123 127 131 133 136 0 0 0 137 135 141 142 0 0 0 0 0 0 0 0 0 200 202 200 195 191 188 185 183 182 181 180 179 177 175 172 169 167 165 163
154 150 148 147 146 146 146 147 149 151 152 154 157 160 163 164 165 169 187 217 238 247 248 244 238 236 238 240 239 231 184 110 0 0 0 0 111 0 0 0 131 133 133 134 137 0 135 135 136 142 143 0 0 0 0 0 0 0 0 0 189 195 194 191 188 186 183 182 181 181 181 180 178 176 173 170 168 166 164
137 139 140 140 141 142 143 145 147 150 153 156 160 164 170 174 179 192 220 241 247 251 249 243 237 235 236 237 234 218 145 109 0 0 0 115 118 123 0 0 133 133 134 133 133 132 134 133 139 135 137 0 0 155 0 0 0 0 0 0 0 184 187 186 184 184 182 181 180 181 181 181 179 177 174 171 168 166 164
136 137 139 140 140 142 143 144 147 150 154 158 164 171 180 189 200 222 245 254 252 253 250 241 234 230 230 231 224 191 132 113 0 0 121 121 124 130 128 129 132 132 134 133 131 133 134 134 137 136 139 149 152 154 160 0 0 0 0 0 0 0 180 182 182 182 181 180 180 181 181 181 180 178 175 172 169 167 165
135 138 139 140 141 143 144 146 149 154 159 165 173 185 198 211 225 242 255 258 255 253 247 236 226 219 219 217 205 167 131 0 0 125 128 128 131 137 134 133 133 132 134 133 131 133 135 136 140 141 144 153 160 155 155 0 0 0 0 0 0 0 173 178 179 180 180 180 180 181 182 182 181 178 176 172 170 167 165
136 138 140 142 143 145 148 151 155 161 168 178 191 208 224 235 242 249 256 257 255 252 243 229 213 203 201 198 183 154 130 0 0 128 130 132 132 136 140 133 134 135 130 133 131 131 135 138 143 146 148 154 162 158 153 157 0 0 0 0 0 0 0 169 174 177 179 181 182 183 183 183 181 179 176 173 171 168 166
137 140 142 144 146 149 153 158 164 173 185 200 217 235 246 250 250 250 252 254 253 248 236 218 198 187 183 178 165 149 136 130 127 132 136 137 136 138 137 135 138 136 135 137 134 131 138 142 147 151 153 156 161 160 154 155 0 0 149 0 0 0 0 0 160 170 178 182 183 184 184 183 182 180 177 174 171 169 166
138 141 143 146 149 154 160 168 177 191 206 223 239 252 259 258 253 246 245 248 248 244 228 204 184 174 169 163 154 144 137 134 134 135 136 138 140 138 137 138 136 134 134 135 138 135 145 144 148 156 158 158 160 159 154 152 154 153 147 152 0 0 0 0 0 160 176 182 185 185 185 184 182 180 177 175 172 169 167
141 143 146 149 153 159 168 178 190 206 222 237 250 260 263 260 249 237 233 236 237 235 216 192 174 164 159 154 147 141 136 135 134 135 138 140 140 139 138 139 0 138 135 136 137 134 152 147 150 157 160 159 159 157 154 153 153 154 149 149 150 148 0 0 0 0 0 0 0 185 185 184 183 180 178 175 173 170 167
144 147 151 155 160 168 179 191 204 218 231 243 253 261 0 254 237 218 211 213 216 214 197 181 167 158 151 146 142 137 135 134 135 136 138 139 140 139 137 140 0 137 137 137 139 132 151 152 154 158 159 159 158 156 155 154 152 153 148 145 144 144 143 0 0 0 0 0 177 183 185 185 184 181 178 176 173 171 168
150 153 158 164 171 182 195 207 217 226 234 243 251 255 253 238 212 192 186 188 191 188 179 170 161 152 146 140 137 135 133 133 134 135 137 138 138 137 136 138 0 137 138 140 144 144 150 153 154 156 157 157 156 155 154 152 151 150 148 145 142 142 139 138 0 0 0 0 166 179 184 185 185 182 179 177 174 171 168
155 161 168 176 186 199 212 220 225 229 232 237 241 242 233 209 184 171 168 169 170 169 164 158 151 145 139 136 134 132 132 131 132 134 136 137 137 136 135 137 0 138 141 143 147 151 153 153 155 155 155 155 155 154 153 151 150 149 147 144 141 141 139 137 0 0 0 0 0 172 182 185 185 182 179 177 175 172 168
160 167 176 186 198 210 220 226 228 227 225 225 223 217 203 182 167 160 157 157 157 156 151 147 140 135 132 131 131 130 130 131 131 133 134 136 136 135 135 136 0 140 142 145 148 151 153 154 155 154 153 153 153 153 152 151 150 149 147 144 142 140 140 141 0 0 0 0 0 0 177 183 183 182 179 177 175 172 168
162 169 178 188 198 208 216 219 218 213 208 202 196 188 178 167 160 155 152 150 147 145 141 137 132 130 130 129 129 129 129 130 131 132 133 134 135 136 137 137 138 142 144 147 150 152 152 153 153 153 152 152 152 151 151 150 150 149 147 145 143 141 140 143 140 141 0 0 0 0 0 180 182 181 179 177 175 172 168
163 169 176 182 187 192 196 196 191 184 178 173 169 166 162 159 155 152 148 143 137 135 131 128 127 125 126 127 127 127 128 128 129 129 131 133 134 135 138 140 141 145 147 148 149 150 151 151 151 150 150 150 150 150 150 150 150 149 148 146 144 143 143 144 144 0 0 0 0 0 173 178 180 179 178 176 174 171 168
163 166 169 171 172 172 170 167 163 159 156 155 155 155 154 154 152 149 143 135 128 125 124 124 125 125 125 125 126 126 127 127 128 129 130 132 134 134 140 144 145 147 149 149 149 149 149 148 148 148 148 148 149 149 149 150 150 150 149 148 147 146 145 145 147 148 0 0 0 0 0 175 177 177 176 175 174 171 167
161 162 162 162 160 157 154 151 148 146 145 146 148 149 150 149 148 145 138 129 121 119 120 122 123 124 124 124 125 126 126 127 129 129 129 131 134 133 143 146 147 148 149 148 147 147 147 146 146 146 146 147 147 148 149 149 150 150 150 150 150 149 148 147 147 150 151 151 154 0 0 0 173 174 174 174 173 170 167
157 158 157 156 153 150 148 145 143 142 141 143 145 146 146 146 144 140 133 125 118 116 118 120 122 124 124 124 125 126 127 128 129 129 129 131 133 135 143 146 148 148 148 147 146 146 145 145 145 145 145 146 147 147 148 149 149 150 151 151 151 151 150 148 148 149 149 149 152 159 164 167 169 170 171 172 171 169 166
152 152 152 151 149 147 146 144 143 142 141 143 144 144 144 142 138 134 129 123 117 116 118 120 123 124 125 125 126 127 128 129 129 130 130 131 132 139 143 146 148 148 146 145 145 144 144 144 144 144 144 145 146 147 148 148 149 150 150 151 151 151 150 149 148 149 149 149 151 156 160 163 163 165 167 169 168 167 164
146 147 147 147 147 146 146 145 144 143 143 143 144 143 141 138 134 131 127 122 118 117 119 121 123 125 126 127 128 129 130 131 132 132 132 133 134 140 144 147 148 146 145 144 143 143 143 143 143 144 144 145 145 146 147 148 148 149 150 150 150 150 149 148 148 148 148 148 150 152 156 158 160 161 164 165 166 165 162
142 143 143 144 145 146 146 146 146 145 144 144 143 142 139 135 132 128 125 122 119 118 120 122 125 126 127 129 130 131 132 134 135 135 135 136 139 140 145 147 146 144 143 142 142 142 142 143 143 143 144 144 145 146 146 147 148 148 149 149 148 148 148 147 146 146 147 147 149 151 153 155 157 158 160 162 163 162 161
139 140 141 142 144 145 146 146 146 146 145 144 143 140 137 133 130 127 124 122 120 119 121 123 125 128 129 130 131 132 134 137 137 137 138 140 141 141 145 146 144 143 142 141 141 142 142 142 143 143 143 144 145 145 146 146 147 147 147 147 147 147 146 145 145 145 145 146 148 149 151 153 154 156 158 160 161 160 159
138 139 140 142 143 144 145 145 145 145 144 143 141 139 136 132 129 127 124 122 120 120 121 123 126 128 130 131 132 133 137 138 138 138 139 139 139 141 144 144 144 142 141 141 141 141 142 142 142 143 143 144 144 144 145 145 145 145 145 146 146 145 145 143 143 143 144 145 146 148 149 151 152 154 156 158 159 159 158
137 139 140 141 143 144 144 145 144 144 142 141 139 137 134 132 129 127 124 122 120 120 122 124 126 128 130 131 132 134 137 137 137 136 136 136 137 140 142 143 143 142 141 141 141 141 142 142 142 143 143 143 144 144 144 144 144 143 143 143 144 144 143 141 140 140 142 143 145 146 148 149 151 152 154 156 158 158 157
137 139 140 141 142 143 143 143 143 142 141 139 137 136 133 131 129 127 125 122 121 120 122 124 127 128 129 131 131 133 135 135 135 133 132 132 134 137 141 143 143 142 142 141 141 142 142 142 142 143 143 143 143 143 143 143 142 141 141 141 142 142 141 139 138 138 140 142 143 145 146 147 149 151 153 155 156 157 156
137 139 140 141 142 142 142 142 142 141 139 138 136 134 132 131 129 127 125 123 121 121 122 124 126 128 129 130 131 132 133 134 133 131 129 130 132 136 140 142 143 142 142 142 142 142 142 142 142 143 143 143 143 143 142 141 140 139 139 139 140 140 139 138 137 137 139 140 142 143 145 146 148 149 152 154 155 155 155
137 138 139 140 141 141 141 141 140 139 138 136 134 133 131 130 128 126 124 123 121 121 122 124 126 128 129 130 130 131 132 132 131 130 128 128 131 136 140 142 143 142 142 142 142 142 142 142 142 143 143 143 142 142 141 140 139 138 137 138 139 139 138 137 136 136 138 140 142 143 144 145 147 148 151 153 154 154 154
136 137 138 139 139 139 139 139 139 138 137 135 133 132 130 129 127 125 124 122 121 121 122 124 126 128 129 130 131 131 131 130 129 128 128 128 131 135 140 142 143 142 142 142 142 142 142 142 142 143 143 142 142 141 141 140 138 137 137 138 138 138 138 137 136 136 138 140 141 143 144 145 146 148 150 152 153 153 153
135 136 137 137 138 138 138 138 138 137 136 134 132 130 129 127 126 124 123 122 121 121 122 124 126 127 129 131 131 130 130 128 128 128 128 129 132 136 139 142 142 142 142 142 142 142 142 142 142 142 142 142 142 141 140 139 139 138 138 138 138 138 138 137 136 137 138 140 141 143 144 145 146 148 150 151 152 152 152
133 134 135 136 136 136 136 136 136 136 134 133 130 129 127 126 124 123 122 121 121 121 122 123 125 127 129 132 133 130 129 127 128 129 128 130 132 136 139 141 142 142 142 142 142 142 142 142 142 142 142 142 141 140 140 139 139 139 138 138 138 138 138 137 137 137 138 140 141 143 144 145 147 148 149 151 151 151 151
132 133 134 134 135 135 135 135 135 135 134 132 129 127 126 124 123 123 122 121 122 122 123 123 125 126 129 133 133 130 129 126 127 128 128 131 133 136 139 141 142 142 142 142 142 142 142 142 142 142 142 141 141 140 139 139 139 139 139 138 138 138 138 137 137 138 139 140 141 143 144 145 147 148 149 150 150 150 149
130 131 132 133 133 134 134 134 134 134 133 131 129 127 125 123 122 122 122 121 122 123 124 124 125 127 130 132 132 130 128 126 127 129 130 132 135 137 140 141 142 142 142 142 142 142 142 142 142 142 141 141 140 139 138 138 138 138 138 138 138 138 137 137 137 138 139 140 141 143 144 145 146 147 148 149 149 149 148
128 129 130 131 132 133 133 133 133 133 132 130 128 126 125 122 122 122 122 122 124 125 126 126 127 129 130 132 132 131 128 127 128 130 132 134 136 138 140 142 142 142 142 142 142 142 142 142 142 142 141 140 139 137 137 136 136 136 136 136 137 137 137 137 138 138 139 140 142 143 144 145 146 147 147 148 148 147 146
126 126 127 129 130 131 132 132 132 132 131 130 128 126 124 122 121 121 122 124 126 128 128 129 129 130 131 132 132 130 128 127 128 131 133 136 138 140 141 142 143 143 142 142 142 142 142 142 142 142 141 140 138 136 135 134 134 134 135 135 136 136 137 137 138 138 139 141 142 143 144 145 145 146 146 146 146 145 145
124 124 125 127 129 130 131 131 131 131 130 129 127 126 124 122 121 120 122 126 129 130 131 131 131 132 133 133 132 130 128 127 129 132 135 138 139 141 142 143 143 143 143 142 142 142 142 142 142 141 141 139 137 135 134 133 133 133 133 134 135 135 136 137 138 139 140 141 142 143 143 144 145 145 145 145 144 144 143
123 123 124 125 128 129 130 130 130 130 129 128 126 125 123 121 120 120 123 127 130 132 133 133 133 133 133 133 132 130 128 128 129 133 136 139 141 142 143 143 143 143 143 143 142 142 142 142 141 141 140 138 136 134 133 132 132 132 133 133 134 135 136 137 138 139 140 141 142 142 143 144 144 144 144 143 143 142 141
122 122 123 125 127 129 130 129 129 128 127 126 125 123 122 120 119 120 123 128 132 134 134 134 133 133 133 133 132 130 129 129 130 133 137 140 141 142 143 143 143 143 143 143 143 142 142 141 140 139 138 136 134 133 132 132 132 132 133 133 134 135 136 137 138 139 139 140 141 142 142 143 143 143 143 142 142 141 140
122 122 122 124 126 128 129 128 127 126 125 124 123 121 120 118 118 120 123 129 133 135 135 134 134 133 133 132 132 131 129 130 131 134 138 140 142 143 143 143 144 144 144 143 143 143 142 141 139 137 135 134 132 132 131 131 132 132 133 133 134 135 136 137 137 138 139 140 141 141 142 142 142 142 142 142 141 140 139
122 122 122 124 126 128 128 127 126 124 123 122 120 119 118 117 117 119 124 129 133 135 135 135 134 133 133 132 131 131 131 131 132 135 138 140 142 143 143 144 144 144 144 144 144 143 142 140 137 135 133 132 131 131 131 131 131 132 133 134 134 135 136 137 137 138 139 139 140 140 141 141 141 141 141 141 140 140 139
122 121 122 123 125 127 127 126 124 122 121 119 118 118 116 116 117 119 124 130 134 136 136 135 134 134 133 132 131 132 132 132 133 136 138 140 142 143 143 144 144 144 144 144 144 143 141 139 136 133 132 131 130 130 130 131 131 132 133 134 135 136 136 137 137 138 138 139 139 140 140 140 140 140 140 140 140 139 138
122 121 121 122 124 125 126 124 123 121 119 118 118 117 116 116 117 120 125 131 135 137 137 136 135 134 134 133 132 133 133 133 134 136 138 140 141 142 143 144 144 144 144 144 144 142 140 138 135 132 131 130 130 130 130 131 131 132 133 134 135 136 136 137 137 138 138 139 139 139 139 139 139 139 139 139 139 138 137
121 120 119 120 122 123 124 123 122 120 119 118 118 117 117 117 118 120 125 131 135 137 138 137 136 135 135 135 134 134 134 134 135 136 138 140 141 142 143 144 144 144 144 144 143 141 139 136 134 132 131 130 130 130 130 131 131 132 132 133 135 136 136 137 138 138 138 139 139 139 139 138 138 138 138 138 138 137 137
121 119 118 118 119 120 121 121 121 121 121 121 119 119 119 118 119 121 126 132 136 138 138 138 137 137 137 136 136 135 135 135 135 137 138 140 141 142 143 143 144 144 143 142 141 139 137 135 133 131 130 130 130 130 130 131 131 131 132 133 134 136 137 138 138 139 139 139 139 139 138 138 137 137 137 137 137 137 136
121 118 117 116 117 118 119 120 121 122 123 123 121 121 121 120 120 123 128 134 137 138 138 139 138 138 138 138 137 136 136 135 136 137 138 139 140 141 142 143 143 143 142 141 139 137 136 134 132 131 131 130 130 130 131 131 131 131 132 133 134 135 137 138 139 140 140 140 139 139 138 137 136 136 136 136 136 136 136
122 118 116 115 115 116 117 118 121 123 124 123 123 123 123 122 122 125 129 134 138 139 139 139 139 140 139 139 138 137 136 136 136 137 138 139 140 141 142 143 143 142 141 139 138 136 134 133 132 131 131 131 131 131 131 131 131 131 132 133 134 135 137 138 140 141 141 141 140 139 138 137 136 136 136 136 137 137 138
122 118 116 115 114 114 115 117 121 123 124 124 124 124 124 124 125 127 131 135 137 139 140 140 140 142 140 139 139 138 137 136 136 137 138 139 140 141 141 142 142 141 139 138 136 134 133 132 132 131 131 131 131 131 131 131 131 132 132 133 134 135 137 139 140 141 142 141 141 140 139 138 138 137 138 139 140 141 142
123 119 116 114 114 113 114 117 120 122 123 124 124 125 125 126 128 130 133 136 138 139 140 140 141 141 140 139 139 138 137 137 137 137 138 139 140 140 141 141 140 139 137 135 134 133 132 132 131 131 131 131 132 132 132 132 132 132 132 133 134 135 137 138 140 142 142 142 142 142 142 141 141 141 143 144 146 148 150
125 120 117 115 114 113 114 117 120 122 123 124 124 125 127 129 131 133 135 137 139 140 140 141 141 140 140 139 138 138 138 137 137 138 138 139 139 140 140 140 138 137 135 134 132 132 131 131 131 131 131 132 132 133 133 133 133 133 133 134 134 135 136 138 140 142 143 144 144 145 145 146 147 148 150 153 156 160 165
126 121 118 116 114 113 115 117 120 122 123 123 124 125 128 131 134 135 137 138 139 140 141 141 141 141 140 139 138 138 138 137 138 138 139 139 139 139 139 138 137 135 133 132 131 130 130 130 130 131 132 132 133 134 135 135 134 134 134 134 135 135 137 138 141 142 144 145 147 148 150 152 154 158 162 166 172 178 185
127 123 119 117 115 115 115 117 120 122 123 123 124 127 131 134 137 139 140 140 141 141 142 142 142 141 140 139 138 138 138 138 138 139 139 139 139 139 139 138 136 134 133 131 130 130 129 130 130 131 132 133 134 135 136 136 136 136 136 136 136 137 138 140 142 144 146 148 151 154 157 160 164 169 175 182 189 196 204
128 124 121 119 117 117 117 118 121 123 124 125 126 129 133 138 140 142 143 143 143 143 144 144 143 142 141 140 139 139 138 138 139 139 139 140 139 139 139 138 136 134 133 132 131 130 129 130 130 131 133 134 135 136 137 137 138 138 138 138 139 139 141 143 146 148 151 154 158 162 167 172 178 185 192 199 206 213 219
128 125 123 120 120 119 119 120 122 124 125 126 128 131 136 141 144 146 146 146 146 146 146 146 145 144 143 141 140 140 139 139 139 139 140 140 139 139 139 138 137 135 133 132 131 130 130 130 131 132 133 134 136 137 138 139 139 140 141 142 143 144 146 149 152 156 160 165 170 176 182 189 196 203 210 215 221 226 230
128 126 124 124 123 123 122 123 124 125 127 128 130 134 139 144 148 150 150 150 149 149 148 148 147 146 144 143 142 141 140 140 140 140 140 140 140 140 139 139 138 136 135 133 132 131 130 131 131 132 134 135 136 138 140 141 142 143 144 146 148 150 154 158 163 168 174 180 187 194 201 207 213 219 224 228 231 234 237
