---
Vertical Velocity & Wind [kt] at 950mb Speed [m/sec] Valid 1400 NZST ~Z75~(0200Z)~Z~ SUN 4 Jan 2026 ~Z75~[26hrFcst@2100z]~Z~
Model= RASP Region= NZ Grid= d2 Reskm= 2.0 Indexs= 1 69 1 69 Proj= lambert 2000 2000 -35.0000 -42.0000 176.0000 -37.7968 175.7263
Day= 2026 1 4 SUN ValidLST= 1400 NZST ValidZ= 200 Fcst= 26.0 Init= 22 Param= press950Speed Unit= m/s Mult= 1 Min= 0 Max= 0
4 5 5 5 4 4 3 2 2 2 2 2 3 3 3 3 3 3 3 4 4 0 0 0 0 0 0 1 2 2 2 2 2 2 2 2 2 2 2 3 3 3 4 3 3 3 3 3 3 3 3 4 4 4 4 4 4 4 3 3 4 4 4 5 5 6 6 6 6
5 5 5 5 4 3 2 1 1 1 1 2 2 3 3 3 3 3 3 3 3 0 0 0 0 0 0 1 2 2 2 2 2 2 2 2 3 2 2 3 3 4 4 3 3 3 3 3 3 3 3 3 4 4 4 4 4 4 4 4 4 4 4 5 5 6 6 6 6
5 5 5 5 3 2 1 1 1 1 1 1 2 2 3 3 3 3 2 2 3 3 0 0 0 0 0 2 2 3 2 2 2 3 3 3 3 2 2 3 3 4 4 3 3 3 3 3 3 3 3 3 3 4 4 4 4 4 4 4 4 4 4 5 5 6 6 6 6
5 5 5 5 2 1 1 1 1 0 0 1 1 2 2 3 3 3 2 2 2 2 2 0 0 0 2 3 3 3 3 2 2 3 3 3 3 3 3 3 3 4 4 3 3 3 3 3 3 3 3 3 3 4 4 4 4 4 4 4 4 4 4 5 5 6 6 6 6
5 6 5 5 3 1 1 1 1 1 1 1 1 1 2 2 2 2 2 1 1 1 1 1 1 2 3 3 3 3 3 4 3 2 2 3 3 3 3 3 3 3 3 3 3 3 3 3 3 3 3 3 3 4 4 4 4 4 4 4 4 4 5 5 5 6 6 6 6
5 6 6 6 3 1 2 1 2 1 1 1 1 1 2 2 2 2 1 1 1 1 1 1 2 4 4 4 4 4 4 5 4 2 2 2 2 2 3 3 3 3 3 3 3 3 3 3 3 3 3 3 3 3 4 4 4 4 5 4 4 4 5 5 5 6 6 6 6
5 5 6 6 3 1 2 1 2 2 2 1 1 2 1 1 1 1 0 1 1 1 2 2 3 4 5 5 4 4 4 5 5 3 2 2 2 3 2 3 3 3 3 3 3 3 3 3 3 3 3 3 3 3 4 4 4 4 5 4 4 4 5 5 5 6 6 6 6
5 5 6 6 3 1 0 0 1 3 3 1 0 1 1 1 1 0 0 1 2 2 2 3 4 4 5 4 4 4 4 5 6 3 2 2 2 2 2 2 3 3 3 3 3 3 3 3 3 3 3 3 3 3 3 4 4 4 4 4 4 5 5 5 5 5 6 6 6
5 5 6 6 5 2 1 1 0 2 2 2 1 1 1 1 1 1 1 1 2 2 3 3 4 4 4 4 4 5 5 5 6 3 2 2 2 2 2 2 3 3 3 3 3 3 3 3 0 3 3 3 3 3 3 4 4 4 4 5 5 5 5 5 5 5 5 6 6
5 5 5 6 6 4 3 3 3 1 1 0 0 1 1 1 1 1 1 1 2 3 3 4 4 4 3 3 4 4 5 6 5 2 1 2 2 2 2 2 2 3 3 3 3 3 3 0 0 3 3 3 0 3 3 4 4 4 5 5 5 5 5 5 5 5 5 6 6
5 5 5 5 4 3 3 4 5 3 1 1 1 2 1 1 1 2 2 2 3 3 3 4 4 4 4 4 4 5 5 6 4 1 3 3 2 2 2 1 2 2 2 3 3 3 3 3 0 0 0 0 3 3 4 4 4 4 5 5 5 5 5 5 5 5 5 6 6
5 5 5 4 2 2 2 4 4 4 3 2 2 2 2 2 3 3 3 3 3 4 4 4 4 4 4 4 5 5 6 5 1 2 2 2 2 2 2 2 2 2 2 3 3 3 3 3 0 0 0 0 0 3 4 3 4 4 5 5 5 5 5 5 5 5 5 5 6
4 4 4 4 3 3 4 4 4 4 4 3 2 2 2 3 3 3 3 3 4 4 4 4 4 4 4 5 6 6 6 5 1 1 1 2 2 2 2 2 2 2 2 2 3 3 3 3 0 0 0 0 3 3 3 3 4 4 5 5 5 5 5 5 5 5 5 5 6
4 4 4 4 5 5 6 5 4 4 3 3 2 2 2 3 4 4 4 4 4 4 4 4 4 5 5 5 6 7 7 7 3 0 1 2 2 2 1 2 2 2 2 2 2 2 2 0 0 0 0 0 3 3 4 3 3 4 4 5 5 5 5 5 5 4 5 5 6
4 4 4 4 5 5 5 5 4 2 1 2 2 2 3 3 4 4 4 4 4 4 4 4 4 4 5 5 6 6 7 8 5 1 1 2 2 2 2 2 2 2 2 2 2 2 0 0 0 0 0 0 3 3 3 3 3 4 4 5 6 5 5 5 5 4 4 4 6
4 4 4 5 5 5 5 5 3 1 2 2 2 3 3 3 3 4 4 4 3 3 3 4 4 4 4 4 5 6 7 7 5 2 1 2 2 2 2 1 2 2 2 2 2 1 0 0 0 0 0 3 3 3 3 3 3 4 5 5 5 5 5 5 4 4 4 5 6
4 4 4 5 5 5 5 5 4 2 3 3 3 3 3 3 3 3 3 3 3 3 3 3 3 4 3 3 4 5 6 7 5 2 1 1 2 2 2 2 2 2 3 2 2 2 2 0 0 0 0 4 3 2 2 3 4 5 5 5 5 5 5 5 4 4 4 5 6
3 4 4 4 5 5 5 5 5 4 4 4 4 3 3 3 3 2 2 2 2 2 3 3 3 3 4 4 4 5 5 6 5 2 1 1 2 2 1 1 1 1 2 3 3 3 2 0 0 0 0 4 4 4 3 4 5 5 5 5 5 5 5 5 4 5 5 5 6
3 3 4 4 4 4 4 4 4 4 4 4 3 3 3 3 3 2 2 2 2 2 3 3 3 3 3 4 4 4 4 5 5 2 2 2 1 1 1 1 1 1 1 3 3 3 2 0 0 0 0 3 3 3 4 4 4 5 5 4 4 4 4 4 5 5 5 5 6
3 3 4 4 4 4 4 4 4 4 4 3 3 2 2 2 2 2 2 2 3 3 3 3 3 3 3 4 4 3 3 4 4 3 2 2 2 1 1 2 1 1 1 2 3 3 2 0 0 0 0 3 3 3 3 3 4 4 4 4 4 4 4 4 5 5 5 6 6
3 4 4 5 5 4 4 3 4 4 4 2 2 2 2 2 2 2 2 2 3 3 3 3 3 3 3 0 4 3 3 5 5 3 2 2 2 2 3 2 1 2 1 1 3 4 3 2 0 0 0 3 3 4 3 3 3 4 4 4 4 4 4 4 5 5 5 6 6
4 4 5 5 5 5 3 1 3 4 3 2 2 2 2 2 2 2 2 2 2 3 3 3 3 3 4 4 3 3 3 3 3 2 2 2 2 2 3 2 1 1 1 2 2 3 3 0 0 0 3 3 3 4 4 3 3 4 4 4 4 4 4 4 5 5 5 5 6
4 5 5 6 6 5 1 2 3 3 3 3 2 2 2 2 3 3 3 2 2 2 2 2 2 3 4 3 4 4 2 1 1 1 1 2 2 2 2 2 1 1 1 2 2 2 2 0 0 0 3 3 3 4 4 4 4 4 4 4 4 4 4 4 5 5 5 5 5
4 5 6 6 6 5 2 3 4 2 3 2 2 2 2 2 2 2 2 2 2 2 1 1 2 3 3 3 4 5 4 2 2 1 1 2 2 2 2 2 2 1 1 2 2 2 2 2 3 3 3 4 4 4 4 4 4 4 4 4 4 4 4 4 4 5 5 5 5
4 5 5 5 5 4 3 4 4 3 3 2 2 2 2 2 3 3 3 3 2 2 1 2 3 3 4 4 5 6 6 4 3 1 1 1 2 2 3 3 2 1 2 3 2 1 2 2 3 3 3 4 4 4 4 4 4 4 4 4 4 4 4 4 4 4 5 5 5
4 5 5 4 4 3 3 3 3 3 3 2 2 3 3 3 3 3 3 3 2 2 2 2 3 3 3 3 4 5 5 3 1 1 2 2 1 2 2 2 1 1 2 2 2 1 2 1 2 3 3 3 4 4 4 4 4 4 4 4 4 4 4 4 4 4 4 5 5
4 4 4 4 4 3 4 4 4 4 4 3 3 4 4 4 4 3 3 3 2 2 2 1 3 3 3 3 3 4 3 1 1 2 2 2 1 1 2 2 1 1 2 2 2 2 2 3 2 1 3 4 4 4 5 5 4 4 4 4 4 4 4 4 4 4 4 4 4
4 4 4 4 4 4 4 5 5 4 4 4 4 4 4 4 4 3 3 2 2 2 2 1 2 3 3 3 4 4 2 1 2 2 2 2 2 1 2 2 1 1 2 2 3 3 3 3 3 3 1 3 4 5 5 5 5 4 4 4 4 4 4 4 4 4 4 4 4
4 4 4 4 4 4 4 4 4 4 4 4 4 4 4 4 3 3 2 2 2 2 2 2 3 4 4 4 4 3 2 3 2 1 2 1 1 1 1 2 1 1 2 3 3 3 3 3 3 3 3 1 4 4 5 5 4 4 4 3 4 4 4 4 4 4 4 4 4
4 4 4 3 3 4 4 4 4 4 4 4 4 4 4 4 3 2 2 1 2 2 2 3 5 5 5 4 4 3 3 4 4 3 2 2 1 1 1 2 1 0 1 3 3 3 4 3 3 3 4 2 3 4 4 4 4 4 3 3 3 4 4 4 4 4 4 4 4
3 3 3 3 3 3 3 3 3 3 4 4 4 4 4 3 3 3 2 2 2 2 2 3 4 5 5 4 4 5 5 6 7 6 5 4 2 1 1 2 1 1 1 3 2 2 3 3 3 3 4 3 2 3 4 4 4 4 3 3 3 4 4 4 4 4 4 4 4
3 3 3 3 3 3 3 3 3 3 3 3 3 3 3 3 3 2 2 2 2 2 2 3 3 4 5 6 6 7 6 3 4 5 5 5 4 3 2 2 2 2 3 3 2 2 3 3 2 2 3 4 3 3 4 4 4 4 3 3 3 3 4 4 4 4 4 4 4
3 3 3 3 3 3 3 3 2 3 3 3 3 3 3 3 3 3 2 2 2 2 3 3 4 4 6 6 6 3 3 3 3 4 4 4 4 4 3 3 4 3 3 2 2 2 2 3 2 1 1 3 2 3 4 4 4 4 3 3 3 3 4 4 4 4 4 4 4
3 3 3 3 3 3 3 3 2 3 3 3 3 3 3 3 3 4 3 3 2 2 2 2 4 6 5 4 1 1 2 2 2 3 3 3 3 3 3 3 4 3 3 2 2 1 1 2 2 2 2 2 2 3 4 4 4 4 3 3 3 3 3 3 4 4 4 4 4
3 3 3 3 3 3 2 2 2 3 3 3 3 3 3 3 4 5 5 3 2 2 1 2 4 4 3 1 2 1 1 3 3 3 3 3 3 3 3 3 3 4 3 2 1 1 2 3 4 4 4 1 2 3 4 4 4 4 4 3 3 3 3 4 4 4 4 4 4
3 3 3 3 3 3 2 2 3 3 3 3 3 3 3 3 4 5 5 5 4 3 4 4 3 3 2 1 2 0 1 3 3 3 2 2 2 3 3 3 3 4 3 2 1 1 3 4 4 3 3 2 2 3 4 4 5 4 3 3 3 3 3 4 4 4 4 5 5
3 3 3 3 3 3 3 3 3 3 3 3 3 3 3 3 3 4 4 4 4 3 3 2 2 2 1 1 1 0 1 3 4 3 2 2 2 2 2 2 3 3 3 2 1 2 3 3 3 3 4 3 2 3 4 4 5 4 4 4 4 4 4 4 4 4 4 5 5
3 3 3 3 3 3 3 3 3 3 3 3 3 3 3 3 3 3 3 3 2 1 1 2 2 2 1 1 2 2 2 3 3 4 3 3 3 3 2 1 1 3 3 3 2 2 2 3 3 3 3 3 2 3 4 4 4 4 4 4 4 4 4 5 5 5 5 5 5
3 4 4 3 3 3 3 3 3 3 3 3 3 3 3 3 2 2 1 1 1 0 1 1 1 2 1 1 2 2 2 2 2 4 4 4 3 2 2 0 2 3 3 2 2 2 1 2 2 2 2 2 2 3 3 4 4 4 4 5 5 5 5 5 5 5 5 5 5
4 4 4 3 3 3 3 3 3 3 3 3 3 3 3 2 2 1 1 1 1 1 0 1 1 2 1 1 1 2 2 2 1 2 4 5 4 3 2 3 3 3 2 1 1 1 1 1 1 1 2 2 2 2 3 4 4 5 5 5 5 5 5 6 6 6 6 6 6
4 4 4 3 3 3 3 3 3 2 3 3 3 3 2 2 1 1 1 0 1 2 1 1 1 1 1 1 0 1 1 1 1 1 2 3 4 3 3 3 0 2 2 1 0 1 1 0 1 1 2 2 2 2 3 4 5 5 5 5 5 6 6 6 6 6 6 6 6
4 4 4 3 3 3 3 3 3 3 2 2 2 2 2 1 1 1 1 0 0 1 2 2 2 1 1 0 0 1 1 1 0 1 2 3 3 2 3 4 2 2 1 1 1 0 0 1 1 1 2 2 2 2 3 4 4 5 5 5 5 6 6 6 6 6 6 6 6
4 4 4 4 3 3 3 3 3 3 2 1 2 1 1 1 1 1 1 0 0 1 1 2 1 1 1 0 1 1 1 1 1 1 1 2 3 3 3 3 2 1 1 1 1 0 1 2 2 1 1 2 2 2 3 4 4 5 5 5 6 6 6 6 6 6 6 6 6
4 4 4 4 3 3 3 3 3 2 2 1 1 1 1 1 1 1 1 0 0 0 1 1 1 1 1 1 1 1 1 0 1 1 1 2 2 3 3 3 2 1 0 1 1 1 1 2 2 1 2 2 2 3 3 4 4 5 5 6 6 6 6 6 6 6 6 7 7
3 4 4 4 3 3 3 3 2 2 2 1 1 1 1 1 1 1 0 0 1 1 0 0 1 1 1 1 1 1 0 0 1 1 1 1 2 3 4 3 1 0 1 1 1 1 2 2 2 1 2 2 3 3 3 4 4 5 5 6 6 6 6 6 6 6 7 7 7
3 3 3 4 4 3 3 2 2 2 1 1 1 1 1 1 1 1 1 1 1 1 1 1 1 1 1 1 1 1 0 0 0 0 1 1 1 3 5 3 1 0 1 2 2 2 2 2 1 2 2 3 3 3 4 4 4 5 5 6 6 6 6 6 6 7 7 7 7
3 3 3 3 4 3 3 2 2 2 1 1 1 1 1 1 1 1 1 1 1 1 1 1 1 1 1 1 1 1 0 0 0 1 1 1 2 2 0 4 2 1 1 2 2 2 1 1 2 3 3 3 3 4 4 4 5 5 5 6 6 6 6 6 6 7 7 7 7
2 2 2 2 3 2 2 2 2 2 1 1 1 1 1 1 1 1 1 1 0 1 1 1 1 1 1 1 1 1 0 0 1 1 2 3 3 0 0 4 2 1 1 2 2 2 1 1 2 3 3 3 3 4 4 4 5 5 5 6 6 6 6 6 6 7 7 7 7
2 2 2 2 2 2 2 2 2 2 1 1 1 1 1 1 1 1 1 0 0 1 1 1 1 1 1 1 1 0 0 0 1 2 3 0 0 3 4 4 3 2 1 2 2 2 1 1 2 3 3 3 3 4 4 5 5 5 5 6 6 6 6 6 7 7 7 7 7
2 2 2 2 2 2 2 1 2 2 2 1 1 1 2 1 1 1 1 0 1 1 1 1 1 1 1 0 0 0 0 0 1 2 2 2 2 3 4 3 3 2 2 2 2 2 2 2 3 3 3 3 3 4 4 5 5 5 6 6 6 6 6 6 7 7 7 7 8
2 2 2 2 2 2 1 1 2 2 1 1 2 2 2 2 2 2 1 1 1 1 1 1 1 1 1 0 0 0 0 1 1 1 2 2 2 2 4 3 3 2 2 2 2 2 2 3 3 3 3 3 3 4 5 5 5 5 6 6 6 6 6 7 7 7 7 8 8
2 2 2 2 2 2 2 2 2 2 1 2 2 2 2 2 2 2 2 1 1 1 2 1 1 1 1 0 0 1 1 1 1 2 2 1 1 1 4 3 3 2 2 2 2 3 3 3 3 3 3 3 3 4 5 5 5 6 6 6 6 6 7 7 7 7 8 8 8
2 2 2 2 2 2 2 2 1 1 1 2 2 2 2 2 1 1 2 2 1 2 2 2 1 1 1 1 1 1 2 2 2 2 2 1 1 2 4 3 3 2 2 2 3 3 3 3 3 3 3 3 3 4 5 5 6 6 6 6 6 6 7 7 7 7 8 8 8
2 2 2 2 2 2 2 1 1 2 2 3 2 2 2 2 1 1 2 2 2 2 2 2 1 1 1 1 1 1 1 2 2 2 1 2 2 3 3 3 3 3 2 2 3 3 3 3 3 3 2 3 3 4 5 5 6 6 6 6 6 7 7 7 7 8 8 8 8
2 2 2 2 2 2 1 1 2 2 2 2 2 2 1 2 1 1 2 1 2 2 2 1 1 1 1 1 1 1 0 1 2 3 2 2 2 3 3 3 3 3 2 3 3 4 4 4 3 3 3 3 4 4 5 6 6 6 6 6 7 7 7 7 8 8 8 8 8
2 2 2 2 2 1 1 2 2 2 2 2 2 2 2 2 2 2 1 1 2 1 1 1 1 1 1 1 1 0 0 1 2 3 2 2 2 3 3 3 3 3 3 3 4 4 4 4 4 3 3 3 4 5 5 6 6 6 6 7 7 7 7 7 8 8 8 8 8
2 2 2 2 2 2 2 2 2 2 2 2 2 1 1 1 1 1 1 1 1 1 1 1 1 1 1 1 1 1 1 2 2 3 3 3 3 3 3 3 3 3 3 4 4 4 4 4 4 3 3 4 5 5 6 6 6 6 7 7 7 7 7 8 8 8 8 8 9
3 3 2 2 2 2 2 2 2 2 2 1 1 1 1 1 1 1 1 1 1 1 1 1 1 1 1 1 1 1 2 2 3 3 3 3 3 3 4 3 3 3 3 4 4 4 4 4 4 4 4 5 5 6 6 6 7 7 7 7 7 7 8 8 8 8 8 8 9
3 3 2 2 2 2 2 2 2 2 2 2 2 1 1 1 2 2 2 2 2 2 1 1 1 1 1 1 1 2 2 2 2 2 3 3 3 4 4 3 3 3 4 4 5 5 5 4 4 4 4 5 6 6 7 7 7 7 7 7 7 8 8 8 8 8 8 9 9
3 3 2 2 2 2 2 2 2 2 2 2 2 2 2 1 2 2 2 2 2 2 2 1 1 1 2 2 2 2 2 2 2 2 3 3 3 4 4 4 3 3 4 5 5 5 5 5 4 4 5 6 6 7 7 7 7 7 8 8 8 8 8 8 8 8 8 9 9
3 2 2 2 2 2 2 2 2 2 2 2 3 2 1 1 2 1 2 2 2 2 2 2 2 2 2 2 2 2 2 2 2 2 3 3 4 4 4 4 4 4 5 5 5 5 5 5 5 5 5 6 7 7 7 8 8 8 8 8 8 8 8 8 8 9 9 9 9
2 2 2 2 2 2 2 2 2 2 2 2 2 2 1 1 2 1 2 2 2 2 2 2 2 2 2 2 2 2 2 2 2 3 3 3 4 4 4 4 4 4 5 5 5 5 5 5 5 5 6 7 7 7 8 8 8 8 8 8 8 9 9 9 9 9 9 9 9
2 2 2 2 2 2 2 2 2 2 2 2 2 2 2 3 2 2 2 2 2 2 2 2 2 2 3 2 2 2 2 2 3 3 3 4 4 5 4 4 4 5 5 6 6 5 5 5 5 5 6 7 7 8 8 8 8 8 9 9 9 9 9 9 9 9 9 9 9
2 2 2 2 2 2 2 2 2 2 3 2 1 2 2 3 2 2 2 2 2 2 3 3 3 3 3 3 2 2 2 3 3 4 4 4 5 4 4 4 4 5 6 6 6 6 5 5 5 6 7 7 8 8 8 8 9 9 9 9 9 9 9 9 9 9 9 9 10
2 2 2 2 2 2 2 2 2 2 2 3 2 2 2 2 2 2 2 2 2 3 3 3 3 3 3 2 3 3 3 3 4 4 4 5 5 4 4 4 5 5 6 6 6 6 5 6 6 6 7 8 8 8 9 9 9 9 9 9 9 9 9 9 9 10 10 10 10
2 2 2 2 2 2 2 2 2 2 2 2 2 1 1 1 2 2 2 2 2 2 3 3 3 3 2 2 3 3 3 4 4 4 5 5 5 4 4 4 5 6 6 6 6 6 6 6 6 7 7 8 8 9 9 9 9 9 9 9 9 9 9 10 10 10 10 10 10
2 2 2 2 2 2 2 2 2 2 2 2 2 1 1 1 2 2 2 2 2 2 2 2 2 2 2 3 3 4 4 4 4 5 5 5 5 4 4 5 5 6 6 6 6 6 6 6 6 7 8 8 8 9 9 9 9 9 9 9 9 9 10 10 10 10 10 10 10
2 2 2 2 2 2 2 2 2 2 2 2 2 2 2 2 2 2 3 3 3 3 2 2 2 2 3 3 3 4 4 5 5 5 5 5 5 5 5 6 6 6 6 6 6 6 6 6 7 7 8 8 8 9 9 9 9 9 9 9 9 10 10 10 10 10 10 10 10
3 2 2 2 2 3 2 2 2 2 2 2 2 2 2 2 3 3 3 3 3 3 3 2 2 2 3 3 4 4 5 5 5 5 5 5 5 5 5 6 6 6 6 6 6 6 6 6 7 7 8 8 8 9 9 9 9 9 9 9 9 10 10 10 10 10 10 10 10
