---
Vertical Velocity & Wind [kt] at 850mb Direction [deg] Valid 1400 NZST ~Z75~(0200Z)~Z~ SUN 4 Jan 2026 ~Z75~[26hrFcst@2100z]~Z~
Model= RASP Region= NZ Grid= d2 Reskm= 2.0 Indexs= 1 69 1 69 Proj= lambert 2000 2000 -35.0000 -42.0000 176.0000 -37.7968 175.7263
Day= 2026 1 4 SUN ValidLST= 1400 NZST ValidZ= 200 Fcst= 26.0 Init= 22 Param= press850 Direction Unit= cm/sec Mult= 1 Min= 4 Max= 354
199 198 197 200 205 211 221 229 235 233 231 231 230 228 228 238 232 233 233 242 246 283 304 321 279 253 192 170 149 130 98 92 103 116 117 127 128 123 135 138 135 140 140 137 136 139 142 143 147 150 151 153 156 158 159 159 158 159 157 156 158 159 161 165 169 172 172 174 177
192 192 192 199 211 220 228 232 236 234 233 232 232 230 229 238 230 231 232 238 232 261 285 317 190 147 153 138 129 118 100 95 103 117 119 134 138 135 146 146 142 146 147 142 138 140 143 141 143 147 149 152 157 161 162 161 160 160 158 157 158 159 160 164 168 171 170 170 174
182 183 184 193 214 227 230 230 231 232 232 232 232 230 228 226 227 229 232 231 218 215 203 175 150 132 124 111 107 105 104 103 97 95 103 120 132 145 154 154 150 149 148 144 141 141 142 142 144 146 149 153 158 162 163 162 161 160 158 157 158 158 159 162 166 169 169 169 173
167 168 169 180 211 227 227 226 225 225 225 226 227 226 224 221 222 226 227 217 194 177 172 164 149 130 113 97 94 96 104 111 106 103 113 131 143 151 155 155 154 154 152 149 148 148 146 145 145 146 149 153 158 162 162 161 158 158 159 159 159 158 158 160 164 167 168 170 172
152 155 156 164 203 224 224 217 215 217 218 219 218 217 215 214 220 223 210 191 172 157 149 149 142 113 92 86 84 88 100 113 121 128 149 156 156 160 159 157 158 157 154 151 152 154 153 149 146 147 149 153 157 160 160 157 155 157 160 161 159 158 158 161 163 165 167 170 171
142 147 149 160 206 231 227 216 216 222 223 219 209 202 204 213 212 194 173 164 150 124 103 112 97 76 75 77 79 85 98 114 128 134 151 153 162 161 154 158 159 158 158 156 156 158 156 152 150 151 152 155 158 159 157 154 155 160 163 161 158 158 159 161 162 165 167 169 170
137 144 148 160 208 235 234 225 219 225 227 220 211 195 193 195 178 164 159 156 130 102 86 83 79 73 74 75 78 86 98 113 125 134 153 162 162 152 156 162 159 159 159 158 159 160 156 151 153 156 156 157 158 157 152 152 159 164 162 160 159 159 160 162 163 165 167 168 168
139 143 146 155 206 239 241 233 238 271 257 220 222 203 175 140 139 160 168 163 134 101 84 75 77 80 82 83 85 92 104 111 116 130 152 162 161 160 166 166 163 164 162 158 160 159 155 154 157 161 160 157 156 152 151 156 163 164 163 163 161 160 160 162 164 165 166 166 167
147 151 152 160 206 242 249 250 263 280 265 238 243 220 167 127 129 155 168 169 145 105 80 76 79 83 85 87 92 99 102 100 108 132 160 163 162 155 153 157 159 162 160 159 161 158 157 159 160 160 161 159 154 150 154 161 164 162 164 166 160 158 160 165 167 165 165 165 166
175 188 178 186 216 235 243 246 251 255 260 244 232 219 181 154 139 144 137 155 141 103 78 77 79 83 86 89 94 97 96 99 111 152 170 169 162 149 144 148 152 156 157 159 161 159 161 162 161 159 158 160 156 153 158 164 163 163 168 167 161 160 163 167 166 165 165 165 166
196 207 205 215 242 240 228 215 228 236 253 269 223 211 204 214 162 135 126 138 134 103 81 80 83 86 90 93 95 97 99 99 117 164 162 166 165 158 147 136 142 149 151 157 161 162 164 164 162 157 157 161 159 157 163 166 163 167 171 165 161 161 164 167 166 164 163 164 166
220 227 220 226 242 245 236 217 217 223 228 266 164 190 201 193 148 134 120 118 128 105 86 84 89 93 95 99 102 102 101 102 151 209 160 159 163 160 154 133 142 149 149 158 164 164 164 165 162 158 159 163 162 161 166 166 164 171 173 167 165 165 165 168 165 161 160 162 166
231 237 226 229 238 247 251 242 227 215 204 154 75 126 157 133 126 124 112 97 116 106 91 87 91 96 99 104 108 110 114 121 163 219 163 154 166 160 161 136 139 148 156 164 166 164 164 164 163 162 166 171 167 166 170 167 166 172 174 170 167 166 168 170 162 157 157 161 167
233 239 232 244 252 270 280 268 224 206 190 129 78 67 107 94 105 106 97 82 99 105 101 94 91 92 98 103 117 134 149 160 119 120 138 159 173 171 167 149 147 156 163 163 161 162 165 168 166 163 161 160 163 170 173 170 167 169 171 173 173 175 176 170 157 155 158 162 168
231 242 239 279 308 354 5 329 189 189 176 113 93 102 96 77 86 87 81 80 97 107 107 100 96 95 99 108 145 161 129 123 100 132 131 164 171 172 168 166 168 167 170 165 158 160 161 162 164 166 162 160 164 164 164 167 169 169 175 180 180 177 173 164 154 156 159 163 169
221 229 227 4 37 42 49 83 163 168 134 101 106 125 104 84 80 80 81 92 105 110 104 99 100 102 109 130 139 125 127 125 117 139 137 157 160 165 166 173 177 176 175 165 162 169 167 163 155 152 152 160 173 175 172 174 173 175 180 182 181 176 166 157 155 159 161 165 170
208 212 202 78 74 67 71 95 134 130 97 106 125 129 105 84 78 83 92 104 111 113 107 105 108 112 117 124 120 127 134 133 126 134 150 153 157 162 168 180 181 186 185 172 171 170 161 160 158 156 152 152 158 164 168 171 175 184 185 183 178 172 162 156 157 160 163 167 171
196 189 170 115 99 86 88 100 115 114 104 126 134 128 103 80 78 97 118 121 119 117 114 117 122 127 127 125 122 129 136 132 125 143 165 154 152 162 164 165 174 186 187 184 176 168 158 158 163 164 160 155 155 157 160 167 177 186 188 182 174 169 162 160 160 162 165 168 172
188 173 153 125 113 102 103 108 116 124 124 136 139 130 102 88 108 140 139 132 127 121 118 123 133 137 133 128 128 131 136 122 121 153 172 154 163 178 176 177 182 179 174 178 181 175 162 160 167 166 167 162 161 163 163 167 177 185 189 183 172 165 162 163 162 164 167 170 173
188 176 155 133 124 119 112 107 112 124 127 132 129 115 105 118 140 143 139 136 130 124 122 129 134 137 138 134 134 140 136 121 118 140 156 163 184 190 191 188 186 171 158 163 181 186 176 168 168 165 169 169 170 173 173 175 179 185 188 182 172 166 166 165 164 166 169 171 174
185 177 166 145 138 143 145 136 110 115 121 123 116 109 116 129 134 134 134 133 130 126 123 125 130 138 138 132 132 146 113 120 119 145 158 176 190 196 195 184 179 170 164 158 168 183 180 176 174 173 175 174 174 178 179 180 182 185 186 182 172 165 168 168 167 168 171 173 176
187 185 183 169 151 155 185 223 159 126 128 122 116 118 123 122 119 117 119 124 126 124 120 120 127 135 136 132 126 118 82 124 138 154 168 182 187 195 199 188 177 172 167 155 161 177 183 181 181 183 184 180 176 177 180 181 182 181 180 177 167 161 166 170 168 168 172 175 178
188 190 192 186 175 209 228 242 152 141 135 127 125 125 122 114 112 114 116 116 119 120 121 126 134 145 155 173 176 131 135 147 141 171 194 190 189 196 197 194 182 173 160 155 163 168 177 181 184 187 188 184 179 179 180 180 178 174 172 171 165 163 167 171 168 169 172 176 179
188 191 193 196 194 243 273 197 148 139 136 132 131 127 115 102 103 107 108 112 118 121 125 130 137 157 180 197 194 147 147 151 180 199 190 185 191 196 198 196 186 174 164 160 167 180 179 180 182 187 188 186 183 182 181 179 175 169 168 171 168 167 170 171 168 170 174 178 180
189 191 192 200 200 244 319 143 143 136 137 135 135 128 111 97 98 101 106 116 125 128 129 131 138 165 176 183 152 135 142 153 201 202 189 188 191 194 199 193 182 173 171 159 154 168 176 183 185 184 184 184 186 188 186 181 173 168 172 176 172 172 174 172 169 172 174 178 180
184 185 185 194 190 141 61 128 140 135 139 138 138 127 107 96 99 104 110 121 131 133 126 130 143 151 147 129 132 132 138 160 203 202 194 193 194 195 200 194 180 173 172 170 157 157 161 163 172 183 186 189 191 193 192 185 175 172 179 181 177 179 179 173 170 173 175 179 181
175 171 166 137 101 96 93 123 140 138 140 140 134 119 103 98 104 111 120 130 138 138 127 136 141 132 114 110 126 134 158 193 194 198 197 195 193 195 201 198 183 175 176 170 143 152 149 147 150 162 181 189 195 197 195 188 178 177 185 183 180 185 183 174 172 174 176 180 183
163 153 141 110 98 107 110 127 139 139 138 133 120 108 100 102 111 128 140 147 151 149 144 151 137 121 112 112 123 135 175 202 189 193 197 197 194 194 200 202 189 176 174 161 148 153 146 143 143 146 162 186 193 196 193 186 178 182 187 181 182 188 184 176 175 175 177 182 185
155 145 137 115 108 119 125 134 141 142 135 122 109 102 100 107 121 144 154 159 159 143 145 146 124 116 116 115 123 142 176 201 191 194 200 199 195 192 196 200 191 177 169 165 160 158 154 152 149 145 150 172 190 191 190 184 180 184 184 179 182 184 180 178 177 176 178 183 186
153 145 140 123 113 124 135 141 144 142 128 114 108 104 107 116 138 156 157 156 152 141 146 135 119 113 117 118 128 159 181 190 197 205 206 200 195 194 198 200 191 177 171 171 168 165 165 165 158 149 146 161 181 185 183 181 183 185 182 181 182 178 178 180 178 177 179 183 185
155 151 149 139 125 126 140 146 147 138 121 113 109 108 113 126 151 163 165 167 158 138 142 128 117 115 120 121 129 156 180 178 209 220 213 205 204 207 202 198 192 182 178 177 173 166 161 158 154 147 146 153 169 176 176 178 183 184 180 181 177 172 177 179 178 178 180 184 182
152 149 153 153 147 137 145 150 148 136 121 113 109 111 119 147 174 178 176 171 166 142 144 136 123 124 127 135 162 183 186 184 183 219 222 213 220 234 215 197 196 193 186 176 169 160 152 144 142 145 148 150 166 178 176 175 178 184 184 180 174 173 177 178 179 179 180 183 180
153 158 156 158 163 160 153 154 150 138 122 113 110 113 123 156 174 170 161 157 138 139 145 144 126 113 139 175 196 183 180 185 185 201 219 216 229 243 233 209 202 199 187 173 163 158 153 146 142 145 146 153 173 178 175 174 175 179 183 174 171 174 176 179 181 180 180 181 178
143 143 154 162 167 167 160 156 151 137 120 110 106 103 106 127 146 148 143 165 142 141 153 158 145 199 202 190 182 173 172 182 189 203 213 218 228 230 225 219 207 198 190 178 162 139 128 131 131 130 131 154 174 176 171 174 178 180 183 174 173 174 176 180 181 179 179 177 175
144 143 156 162 157 164 161 157 149 132 115 104 98 93 92 90 107 133 143 186 166 149 160 170 205 195 190 197 201 169 166 179 193 206 211 223 230 224 217 215 205 199 196 188 185 172 128 120 117 122 131 148 160 170 175 178 178 173 171 168 172 175 179 181 181 179 178 175 173
150 148 158 158 150 158 159 155 144 125 109 100 96 97 97 87 125 200 234 233 235 19 318 252 209 182 185 206 181 157 160 176 191 206 216 222 223 219 211 207 202 200 199 192 197 194 136 116 111 125 131 138 145 154 168 179 183 175 165 167 171 175 179 180 180 180 178 175 172
159 154 156 155 150 156 155 151 140 123 111 102 99 109 118 132 194 204 205 202 178 218 229 217 188 173 178 191 145 149 156 170 192 214 221 212 209 205 199 198 199 200 197 190 197 169 139 127 126 127 127 134 147 150 155 165 170 166 162 166 170 173 176 179 181 181 180 176 172
161 151 148 151 151 155 152 148 137 123 112 103 108 122 136 171 194 193 192 190 194 194 183 173 171 170 169 133 129 151 159 167 197 230 214 203 197 189 187 192 199 198 196 192 183 158 145 134 143 141 136 139 152 153 151 156 164 170 174 178 182 183 182 181 181 180 178 175 171
152 138 138 147 150 154 150 145 136 125 113 108 121 127 138 171 188 194 203 201 205 187 166 161 165 169 164 143 152 158 167 172 189 223 208 203 196 190 190 194 196 195 193 192 189 169 159 140 146 150 144 141 152 153 154 160 172 181 186 190 191 188 184 182 179 177 175 171 168
136 120 127 143 148 153 150 146 139 127 115 118 124 125 137 174 188 196 202 206 209 176 162 163 165 164 165 175 171 164 171 180 185 171 200 228 223 211 210 196 189 191 191 190 188 182 173 147 142 148 145 140 152 160 165 172 179 186 193 197 194 187 182 178 173 169 167 164 163
119 105 118 140 146 152 153 147 136 125 112 117 127 135 151 182 191 195 197 204 207 144 154 162 162 160 170 186 179 167 171 182 185 173 192 249 238 218 207 176 186 188 187 187 187 186 177 158 147 154 158 155 159 169 175 179 184 190 196 196 189 182 177 171 165 161 159 158 157
103 94 113 140 146 151 153 145 132 112 112 126 149 159 172 182 186 187 188 203 215 132 133 150 152 159 178 185 179 170 171 177 178 178 194 243 218 196 178 179 190 186 186 188 188 186 180 172 164 164 168 168 167 173 180 185 189 191 190 187 183 177 169 161 156 154 153 152 152
92 90 110 139 146 148 149 143 129 127 153 151 161 166 171 176 179 180 185 201 194 138 136 150 164 181 182 178 175 170 169 172 176 180 186 216 208 186 173 190 194 190 190 192 189 184 182 179 173 170 170 171 171 175 182 186 186 182 180 179 175 166 157 152 150 150 149 149 148
88 92 109 136 146 145 147 141 131 169 170 153 161 165 169 172 175 179 182 180 167 149 150 161 173 174 171 168 170 169 170 173 176 177 176 196 204 180 175 188 193 191 191 189 184 180 181 180 177 174 173 172 172 176 180 180 176 173 170 167 160 153 149 147 146 146 145 145 144
89 97 111 132 143 144 145 142 153 176 167 154 163 165 166 169 170 171 168 158 156 157 160 166 168 166 166 165 167 169 171 174 176 176 173 181 191 177 191 196 172 176 179 177 175 174 177 179 178 179 178 174 171 174 175 173 168 162 157 152 149 147 145 143 142 142 141 141 140
97 108 122 135 138 142 147 157 173 172 162 157 161 162 164 166 164 162 159 154 153 157 164 166 165 164 165 165 167 169 171 174 176 177 176 172 166 217 287 275 166 163 167 169 171 172 174 177 178 177 175 169 165 165 165 161 155 150 147 146 146 144 142 139 138 137 137 138 138
112 128 142 148 147 155 167 174 172 169 163 161 161 161 162 161 158 155 150 141 133 147 172 170 164 162 164 165 166 168 169 170 171 170 168 165 157 218 265 263 175 166 167 169 171 172 171 169 166 161 156 150 146 147 147 147 145 145 145 145 144 141 138 136 135 135 135 136 136
130 143 153 156 160 171 175 169 165 164 160 160 159 158 157 154 152 151 146 132 126 164 182 173 164 161 164 164 165 164 163 163 161 155 131 144 200 202 223 239 183 169 166 167 169 169 164 156 150 144 141 137 135 137 140 142 144 145 146 145 142 138 135 134 133 134 134 135 135
149 155 159 163 169 172 167 161 162 163 159 159 161 158 154 151 151 149 145 141 149 170 179 173 164 160 162 162 162 160 159 159 153 142 153 168 218 218 200 211 181 168 161 160 160 158 152 146 143 140 138 135 134 137 141 144 145 146 146 144 140 137 134 134 134 134 134 133 134
158 161 162 165 167 165 160 158 162 161 155 156 162 154 148 145 147 145 147 152 153 163 172 170 164 160 161 160 159 157 158 159 155 158 189 195 205 241 215 202 179 168 159 154 152 150 149 146 145 144 141 137 136 138 142 144 145 146 145 143 141 138 137 136 136 136 136 135 135
157 157 160 161 160 159 159 159 160 157 154 154 156 148 143 139 139 131 155 157 151 157 166 166 162 158 157 155 156 157 166 174 170 178 200 197 160 202 215 196 178 169 161 154 152 153 155 153 151 148 144 139 137 139 142 144 144 145 144 143 142 141 141 140 139 139 138 137 136
157 157 158 157 157 158 157 155 154 155 153 152 148 141 137 131 125 145 174 155 148 156 164 165 161 157 155 154 156 160 176 179 175 177 188 172 118 183 207 193 178 171 165 160 159 162 164 161 156 152 147 141 139 141 143 145 145 145 145 144 143 143 144 145 144 142 141 140 139
155 155 155 155 154 154 153 151 153 156 151 147 143 138 136 130 131 164 170 151 146 157 170 169 165 162 160 158 161 178 185 178 173 173 179 141 137 187 200 188 178 173 169 167 167 168 169 165 160 156 150 144 142 144 146 148 148 148 148 146 146 146 147 148 147 146 144 143 142
152 153 151 150 149 148 149 152 153 151 147 145 139 133 139 134 142 159 157 141 147 170 182 177 174 172 171 171 182 188 184 180 179 179 175 138 152 189 193 183 178 176 172 170 170 171 171 165 162 160 154 148 146 147 149 151 151 152 151 150 150 150 150 150 149 148 147 145 144
146 147 146 146 146 147 148 151 149 147 146 146 137 133 141 132 137 145 139 160 177 181 187 182 179 179 178 181 197 195 185 183 181 183 176 153 167 188 186 179 180 180 175 172 170 172 171 166 165 163 156 150 148 150 152 153 154 154 154 154 154 155 154 152 151 149 148 147 147
142 143 144 144 145 146 147 149 149 148 150 148 134 125 129 120 134 155 165 177 183 187 186 181 179 182 182 186 200 206 194 188 185 193 181 165 176 184 180 178 181 182 176 171 171 172 171 169 168 165 157 151 150 152 154 155 156 156 156 157 158 158 157 155 153 151 150 149 149
141 142 142 144 145 146 147 149 151 152 154 148 132 128 142 136 155 168 181 176 185 187 184 182 184 185 185 186 194 207 202 193 190 201 191 181 183 179 176 177 181 181 175 170 171 173 172 171 171 167 159 153 152 154 156 158 158 159 159 160 161 161 160 158 155 153 152 151 151
141 142 142 144 147 148 148 150 151 152 152 146 134 136 151 153 154 168 179 175 183 184 182 188 190 189 187 186 192 201 203 196 184 190 201 197 191 180 176 176 179 180 175 171 172 173 172 172 172 168 161 156 155 156 158 160 160 161 162 163 164 163 162 160 158 156 154 152 151
141 143 142 144 147 147 148 148 147 146 142 135 129 132 142 139 138 156 166 175 182 178 180 190 192 191 187 183 186 184 160 157 178 189 198 195 192 183 179 175 177 178 176 174 174 174 173 173 173 169 162 158 157 158 160 161 162 163 165 166 167 166 165 163 161 159 156 154 153
142 143 142 142 145 146 146 145 143 140 130 123 119 123 137 142 142 142 160 176 173 168 177 185 185 181 173 165 166 164 156 170 185 189 193 193 188 187 183 176 176 178 178 178 178 177 175 175 174 169 163 159 158 159 161 162 163 164 166 167 168 169 167 166 164 161 159 156 154
144 145 142 141 142 142 143 140 138 132 125 121 118 136 148 149 140 130 168 177 168 168 173 167 158 151 145 145 153 159 162 168 182 181 179 183 184 186 184 178 176 179 180 181 180 179 178 177 175 169 162 159 159 159 161 163 164 164 165 167 169 170 170 169 167 164 161 159 155
142 143 142 140 139 138 139 137 132 127 126 131 148 171 151 126 121 149 174 169 164 168 164 148 138 133 130 130 134 139 141 149 171 180 181 184 187 188 182 175 175 178 180 181 181 180 179 178 176 169 162 159 159 159 160 161 163 164 164 166 168 171 173 173 171 168 164 160 156
140 141 140 138 136 133 134 133 129 123 125 140 162 175 114 103 126 175 167 162 164 159 138 124 118 117 116 111 97 106 125 148 169 175 180 187 188 187 177 171 174 176 177 178 179 180 180 179 175 168 161 158 158 158 159 160 161 162 163 165 168 171 174 175 174 170 165 162 158
136 137 137 136 132 129 129 130 129 126 128 149 158 150 89 117 151 164 159 160 158 145 131 123 113 107 107 113 124 135 141 151 164 172 180 189 190 181 168 167 171 173 173 175 178 180 180 179 174 167 160 158 158 158 158 158 159 160 163 165 168 171 174 176 175 171 167 163 159
134 134 134 133 130 128 127 127 127 129 154 173 135 132 117 135 160 166 163 160 153 142 135 126 116 112 118 139 157 161 157 156 164 177 187 189 183 169 163 166 170 171 171 173 177 180 180 177 173 166 159 157 158 158 157 157 158 160 163 166 168 170 172 173 173 170 166 163 159
130 129 130 132 132 129 126 124 124 128 143 163 158 155 148 149 161 168 168 162 153 145 140 133 129 129 136 147 153 159 162 163 169 179 187 188 179 166 162 165 168 170 171 174 177 179 179 176 171 164 158 157 157 157 157 156 157 160 163 166 168 169 170 170 169 167 165 163 159
122 120 122 128 131 131 128 126 124 127 140 159 170 171 169 168 169 170 167 160 153 146 141 137 137 142 150 156 158 160 162 166 174 180 184 184 175 165 161 163 166 169 172 175 177 178 177 175 170 163 157 156 156 156 157 157 158 160 163 165 167 167 166 165 164 162 161 160 158
113 109 109 123 129 133 130 128 126 125 140 160 174 177 177 175 172 169 165 159 153 145 142 139 136 149 157 162 162 162 163 168 175 180 181 179 170 163 160 164 166 169 172 175 176 176 176 174 170 163 157 156 156 156 156 156 157 159 162 164 164 163 161 159 158 157 156 155 155
104 103 104 115 122 129 130 131 130 130 145 164 175 179 180 177 173 168 162 156 152 146 144 142 140 151 158 163 163 163 166 171 177 179 176 172 166 161 159 162 166 169 171 173 175 175 174 172 169 163 158 156 155 155 155 156 157 159 161 161 161 159 156 153 151 150 150 150 151
