---
Vertical Velocity & Wind [kt] at 500mb Direction [deg] Valid 1400 NZST ~Z75~(0200Z)~Z~ SUN 4 Jan 2026 ~Z75~[26hrFcst@2100z]~Z~
Model= RASP Region= NZ Grid= d1 Reskm= 6.0 Indexs= 1 79 1 99 Proj= lambert 6000 6000 -35.0000 -42.0000 176.0000 -38.5000 176.0000
Day= 2026 1 4 SUN ValidLST= 1400 NZST ValidZ= 200 Fcst= 26.0 Init= 22 Param= press500 Direction Unit= cm/sec Mult= 1 Min= 181 Max= 219
215 214 212 211 209 209 208 208 207 207 206 206 206 205 204 204 203 203 203 203 203 203 203 202 202 202 202 202 202 201 200 200 201 202 202 203 203 203 203 204 203 204 204 204 204 205 205 205 205 205 206 206 206 206 206 206 206 206 205 205 205 205 205 205 206 206 207 207 208 209 210 210 211 211 212 213 214 214 215
214 213 210 209 208 208 208 207 206 206 205 206 206 205 204 203 203 203 202 202 202 202 202 201 201 201 201 201 201 200 199 200 201 202 202 203 203 203 203 203 203 204 204 204 204 204 205 205 205 205 205 206 206 206 206 205 205 205 205 205 204 204 205 205 205 206 207 207 208 209 210 210 211 212 212 213 214 215 216
213 212 210 208 208 208 207 206 205 205 205 205 205 204 203 203 202 202 202 201 201 201 201 200 201 201 201 201 200 200 199 200 201 201 202 202 203 203 203 203 203 203 204 204 204 204 204 204 205 205 205 205 205 205 205 205 205 205 205 204 204 204 205 205 205 206 207 207 208 209 210 210 211 212 212 213 214 215 216
212 211 209 208 207 206 206 205 204 204 204 204 204 203 202 202 202 201 201 201 200 200 200 200 200 200 200 200 200 200 200 200 200 201 201 202 202 202 203 203 203 203 203 203 204 204 204 204 204 205 205 205 205 205 205 205 205 205 204 204 204 204 205 205 206 206 207 207 208 209 210 210 211 212 213 213 214 215 216
211 210 209 208 207 206 205 204 203 203 203 203 202 202 201 201 201 200 200 200 199 199 199 199 199 199 199 199 199 199 199 200 200 200 201 201 201 202 202 202 202 203 203 203 203 203 203 204 204 204 205 205 205 205 205 205 205 205 204 204 204 204 205 205 205 206 207 207 208 208 209 210 211 211 212 213 214 215 216
211 209 208 208 206 205 204 203 202 202 202 202 201 201 200 200 200 199 199 199 198 198 198 198 198 198 198 198 198 199 199 199 200 200 201 201 201 201 202 202 202 202 203 203 203 203 203 203 204 204 204 204 204 204 204 204 204 204 204 204 204 204 205 205 205 206 206 207 208 208 209 209 210 211 212 213 214 215 216
210 208 208 207 205 204 202 202 202 202 201 200 200 200 199 199 199 199 198 198 198 197 197 197 197 197 197 197 197 198 198 198 200 200 201 201 201 201 201 202 202 202 202 203 203 203 203 204 204 204 204 204 204 204 204 204 204 204 204 204 204 204 204 205 205 206 206 207 207 208 208 209 210 211 211 213 214 215 215
209 208 207 206 204 202 201 201 202 201 200 199 199 199 199 199 198 198 198 197 197 196 196 196 196 196 196 196 196 197 197 197 198 200 201 200 200 201 201 202 202 202 202 203 203 203 203 204 204 204 204 204 204 204 204 204 204 204 203 203 204 204 204 205 206 206 207 207 208 208 209 209 210 211 211 213 214 215 215
208 207 206 205 202 201 200 201 201 200 199 198 198 198 198 198 198 198 197 197 196 196 196 195 195 196 196 196 196 195 196 196 197 199 200 200 201 201 201 201 202 202 202 203 203 203 204 204 204 204 205 205 204 205 205 204 204 204 203 203 204 204 205 205 206 207 207 208 208 209 209 210 211 211 212 213 214 214 214
207 206 205 204 201 200 200 200 200 199 197 197 198 198 198 198 197 197 197 197 196 196 195 195 195 195 195 195 195 195 195 196 196 197 198 200 200 201 201 201 201 202 202 202 203 203 203 204 204 204 204 205 205 205 205 205 204 204 203 203 204 204 205 205 206 207 208 208 209 209 210 211 211 212 212 213 214 214 214
207 206 205 203 201 199 199 199 199 197 197 197 197 197 197 197 197 197 197 197 196 196 196 195 195 195 195 195 194 194 195 195 196 196 197 198 200 200 201 201 201 201 202 202 203 203 203 203 204 204 204 204 204 205 205 205 205 204 204 203 204 204 205 205 206 207 208 208 209 210 210 211 212 213 213 213 213 213 213
206 205 204 202 200 199 199 199 197 196 196 196 197 197 197 197 197 197 197 197 196 196 196 196 196 196 195 195 194 194 194 194 195 196 196 197 198 199 200 201 201 201 202 202 202 203 203 203 203 204 204 204 204 205 205 205 205 205 204 204 204 204 205 206 206 207 208 209 209 210 211 212 212 213 213 213 213 213 213
206 205 203 202 200 199 199 198 196 195 196 196 197 197 197 197 197 197 197 197 197 196 196 196 196 196 195 195 194 194 194 194 194 195 196 196 197 198 199 200 201 201 201 202 202 202 202 202 203 203 203 203 204 204 204 205 205 205 204 204 204 204 205 206 206 207 208 209 209 210 211 212 212 213 213 213 213 212 212
205 204 203 202 200 199 198 197 195 195 195 196 197 197 197 197 197 197 197 197 197 196 196 196 196 196 195 194 194 194 194 194 195 195 195 196 196 197 199 199 200 201 201 201 202 202 202 202 202 202 203 203 203 203 204 204 205 205 204 204 204 205 205 206 207 207 208 209 209 210 211 212 213 213 214 213 213 212 212
205 204 203 201 200 198 197 196 195 195 195 196 197 197 197 197 197 197 197 197 197 197 196 196 196 196 195 194 194 194 194 195 195 195 195 195 196 197 198 199 200 200 201 201 201 202 202 202 202 202 202 203 203 203 203 204 204 204 204 204 205 205 205 206 207 207 208 209 209 210 211 212 213 214 214 213 212 212 212
204 203 202 201 200 198 196 195 194 194 195 196 196 197 196 196 197 197 197 197 197 197 197 196 196 195 195 194 193 194 194 194 195 195 195 196 196 197 197 198 199 200 201 201 201 202 202 201 201 201 202 202 203 203 203 203 203 204 204 205 205 205 205 206 207 208 208 209 210 210 211 212 213 214 214 213 212 212 212
203 203 202 201 199 197 196 195 194 194 195 196 196 196 196 196 197 197 197 197 197 197 197 196 196 195 194 193 193 194 194 194 195 195 196 197 197 197 197 198 199 200 200 201 201 201 202 202 201 201 202 202 203 203 203 203 203 203 204 205 205 205 205 206 207 208 209 210 210 211 212 212 213 214 214 213 212 211 211
203 202 201 200 198 196 195 194 194 194 195 196 196 196 196 196 197 197 198 197 197 197 197 196 196 195 194 193 193 194 194 194 195 196 196 197 197 197 198 198 199 200 201 201 201 201 201 202 202 202 202 202 202 203 203 203 203 203 204 204 205 206 206 206 207 208 209 210 211 211 212 212 213 214 214 212 212 211 211
202 201 200 199 197 196 195 194 194 194 195 195 196 196 196 196 197 197 198 197 197 197 197 196 196 195 194 193 193 194 194 195 195 196 197 197 197 197 198 199 199 200 201 201 201 201 201 202 202 202 202 202 202 203 203 203 203 203 203 204 205 206 206 207 207 208 209 210 211 211 212 212 213 213 213 212 211 211 211
201 200 200 198 197 195 194 194 193 194 195 195 196 196 196 196 197 197 198 198 197 197 197 196 196 195 194 193 193 194 195 195 196 196 197 198 198 197 198 199 200 200 201 201 202 202 201 201 202 202 202 202 202 202 203 203 203 203 203 204 205 206 206 207 207 207 208 209 210 211 211 212 212 213 213 212 211 211 211
201 200 199 198 196 195 194 193 193 194 195 195 196 196 196 196 197 197 198 198 197 197 197 196 196 195 194 193 194 195 195 196 196 196 197 198 198 198 198 199 200 201 201 201 202 202 202 201 201 202 203 203 202 202 202 203 203 203 203 204 205 205 206 207 207 207 208 208 209 210 211 211 211 212 212 212 211 211 211
200 199 198 197 195 194 194 193 193 194 195 195 195 196 196 196 196 197 198 198 197 197 197 196 195 194 194 193 194 195 196 196 196 197 197 198 199 199 198 199 200 201 202 202 202 202 202 201 201 202 202 203 203 203 203 203 203 203 204 204 204 205 206 206 207 207 207 208 208 209 210 210 211 211 212 211 211 211 211
199 198 197 196 195 194 193 193 193 194 194 195 195 195 195 196 196 197 198 198 197 197 197 196 195 194 194 194 195 195 196 196 197 197 197 198 199 199 199 199 200 201 202 202 202 202 202 202 201 201 202 202 203 203 203 203 203 203 204 204 204 205 205 206 206 207 207 207 207 208 209 209 210 210 211 211 211 211 211
199 198 197 195 194 194 193 193 193 194 194 194 195 195 195 195 196 197 198 198 197 197 196 196 195 194 194 194 195 196 196 197 197 198 198 198 199 200 200 200 200 201 203 203 202 202 202 202 202 201 201 202 202 203 203 203 203 203 203 204 204 205 205 206 206 206 206 206 207 207 208 208 209 210 210 211 211 211 210
199 198 196 195 194 193 193 193 193 193 194 194 194 195 195 195 196 197 197 197 197 197 196 196 195 195 195 195 195 196 197 197 198 199 199 199 200 200 201 200 201 202 204 204 203 202 202 202 202 202 202 201 201 202 203 203 203 203 203 204 204 205 205 206 206 206 206 206 206 206 207 207 208 209 210 210 210 210 210
198 197 196 195 194 193 194 193 193 193 193 194 194 194 194 194 195 196 197 197 197 196 196 195 195 195 195 195 196 196 197 198 199 200 200 201 201 200 201 201 201 202 204 205 203 202 201 201 201 202 202 202 201 202 203 203 204 204 203 204 204 205 205 205 206 205 205 205 205 205 206 206 207 208 209 210 210 210 209
198 197 196 194 194 194 194 193 193 193 193 193 194 194 194 194 195 196 197 197 197 196 196 195 195 196 196 196 196 197 197 198 199 200 201 202 202 201 201 202 202 203 204 205 205 203 202 201 201 202 202 202 202 202 203 203 204 204 204 204 204 205 205 205 205 205 205 204 204 205 205 206 206 207 208 209 210 210 209
198 197 195 194 194 194 194 193 193 193 193 193 193 193 193 194 194 195 196 197 196 196 196 195 195 196 196 196 197 197 198 199 200 201 202 202 202 201 202 202 203 204 204 206 206 204 203 202 202 202 202 202 202 203 203 204 204 205 205 205 205 205 205 205 205 205 204 204 204 204 204 205 206 207 208 209 209 209 208
197 196 195 195 194 194 193 193 193 192 193 193 193 193 193 193 194 195 196 196 196 196 196 195 195 196 196 197 197 198 199 199 200 201 202 202 202 202 203 204 204 205 205 206 207 205 204 203 203 203 203 203 203 204 204 204 205 205 205 205 205 205 205 205 204 204 204 203 203 203 204 205 206 207 208 208 208 208 208
197 196 195 195 194 194 193 193 192 192 192 193 193 193 193 193 194 194 195 196 196 196 196 195 195 196 196 197 197 198 199 200 201 201 201 201 201 203 204 204 205 205 206 207 207 206 205 204 204 204 204 204 204 204 205 205 205 205 206 206 205 205 204 204 204 203 203 203 203 203 203 204 206 207 208 208 208 208 207
197 196 195 195 194 194 193 193 192 192 192 192 193 193 193 193 194 194 195 195 195 195 195 195 195 196 196 197 198 199 200 201 201 201 201 201 201 203 204 205 205 206 207 208 208 207 206 205 205 205 204 204 205 205 205 205 205 206 206 206 205 205 204 204 203 203 202 202 202 202 203 204 205 207 207 207 207 207 206
197 196 195 194 194 194 193 193 192 192 192 192 193 193 194 194 194 194 194 195 195 195 195 195 195 196 196 197 198 199 200 201 201 201 201 201 202 203 204 205 205 206 207 208 208 207 206 205 206 205 205 205 205 205 206 206 206 206 206 205 205 204 204 203 202 202 202 201 201 202 202 204 205 206 206 206 206 206 205
196 195 195 194 194 194 193 193 192 192 191 192 192 193 194 194 194 194 194 194 195 195 195 195 195 196 196 197 198 199 200 201 201 201 201 201 202 203 204 204 205 206 207 207 208 207 206 206 206 206 205 205 205 205 205 206 206 206 205 205 205 204 203 202 202 201 201 201 201 201 202 203 205 205 205 205 205 205 204
196 195 194 194 193 193 193 193 192 192 191 191 192 193 194 194 194 195 195 195 195 195 195 195 195 196 197 197 198 199 200 201 201 200 201 201 202 203 204 204 205 206 206 207 207 207 207 206 206 206 206 205 205 205 205 205 206 205 205 205 204 203 202 202 201 200 200 200 200 201 202 203 204 204 204 204 204 204 203
195 195 194 194 193 194 194 193 192 192 191 191 192 193 193 194 194 195 195 195 195 194 195 195 196 196 197 198 198 199 200 200 201 202 202 203 203 204 204 205 205 205 206 206 207 207 208 207 206 206 207 206 205 205 205 205 205 205 205 204 204 203 202 201 200 199 199 199 200 201 201 202 203 203 202 202 203 203 202
195 194 194 194 194 194 194 193 192 192 191 192 193 193 193 193 194 194 195 195 195 194 194 195 196 197 197 198 198 199 199 200 201 202 202 204 205 205 205 206 206 206 206 206 206 207 207 206 206 207 208 207 206 205 205 205 205 205 205 204 203 202 201 200 199 199 198 199 200 200 201 201 202 201 201 201 202 201 201
195 194 194 194 194 194 193 193 192 191 191 192 193 194 194 194 194 194 194 195 195 194 194 195 196 197 197 198 199 199 199 200 201 202 203 204 206 206 207 208 207 207 207 206 206 207 206 205 206 208 208 206 206 205 205 205 204 204 204 204 203 202 200 199 198 198 198 198 199 200 200 200 200 200 200 200 201 201 200
194 194 194 194 194 193 193 192 192 192 192 193 193 194 194 194 194 194 194 195 195 194 194 195 196 196 197 198 198 199 200 201 202 202 204 205 207 207 208 209 209 208 208 207 207 207 206 205 206 208 208 206 205 205 205 204 204 204 204 203 202 201 200 199 198 198 197 198 199 199 199 199 199 199 199 199 200 200 199
194 194 194 194 193 193 193 192 192 192 193 193 193 193 194 195 195 195 194 195 195 195 195 195 196 196 197 198 198 199 200 201 202 203 204 206 208 208 208 209 209 209 208 208 207 207 206 205 206 207 207 206 205 204 204 204 204 203 203 203 202 201 199 198 198 197 197 198 198 199 199 199 199 199 199 199 199 199 199
194 194 194 193 193 193 192 193 193 193 193 193 193 193 194 195 195 195 195 195 195 195 195 196 196 196 197 198 198 199 201 202 203 204 205 206 207 207 208 208 209 210 209 207 207 207 207 206 206 207 207 206 205 204 203 203 203 203 202 202 202 200 199 198 197 197 197 197 198 198 198 198 198 198 198 198 199 199 198
194 194 193 193 192 192 192 193 193 193 193 193 194 194 194 194 195 196 195 195 195 195 196 196 196 197 197 197 198 199 201 202 202 204 205 207 207 206 207 208 209 210 209 208 207 206 206 206 206 206 206 206 205 204 203 202 202 202 201 201 201 200 199 197 197 197 197 197 198 198 198 198 198 198 198 198 198 198 198
194 194 193 193 192 192 192 193 193 193 193 193 194 194 194 194 195 196 196 196 196 196 196 196 196 197 197 198 198 199 200 201 202 203 205 206 206 206 206 208 209 209 209 208 207 206 206 206 205 205 205 206 205 204 203 202 202 201 200 200 200 199 198 197 196 196 197 197 198 198 198 199 199 198 198 197 197 197 197
194 193 193 193 192 192 192 193 193 193 193 193 194 194 195 195 195 196 197 197 196 196 196 196 197 197 198 198 199 200 201 201 202 204 205 205 206 206 206 206 207 208 208 209 208 206 205 205 204 204 204 204 204 204 203 202 201 201 200 199 199 198 197 197 196 196 197 197 197 198 198 199 199 198 197 196 196 197 197
193 193 193 192 192 192 192 193 193 193 193 193 194 194 195 195 195 196 197 198 198 197 197 197 197 198 198 198 199 200 202 203 202 204 206 206 206 206 207 206 206 207 208 208 208 208 206 205 204 203 203 204 203 203 203 202 202 201 200 199 198 198 197 196 196 196 196 196 197 197 198 199 199 198 197 196 195 196 196
193 193 192 192 192 192 192 192 193 193 193 193 194 194 195 196 196 196 197 198 199 199 198 197 198 198 198 198 199 200 202 203 203 203 206 207 207 207 206 205 205 206 207 208 208 209 208 206 204 203 203 203 202 202 202 202 202 201 200 199 198 197 197 196 196 196 196 196 197 197 198 198 198 197 196 194 195 195 196
193 193 192 192 192 192 192 192 193 193 193 193 194 194 195 196 196 196 197 198 199 200 199 199 198 198 198 198 199 200 202 203 203 204 206 207 207 207 206 205 205 206 206 206 207 209 209 207 205 203 203 203 202 201 201 202 202 201 200 199 198 197 197 196 196 197 196 196 197 198 198 198 197 196 194 193 194 195 195
193 192 192 192 191 192 192 193 193 193 193 193 194 194 195 196 197 197 197 198 199 200 200 200 200 199 198 198 199 200 201 202 203 204 206 207 207 207 206 206 206 205 205 205 206 208 209 208 206 204 203 203 202 201 200 200 201 201 201 200 199 198 197 197 197 197 197 197 198 198 198 198 197 195 193 192 193 194 195
192 192 192 191 191 192 192 193 193 193 193 193 194 195 195 196 197 198 198 199 200 201 201 200 200 200 199 199 200 201 202 202 204 204 205 206 207 207 207 206 205 205 204 204 205 206 207 207 206 204 204 203 202 201 199 199 200 201 201 201 199 198 197 197 197 197 198 198 199 199 199 198 197 195 192 191 193 194 194
192 192 191 191 191 192 192 193 193 193 193 193 194 195 196 196 198 199 199 199 200 201 202 201 200 200 200 200 201 202 203 204 205 204 204 206 207 207 207 207 205 204 204 204 204 204 205 205 205 204 203 202 202 202 201 199 198 199 200 200 199 198 197 197 197 198 198 199 200 200 199 198 197 194 191 191 192 193 193
192 192 191 191 191 191 192 193 193 193 193 194 194 195 196 197 198 199 199 200 200 202 202 201 200 200 200 200 202 203 204 205 205 205 205 205 206 207 207 206 205 204 204 204 204 203 203 203 203 203 203 201 201 201 201 200 199 197 198 198 198 198 198 198 198 198 198 199 200 200 199 198 196 194 191 190 191 193 192
192 191 191 191 191 191 192 192 193 193 193 194 194 195 196 197 198 199 200 200 201 202 202 202 201 200 200 200 202 204 204 205 205 205 206 206 206 206 206 205 205 204 203 203 203 203 203 203 203 203 202 201 201 201 201 200 199 198 196 196 197 197 199 199 199 199 199 199 200 199 198 197 195 192 190 189 191 192 192
191 191 191 191 191 191 192 192 193 193 193 194 194 195 196 197 198 199 200 200 201 201 202 202 202 201 200 200 202 205 205 205 204 204 206 207 207 206 205 205 204 204 203 203 203 203 203 203 203 202 202 202 201 201 201 200 199 198 197 196 195 196 198 200 200 200 200 200 200 199 197 196 194 191 188 188 190 191 190
191 191 191 191 191 191 192 192 193 193 193 194 195 195 196 197 198 199 200 200 201 201 201 202 202 202 202 201 202 204 206 206 205 204 205 206 206 206 205 204 204 203 203 203 203 203 203 203 204 203 203 203 202 202 201 200 198 198 197 196 195 196 197 199 201 202 202 202 201 199 197 195 192 189 187 187 189 190 189
191 191 191 190 191 191 191 192 193 193 194 194 195 195 196 197 198 199 200 201 201 202 202 202 202 202 202 202 203 204 206 207 206 205 205 205 206 206 205 204 203 203 203 203 203 203 203 203 204 204 203 203 203 204 203 202 199 198 198 197 196 196 197 199 201 203 204 204 203 201 198 195 192 189 186 186 187 188 188
191 191 190 190 190 191 191 192 192 193 194 194 195 195 196 197 198 199 200 201 202 202 203 203 203 204 203 203 204 205 206 206 206 205 206 206 206 206 205 204 203 203 203 203 203 203 203 203 204 205 204 204 204 204 204 203 201 199 198 198 197 196 198 199 201 203 205 205 204 202 198 195 191 188 186 185 186 187 187
191 191 190 190 191 191 191 192 192 193 193 194 195 196 196 197 198 199 200 201 202 202 203 202 203 203 204 205 206 206 206 205 205 206 206 206 206 205 205 204 203 203 203 203 203 203 203 203 204 205 205 205 204 205 204 204 202 200 199 198 198 197 198 200 201 203 205 205 204 202 199 195 191 188 186 185 185 186 186
191 191 190 191 191 191 191 192 192 193 193 194 195 196 197 197 198 199 200 201 202 202 202 202 202 203 204 205 206 206 206 205 204 205 205 205 205 205 204 203 202 202 202 202 203 203 203 203 204 204 205 205 205 205 204 204 203 201 199 199 199 199 200 201 201 202 204 205 204 202 199 195 191 188 187 185 185 185 185
191 191 190 191 191 191 192 192 192 193 194 194 195 196 197 197 198 199 200 201 202 202 202 202 202 203 204 205 205 205 205 206 205 205 204 204 204 204 204 203 202 202 201 201 202 203 203 203 203 204 205 206 206 205 204 204 203 201 200 199 200 201 202 203 203 202 204 205 204 202 199 195 191 189 187 185 184 184 184
191 191 190 191 191 191 192 192 193 193 194 195 195 196 197 197 198 199 200 201 202 202 202 202 202 204 205 205 205 204 205 205 206 205 204 203 204 205 204 203 202 202 201 201 202 202 203 203 204 204 205 206 206 205 204 204 203 202 200 200 200 201 203 204 205 204 203 204 204 202 199 196 192 189 188 185 184 183 183
191 191 190 190 191 191 192 193 193 193 194 195 195 196 197 198 199 199 200 201 202 202 202 203 203 204 205 205 205 205 205 205 205 205 203 203 204 204 204 203 202 202 202 202 202 203 204 204 204 204 205 206 207 206 205 204 203 202 201 201 201 201 202 203 204 205 203 202 202 202 200 197 194 191 189 185 184 183 183
191 191 190 190 191 191 192 193 193 194 194 195 196 196 197 198 199 199 200 201 202 202 202 203 203 204 205 205 205 205 206 206 205 204 203 202 203 204 203 203 203 203 203 202 202 203 204 205 205 205 205 205 206 206 205 204 204 203 202 202 203 203 203 202 202 203 202 200 200 201 201 199 196 193 189 185 183 182 182
191 191 191 190 191 192 193 193 193 194 194 195 196 197 198 198 199 200 200 201 202 202 203 203 204 204 205 205 205 205 206 207 206 204 203 202 203 203 203 203 203 203 203 203 203 203 203 204 205 205 205 205 205 205 205 204 204 203 203 204 204 204 204 203 202 201 200 198 198 199 200 200 198 194 190 185 183 182 182
192 191 191 191 191 192 193 193 194 194 195 195 196 197 198 198 199 200 200 201 202 202 203 203 203 204 205 205 204 205 206 207 206 204 203 202 202 203 203 203 203 203 203 204 204 203 203 204 205 205 205 205 204 204 205 205 204 204 204 205 205 205 205 205 203 200 199 197 196 196 198 200 199 196 191 185 183 182 181
192 191 191 191 192 192 193 194 194 194 195 196 197 198 198 198 199 200 200 201 201 202 203 203 203 203 205 205 205 204 205 205 205 203 202 202 201 202 202 203 203 203 204 204 204 204 204 204 204 205 205 204 204 204 204 205 205 205 205 205 206 206 206 205 203 201 199 197 196 194 195 198 199 197 192 186 183 181 181
192 192 192 192 192 193 193 194 194 195 196 196 197 198 198 199 199 200 200 201 201 202 202 203 203 203 204 205 205 205 205 205 204 203 202 202 202 202 202 202 202 203 204 204 204 204 204 203 204 204 204 204 203 203 204 204 205 205 205 205 206 206 205 204 203 201 199 197 196 194 194 195 197 196 193 188 184 182 181
192 192 192 192 192 193 194 194 195 195 196 197 198 198 199 199 199 200 201 201 202 202 202 203 203 203 203 204 205 206 206 206 205 204 203 203 203 203 202 202 203 203 204 203 204 204 204 204 203 204 204 203 203 203 203 204 204 205 205 205 206 205 205 204 203 201 198 196 195 194 193 194 195 195 193 189 185 182 181
193 193 192 192 193 193 194 194 195 196 196 197 198 199 199 199 200 200 200 201 202 202 202 202 203 203 203 204 205 206 206 206 205 205 204 204 204 204 203 203 204 204 204 204 204 204 204 204 203 203 203 203 203 202 202 203 204 204 205 205 205 205 205 204 202 200 198 196 194 193 193 193 193 193 193 190 185 182 181
193 193 193 193 193 194 194 195 195 196 197 197 198 199 199 200 200 200 201 201 202 202 202 202 202 203 204 204 204 205 206 206 205 205 205 204 204 204 204 204 204 204 205 204 204 204 204 204 204 203 203 203 202 202 202 202 203 204 205 205 205 205 204 203 202 199 197 196 194 193 192 192 193 192 192 190 186 183 181
193 193 193 193 193 194 195 195 196 196 197 197 198 199 200 200 200 201 201 201 202 202 202 202 203 203 204 204 205 205 206 206 206 205 205 205 204 204 205 205 205 205 205 205 205 205 204 204 204 203 203 203 202 202 202 202 203 204 205 205 205 204 204 202 200 198 197 195 194 194 193 193 193 192 191 189 186 183 182
194 194 194 194 194 194 195 195 196 197 197 198 198 199 200 200 201 201 201 202 202 202 202 202 203 203 204 204 205 206 206 206 206 206 206 205 205 205 205 205 205 205 205 205 205 205 205 204 204 203 203 203 203 203 202 202 203 204 205 205 205 204 203 202 200 198 197 195 194 194 194 193 192 191 190 189 186 184 182
194 194 194 194 194 194 195 196 196 197 197 198 198 199 200 200 201 201 202 202 202 202 202 203 203 204 204 205 206 206 207 207 206 206 206 206 206 207 206 206 206 206 206 205 205 205 205 205 204 203 203 203 203 203 202 202 203 204 205 205 205 205 203 201 199 198 197 196 195 194 194 193 192 191 190 189 186 184 182
195 195 195 194 194 195 195 196 197 197 198 198 199 199 200 201 201 202 202 202 202 202 202 203 204 204 205 205 206 207 207 207 207 207 206 207 207 207 207 206 206 206 206 206 205 204 205 205 204 204 203 203 203 203 203 203 204 204 205 205 205 205 203 201 199 197 197 196 195 195 194 193 192 191 190 189 187 185 183
195 195 195 195 195 195 196 196 197 197 198 198 199 200 200 201 202 202 203 203 203 202 203 203 204 204 205 206 207 208 208 208 207 207 207 207 208 208 207 207 207 206 206 205 205 205 204 204 204 204 203 203 203 203 203 204 204 205 205 205 205 205 203 201 199 198 197 196 195 195 194 193 192 191 190 189 187 185 183
195 195 195 195 195 196 196 197 197 198 198 199 199 200 201 201 202 203 203 203 203 203 203 203 204 205 205 206 207 208 208 208 208 208 208 208 208 208 207 207 207 207 206 205 205 204 204 204 204 204 204 204 204 204 204 204 205 205 205 205 205 204 203 201 199 198 197 196 195 195 194 193 192 191 191 190 188 186 184
196 196 196 195 196 196 196 197 197 198 198 199 199 200 201 201 202 203 204 204 204 204 204 204 205 205 206 207 207 208 208 209 209 209 209 209 208 208 208 207 207 207 206 206 205 204 204 204 204 204 204 204 204 204 204 205 205 205 205 205 205 204 203 201 199 198 197 196 195 195 195 193 192 191 192 191 188 187 185
196 196 196 196 196 196 197 197 198 198 198 199 199 200 201 202 202 203 203 204 205 205 205 205 205 206 207 208 208 209 209 209 210 210 210 210 209 209 208 207 207 207 206 206 205 205 204 204 203 204 204 204 204 204 205 205 205 205 205 205 205 204 202 201 199 198 198 197 196 195 195 193 192 192 192 191 189 187 186
197 196 196 196 196 197 197 197 198 198 199 199 199 200 201 202 203 203 203 204 205 206 206 206 206 207 208 208 209 209 209 210 210 211 211 211 211 210 209 208 207 207 206 206 205 205 204 204 203 203 204 204 205 205 205 205 205 205 205 205 204 204 203 201 199 198 198 197 196 195 195 194 192 192 193 192 190 188 187
197 197 197 197 197 197 197 198 198 198 199 199 200 200 201 202 203 203 203 204 205 206 206 206 206 207 208 208 209 210 210 210 211 211 212 212 212 211 211 209 208 207 207 206 205 205 205 204 203 204 204 205 205 205 205 205 205 205 205 204 204 203 203 201 199 198 198 197 197 196 195 194 193 193 193 193 191 189 187
197 197 197 197 197 198 198 198 198 199 199 200 200 201 202 202 203 204 204 204 205 206 207 207 207 208 208 209 209 210 210 211 212 212 212 211 211 212 212 211 209 208 207 206 206 206 205 204 204 204 204 205 205 205 205 205 205 205 205 204 204 204 203 201 200 198 198 198 197 196 195 194 194 194 194 194 192 190 188
198 197 197 198 198 199 199 199 199 199 200 200 201 201 202 203 203 204 204 205 205 206 207 207 208 208 209 209 210 210 210 211 212 212 212 212 211 212 212 212 211 209 208 207 206 206 205 205 204 204 204 205 205 205 205 205 205 205 205 204 204 204 203 202 200 199 198 198 197 197 196 195 194 194 195 194 192 190 189
198 198 198 198 199 199 199 199 199 200 200 201 201 202 203 203 204 204 204 205 206 207 208 208 208 209 209 210 211 211 211 211 211 212 212 212 212 212 212 212 212 210 209 208 207 206 206 205 205 205 205 205 206 206 205 205 205 205 205 205 204 204 204 202 201 199 199 198 198 197 196 195 195 195 195 195 193 191 190
198 198 198 199 200 200 200 200 200 200 201 201 202 202 203 204 204 205 205 206 207 207 208 209 209 210 210 210 211 212 212 212 212 211 212 212 212 212 212 212 212 212 210 209 208 207 206 206 205 205 206 206 206 206 206 205 205 205 205 205 205 204 204 203 202 200 199 199 198 197 197 196 196 196 196 195 194 192 191
199 199 198 199 200 201 201 201 201 201 201 201 202 203 204 204 205 205 206 207 207 208 208 209 210 210 210 211 211 212 212 213 213 212 211 212 213 213 213 213 213 212 211 210 209 208 207 206 206 206 206 206 207 206 206 206 205 205 205 205 205 205 205 204 202 201 200 199 198 198 197 197 196 196 196 196 194 192 191
199 199 199 199 200 201 202 202 202 202 202 202 203 203 204 205 205 206 207 207 208 208 208 209 210 210 211 211 212 212 212 213 213 212 212 212 213 213 213 213 213 213 212 211 210 209 207 207 206 206 207 207 207 207 206 206 206 206 206 205 205 205 205 204 203 202 201 199 199 198 198 197 197 197 197 197 195 193 192
199 199 199 200 200 201 202 202 202 202 202 203 203 204 204 205 205 206 207 208 208 209 209 209 210 210 211 212 212 212 213 213 213 213 212 212 212 213 214 214 214 213 213 212 211 209 208 208 207 207 207 207 207 207 207 207 206 206 206 206 205 205 205 205 204 202 201 200 199 199 198 198 197 197 198 197 195 194 193
200 200 200 200 200 201 202 203 203 203 203 203 204 205 205 205 206 206 207 208 208 209 209 210 210 210 211 212 212 213 213 214 213 213 212 212 212 213 214 214 214 214 213 213 212 210 209 208 208 208 208 208 208 207 207 207 207 207 207 206 206 206 206 205 204 203 202 201 200 200 199 198 198 198 198 198 196 194 193
200 200 200 200 201 202 203 203 203 203 203 204 205 205 206 206 206 207 207 208 209 209 210 210 210 211 211 212 212 212 213 214 214 213 213 212 212 213 214 214 215 214 214 213 212 211 210 209 209 209 209 209 208 208 208 207 207 207 207 206 206 206 206 205 205 203 202 201 201 200 200 199 199 199 199 198 196 195 194
200 200 201 201 201 202 203 203 203 203 203 204 205 206 206 206 207 207 208 209 209 210 210 210 211 212 212 212 212 212 213 214 214 214 213 212 212 213 214 214 215 215 214 213 213 212 211 210 210 209 209 209 209 208 208 208 208 208 207 207 206 206 206 205 205 204 203 202 201 201 200 199 199 200 200 199 197 196 195
201 201 201 201 201 202 203 203 204 204 204 204 205 206 206 207 207 208 208 209 210 210 211 211 212 212 213 213 213 213 213 213 214 214 214 213 213 213 214 214 215 215 214 214 213 212 211 211 210 210 210 210 210 209 209 209 208 208 207 207 206 206 206 205 205 204 203 202 202 201 201 200 200 201 201 200 198 196 196
201 201 202 202 202 203 204 204 204 204 204 205 205 206 206 207 208 208 209 209 210 211 211 212 212 213 213 213 213 213 213 214 214 214 214 213 213 213 214 214 214 215 214 214 213 212 212 211 211 211 211 211 210 210 210 210 209 208 207 207 206 206 206 205 205 204 203 203 202 202 201 201 201 202 202 201 199 197 196
202 202 202 202 202 203 204 204 204 204 205 205 206 206 207 207 208 209 209 210 211 211 212 212 213 213 213 213 214 214 214 214 214 214 214 214 214 214 214 214 214 214 214 214 214 213 212 212 212 212 211 211 211 211 211 210 210 209 208 207 206 206 206 205 205 204 204 203 203 202 201 201 202 203 204 202 200 198 197
202 202 203 203 203 204 204 205 204 205 205 205 206 207 207 208 208 209 209 210 211 211 212 213 213 213 213 214 214 214 214 215 215 215 215 214 214 214 214 215 215 214 214 214 214 213 213 212 212 212 212 212 212 211 211 211 210 209 208 207 206 206 206 205 205 204 204 204 203 202 202 202 202 203 204 203 200 199 198
202 203 203 203 204 204 205 205 205 205 205 206 206 207 208 208 209 209 210 211 211 212 212 213 214 214 214 214 215 215 215 216 216 216 215 215 215 215 215 215 215 215 215 214 214 214 213 213 213 213 213 213 213 212 212 211 211 210 208 207 206 206 206 205 205 204 204 204 203 203 202 202 202 203 205 204 201 200 199
203 203 204 204 204 205 206 206 206 205 205 206 206 207 208 209 209 210 211 211 212 212 213 213 214 214 214 214 215 215 215 216 216 217 216 216 216 216 216 216 216 216 215 215 214 214 214 213 213 213 213 213 213 213 212 212 211 210 209 208 207 206 206 205 205 204 204 204 204 203 202 202 203 204 205 204 202 200 200
203 203 204 204 205 205 206 207 206 206 206 206 207 207 208 210 210 211 211 212 213 213 214 214 215 215 215 215 216 216 216 216 217 218 218 218 218 218 217 217 217 217 216 216 215 215 215 215 214 214 214 214 214 214 214 213 212 211 210 209 208 207 207 206 205 205 204 204 204 203 203 203 203 204 206 205 203 201 201
203 204 204 205 206 206 207 207 207 207 207 207 207 207 208 210 210 211 211 212 212 213 213 214 214 214 215 215 216 216 216 216 217 217 218 219 219 218 218 218 218 217 216 216 215 215 215 215 215 215 215 215 214 214 213 213 212 211 210 209 208 207 207 206 206 205 205 204 204 203 203 203 203 204 205 205 203 202 201
204 204 205 206 207 207 208 208 208 208 208 208 208 208 209 210 211 211 211 211 212 212 212 212 213 213 214 214 215 215 216 216 216 217 218 218 218 218 218 217 217 216 216 215 214 214 214 214 215 214 214 214 213 213 212 211 210 210 209 208 208 207 207 206 206 206 206 205 205 205 204 204 204 204 205 205 204 203 202
204 204 205 207 208 209 208 209 209 210 209 209 209 209 210 211 211 211 211 211 211 212 212 212 212 213 213 214 214 215 215 216 216 217 217 218 218 218 217 217 216 215 215 214 214 214 214 214 214 214 214 213 212 212 211 210 209 209 208 208 207 207 207 207 207 207 207 207 206 206 206 205 205 204 205 205 204 204 203
205 206 206 208 208 208 208 209 210 210 210 210 210 210 211 211 211 211 211 211 211 212 212 212 212 213 213 214 214 215 215 216 216 217 217 218 217 217 216 216 215 215 215 215 215 215 215 215 214 214 213 212 211 210 210 209 209 208 208 207 207 206 206 207 207 208 208 208 208 208 207 206 206 205 205 205 205 204 203
