---
Vertical Velocity & Wind [kt] at 850mb Direction [deg] Valid 1500 NZST ~Z75~(0300Z)~Z~ SUN 4 Jan 2026 ~Z75~[27hrFcst@2100z]~Z~
Model= RASP Region= NZ Grid= d1 Reskm= 6.0 Indexs= 1 79 1 99 Proj= lambert 6000 6000 -35.0000 -42.0000 176.0000 -38.5000 176.0000
Day= 2026 1 4 SUN ValidLST= 1500 NZST ValidZ= 300 Fcst= 27.0 Init= 22 Param= press850 Direction Unit= cm/sec Mult= 1 Min= 0 Max= 0
208 202 195 188 182 178 175 175 181 190 204 222 231 217 202 191 166 90 65 65 68 73 77 84 85 85 80 73 66 59 73 49 12 345 331 313 285 261 239 229 224 218 214 210 207 204 202 199 196 194 191 190 188 187 185 184 183 182 182 182 182 182 182 181 181 181 181 181 181 181 181 182 182 183 183 184 185 185 186
207 202 196 191 187 184 181 176 174 175 182 186 154 134 145 143 121 93 80 77 78 82 88 97 99 100 94 83 81 94 126 132 353 327 315 305 282 263 247 233 224 219 213 208 205 202 200 197 195 193 191 190 188 187 185 184 183 182 182 182 182 182 182 182 182 182 182 182 182 182 182 183 184 184 185 185 185 186 186
206 202 198 194 191 188 184 179 174 168 160 135 113 110 115 116 107 97 90 87 87 90 95 103 110 115 117 113 106 117 130 126 79 1 325 297 274 258 246 233 223 217 211 207 204 201 199 197 195 193 192 190 189 188 186 184 183 182 182 183 183 183 183 183 183 183 183 183 183 183 184 184 185 185 185 186 186 186 186
205 202 200 197 194 191 188 182 175 165 147 116 110 114 118 118 113 106 99 97 100 105 112 122 131 141 152 149 114 123 138 132 131 136 151 171 190 203 209 212 213 211 207 205 204 202 199 197 195 193 192 191 190 189 187 186 184 184 184 184 185 185 185 185 185 185 184 184 184 184 184 185 185 186 186 186 186 186 187
203 201 200 198 197 195 192 185 175 165 148 115 115 124 130 131 128 120 110 107 113 120 126 133 140 146 151 132 108 110 131 136 167 201 205 204 204 205 205 206 204 201 201 201 202 203 201 197 194 192 191 190 189 188 187 186 185 185 185 185 186 186 186 186 186 186 186 185 185 185 186 186 187 187 187 186 186 186 187
201 200 199 199 198 197 196 190 178 167 155 121 116 128 137 139 137 131 120 115 120 123 128 133 137 143 144 128 112 108 126 123 136 251 239 234 228 222 218 212 205 199 197 201 204 207 206 202 197 193 190 189 188 187 186 186 186 186 186 186 186 186 186 187 187 187 187 187 186 186 187 187 188 188 188 187 186 186 186
199 199 199 199 199 198 197 194 185 173 162 132 120 129 138 141 140 135 125 122 124 125 128 132 136 141 141 128 106 105 127 126 133 182 226 242 238 230 225 218 210 203 198 206 210 214 215 211 205 199 194 191 189 188 187 187 187 187 187 186 186 186 186 186 187 187 187 187 187 187 188 188 188 189 189 188 186 185 186
198 198 198 199 200 198 198 196 190 180 170 147 129 131 138 142 140 134 126 125 126 127 129 133 137 141 140 128 108 96 96 127 128 132 162 195 215 220 221 222 215 208 203 207 217 220 222 221 216 208 201 196 193 191 190 189 189 189 188 188 187 187 187 186 186 187 187 187 187 188 188 188 188 189 189 187 185 185 185
197 197 198 199 200 199 199 197 193 185 175 159 140 136 139 142 140 132 126 126 127 128 131 135 139 141 139 126 116 104 98 130 133 143 159 175 196 208 213 218 218 213 209 210 222 226 225 227 224 217 208 201 196 193 192 191 191 191 190 189 188 188 187 187 187 187 187 187 188 188 188 188 188 188 188 187 184 183 184
196 196 198 199 201 201 200 199 195 189 181 168 150 143 142 144 141 133 128 127 128 130 134 139 143 146 144 131 123 116 112 144 143 151 141 171 196 210 214 219 220 217 214 215 220 230 227 228 228 223 214 205 198 194 193 193 193 192 191 190 190 189 189 188 188 187 187 187 187 187 188 188 187 188 188 186 183 182 182
196 196 197 200 202 202 201 200 197 192 185 175 160 150 146 146 144 137 132 131 131 133 138 143 149 154 159 149 126 111 125 151 162 155 131 176 189 206 216 217 222 223 219 219 221 226 230 228 229 226 217 207 199 195 193 193 192 192 191 190 190 190 189 189 188 188 187 187 187 186 186 187 187 187 188 186 181 180 181
195 196 198 200 203 203 202 201 198 194 189 180 167 157 151 150 148 142 138 136 136 138 142 148 154 159 164 156 120 91 118 151 180 154 134 168 186 204 222 219 216 229 225 221 222 224 226 230 228 227 221 210 201 195 193 192 190 190 190 189 189 189 189 188 188 188 188 187 186 185 185 185 186 187 188 185 180 178 179
196 196 198 201 203 203 202 201 199 196 191 184 173 163 158 154 152 148 143 142 142 142 145 150 156 160 164 154 109 79 98 128 136 147 125 146 185 204 216 221 211 216 229 224 223 222 222 228 229 226 224 216 206 198 194 192 192 190 187 188 188 188 188 189 189 189 188 188 186 185 184 184 186 187 188 185 179 177 179
197 197 198 201 203 203 203 201 199 197 193 187 178 170 164 160 156 152 148 147 147 147 148 151 155 160 165 154 113 95 103 121 122 146 132 134 165 182 207 228 234 224 233 231 228 224 222 222 229 228 225 221 213 204 198 196 194 192 188 187 189 189 188 188 189 188 188 187 186 184 183 184 185 187 189 185 179 177 179
198 197 199 201 202 203 202 201 200 198 194 190 183 176 171 165 159 156 154 153 153 154 154 154 156 161 168 156 120 103 113 124 120 126 143 147 148 122 133 244 254 251 244 245 240 231 222 220 224 228 226 224 219 211 205 201 198 195 192 190 189 190 189 189 189 189 188 187 186 184 183 184 185 188 190 186 179 177 179
200 198 199 201 202 202 201 201 200 198 196 192 187 182 177 171 164 162 161 160 159 160 162 162 163 166 172 157 123 109 119 124 116 116 129 154 129 105 103 105 65 307 259 242 226 233 218 210 212 222 224 225 222 216 210 207 202 198 195 193 191 191 190 190 190 190 189 187 186 184 183 184 186 189 191 186 180 178 180
201 199 200 201 200 200 200 200 200 199 197 194 190 186 182 176 170 168 168 167 166 167 169 171 172 174 176 159 125 113 121 122 112 106 102 114 117 109 95 94 65 75 221 221 212 236 220 206 208 218 223 224 224 220 216 213 208 202 198 195 193 192 192 192 192 191 190 188 186 184 184 185 186 190 192 187 180 178 180
202 199 199 200 199 198 199 199 199 199 198 196 193 190 186 181 177 175 174 173 172 172 173 176 178 179 180 163 125 115 122 118 111 107 105 110 117 97 86 72 75 103 205 229 232 243 236 228 222 221 226 226 225 223 221 218 215 208 202 198 195 193 193 193 193 193 191 189 185 184 184 185 187 190 192 187 180 178 179
202 199 199 198 197 197 197 198 198 198 198 197 195 193 190 185 182 181 179 178 176 175 175 177 180 181 183 167 122 115 121 115 118 121 122 115 102 45 69 74 73 66 270 259 254 259 249 243 235 227 224 230 227 224 222 221 218 213 207 202 198 195 194 195 194 193 192 190 186 184 185 186 188 191 192 187 180 178 179
202 199 198 197 195 195 195 196 197 197 197 197 196 194 192 189 186 184 182 180 178 176 176 178 180 181 180 156 116 117 122 118 127 130 123 82 40 351 11 58 51 344 299 286 273 273 262 257 249 238 229 227 230 226 223 222 220 215 211 206 201 198 197 196 196 195 194 191 186 184 186 187 189 192 192 187 181 178 179
202 198 196 195 193 193 194 195 195 196 196 196 196 195 194 191 188 187 185 182 179 177 176 177 177 175 169 134 112 121 125 126 132 129 97 69 53 37 360 34 73 32 297 326 273 272 272 267 259 248 237 228 229 226 222 221 220 217 213 209 204 201 199 198 197 196 195 192 186 185 186 188 190 193 192 187 181 178 178
201 198 195 193 191 191 192 193 194 194 195 195 195 195 194 192 190 188 186 183 180 177 175 175 175 174 169 125 111 127 131 134 133 124 91 85 77 75 38 26 77 46 312 333 248 278 281 272 262 253 242 228 223 223 220 219 219 218 215 211 207 204 201 200 198 197 196 193 188 186 187 189 191 193 192 186 180 177 177
200 196 193 191 189 190 191 192 193 193 193 194 194 194 194 192 190 189 187 183 180 176 174 174 174 172 166 119 115 135 136 138 128 123 107 100 98 84 29 20 76 61 355 343 99 276 281 265 259 251 241 230 217 219 218 217 217 218 216 213 209 206 203 201 199 198 197 194 190 188 189 190 192 194 191 185 179 176 175
198 194 191 188 187 188 190 191 191 192 192 192 192 193 193 191 190 189 187 183 179 176 174 173 168 162 151 118 124 141 138 138 131 132 130 125 118 58 9 17 81 84 28 22 103 130 256 245 248 246 241 236 222 222 222 218 217 217 218 216 212 208 206 203 200 199 199 197 191 189 189 191 193 194 190 184 178 174 173
196 193 189 186 186 187 189 190 190 190 190 190 191 191 191 191 190 189 186 182 178 174 171 170 164 152 138 121 133 144 144 143 132 133 139 143 137 11 17 18 84 92 85 51 93 130 184 210 234 243 241 233 226 224 230 223 219 218 219 219 215 212 208 205 201 200 202 200 193 189 190 191 193 193 190 183 176 172 171
194 191 188 185 184 186 188 189 189 189 189 189 189 190 190 189 189 188 185 180 175 171 169 172 169 152 136 123 141 147 147 144 130 137 144 155 169 334 48 57 90 95 99 78 90 129 164 199 225 245 248 237 230 226 235 230 223 220 221 221 219 215 211 207 204 203 203 202 197 191 191 192 193 193 189 182 175 170 169
193 190 187 185 184 186 188 188 188 188 188 188 188 189 188 188 188 187 184 180 175 170 167 172 171 158 139 124 147 149 148 142 139 143 146 147 132 66 53 66 90 101 105 102 105 123 168 208 228 248 253 243 232 227 233 235 230 225 223 224 222 217 213 210 207 205 205 204 200 194 191 192 193 193 189 181 173 169 168
191 189 187 185 184 185 187 188 188 188 187 187 187 187 187 187 187 185 183 180 176 170 167 167 171 156 135 126 151 150 144 143 144 145 145 139 114 49 43 62 86 101 107 111 113 131 168 196 221 243 253 251 239 229 228 234 233 229 226 225 223 219 215 211 208 206 207 206 203 196 192 193 193 193 188 180 172 167 166
190 188 187 186 185 185 187 188 188 188 187 187 186 186 185 185 185 184 182 180 177 170 168 165 157 147 133 127 150 147 146 147 147 147 146 137 110 78 75 82 92 100 108 112 126 151 179 193 210 236 249 250 242 230 225 228 231 230 227 226 224 219 215 211 209 207 208 208 205 198 194 193 193 193 188 179 170 166 165
189 188 187 186 186 186 187 188 188 187 186 185 184 184 183 183 183 183 181 178 175 173 171 161 147 143 131 136 151 148 151 151 152 152 147 127 105 88 80 85 92 99 107 117 132 156 176 185 197 212 228 237 237 229 222 223 226 227 226 225 223 220 215 211 209 208 209 209 206 200 196 194 194 193 188 178 169 165 164
189 188 187 187 187 187 187 187 187 186 185 183 182 182 182 182 182 182 181 176 173 175 168 153 151 147 135 147 150 146 150 154 156 156 145 120 99 86 83 89 96 99 107 119 126 136 151 177 195 204 213 224 230 227 222 221 222 223 223 223 223 219 215 212 210 209 210 210 207 203 199 196 195 194 188 178 169 164 163
189 188 187 187 187 188 188 188 188 187 183 179 178 179 180 181 181 181 179 176 172 172 163 151 154 143 137 147 147 146 151 156 159 157 140 118 103 91 91 96 103 107 111 116 121 126 154 191 202 206 208 216 221 221 220 220 220 219 219 220 221 219 216 212 211 210 211 210 208 205 202 199 196 194 189 178 169 164 162
189 188 187 187 189 191 191 192 192 188 182 177 179 181 181 181 180 179 179 179 174 169 161 156 153 134 129 142 143 147 153 158 162 162 152 139 125 104 101 107 114 116 118 122 129 142 160 184 204 209 210 213 214 213 215 216 216 216 215 216 217 218 216 213 211 211 212 212 210 207 204 201 197 195 190 180 170 164 162
190 188 187 187 191 194 194 196 194 195 185 174 182 186 183 181 179 175 174 173 173 167 160 159 146 131 132 141 144 151 157 158 160 165 163 154 130 106 107 113 120 124 127 129 136 156 178 188 204 212 212 212 212 210 209 211 212 213 213 213 214 215 215 214 212 213 213 213 211 208 206 203 198 195 191 181 171 164 161
190 188 187 187 193 197 199 201 198 204 206 176 190 196 186 182 177 171 166 163 160 156 155 155 140 138 146 153 157 160 164 166 0 0 149 100 86 97 104 117 128 134 139 141 139 159 193 197 202 212 212 212 212 210 208 208 209 210 211 210 210 212 213 214 214 214 215 214 213 209 206 204 199 196 192 183 173 165 162
189 186 185 185 191 194 189 181 171 136 136 275 218 205 191 184 176 167 160 153 148 148 157 160 145 149 155 163 168 170 174 175 160 0 118 66 77 91 107 127 137 141 145 142 137 154 190 200 202 210 212 212 213 210 208 206 207 209 210 208 208 209 211 213 215 216 216 216 213 210 207 204 200 197 194 185 175 167 163
187 184 182 180 176 169 164 167 167 165 179 228 218 209 197 185 173 162 153 145 145 152 162 164 150 154 159 167 173 176 178 178 147 106 83 72 76 79 132 142 139 128 134 132 135 149 171 194 202 200 207 209 211 211 209 208 206 207 208 207 206 207 210 213 216 218 218 216 214 211 207 204 200 197 195 186 177 169 166
185 181 177 174 164 160 162 170 173 170 165 173 202 201 197 185 170 156 145 144 149 158 167 164 156 160 166 173 180 186 194 213 268 61 45 74 59 350 293 152 121 105 120 133 137 140 158 186 202 200 197 205 207 207 207 207 206 205 205 205 204 205 208 212 215 219 220 216 213 211 207 204 200 197 195 188 179 172 169
183 178 174 173 166 163 166 171 171 168 160 167 193 198 197 187 164 147 144 147 153 162 169 167 166 170 174 179 187 197 209 228 268 15 72 174 320 349 345 15 122 127 132 143 142 143 158 182 191 191 195 199 201 203 205 206 204 203 203 202 202 203 207 211 212 215 219 215 211 209 206 203 200 196 195 189 181 175 173
181 175 173 175 171 166 167 170 171 176 174 165 177 194 197 187 157 145 145 151 159 167 172 169 171 174 179 186 192 208 220 227 248 316 320 280 304 329 14 37 94 139 143 143 148 151 159 176 176 177 189 196 197 198 201 204 203 201 201 201 200 202 206 210 209 209 213 211 206 205 204 202 199 196 195 189 182 177 175
178 173 172 175 171 165 165 169 174 185 190 170 170 182 186 168 141 138 146 156 160 166 170 172 176 179 183 189 195 215 226 231 248 277 281 282 288 333 0 75 116 139 144 146 154 156 160 168 169 169 180 186 193 193 195 201 202 201 200 200 200 202 206 207 207 203 203 206 200 199 200 199 197 195 194 189 183 179 177
175 171 170 171 167 163 164 170 176 186 190 174 171 175 170 149 133 141 147 153 163 173 180 181 181 185 192 196 203 217 225 232 243 268 260 251 258 328 4 94 120 129 142 148 155 162 163 167 168 163 171 175 186 187 189 196 200 200 199 199 200 202 203 204 201 194 201 198 194 194 196 196 195 193 193 188 182 179 178
172 168 167 168 164 161 163 168 173 179 177 170 170 169 160 146 137 144 152 156 160 167 170 175 187 194 195 199 208 224 228 235 241 255 248 246 252 294 16 98 123 128 144 147 152 159 167 173 172 160 163 170 177 176 177 187 197 201 200 198 199 201 202 204 200 189 198 190 188 188 191 192 192 191 192 187 181 179 179
169 166 165 166 163 160 161 165 167 168 163 161 163 159 150 141 136 140 147 158 170 177 187 196 200 209 213 213 220 227 227 233 238 243 239 240 257 283 266 98 121 133 151 151 157 159 166 180 185 173 166 168 169 166 167 175 187 193 195 198 200 201 200 202 195 191 193 185 182 183 186 188 188 189 190 185 180 178 179
166 164 164 165 163 161 160 163 163 162 157 156 155 147 137 133 131 138 152 166 173 176 187 196 194 194 204 221 231 228 226 229 234 230 226 236 283 306 155 103 119 139 156 155 159 162 164 179 194 192 178 173 164 158 162 165 173 185 191 192 196 195 195 198 183 192 191 180 177 179 183 186 186 187 187 183 179 178 179
164 162 163 165 164 162 162 164 163 160 156 153 148 135 129 127 130 142 159 170 175 174 175 179 183 194 197 212 230 227 226 226 230 223 227 267 332 68 102 100 132 151 157 155 155 153 161 180 196 201 192 181 175 160 155 157 167 175 182 188 191 184 182 184 177 188 185 175 176 177 180 184 184 184 184 181 178 177 178
162 161 163 166 166 165 166 166 164 161 157 152 142 133 129 130 137 151 164 171 173 172 167 168 183 209 201 213 226 225 224 226 229 225 251 292 350 102 103 118 149 150 153 159 153 154 166 182 194 199 202 186 182 179 161 158 166 171 177 182 184 177 173 168 171 186 181 174 176 176 178 181 182 182 182 179 176 176 177
161 161 163 166 169 170 170 168 165 162 158 151 142 136 135 137 145 156 163 167 169 168 162 161 171 197 217 230 229 224 218 222 227 232 284 310 101 115 116 139 155 145 148 161 160 160 167 185 196 196 195 181 179 189 196 160 156 163 170 175 172 171 163 160 175 186 180 176 175 174 176 178 179 179 179 177 175 174 176
160 160 162 166 172 174 173 170 166 163 158 151 143 139 138 141 146 152 157 159 162 163 157 151 165 198 226 246 241 238 232 225 228 251 317 328 120 117 119 133 131 137 143 154 164 163 168 182 195 197 188 172 172 177 189 209 163 168 168 166 164 161 155 161 179 185 179 176 173 173 175 175 176 175 175 174 173 173 175
160 160 162 166 172 175 174 170 166 163 158 150 142 137 135 135 139 143 147 150 155 160 161 175 212 222 230 248 257 266 271 256 248 271 47 58 79 96 110 132 134 142 150 161 166 169 175 178 190 199 189 171 161 166 177 202 200 165 157 154 153 152 150 166 179 181 180 176 173 174 174 174 173 172 172 172 172 172 173
160 161 163 166 171 174 173 169 165 162 158 149 140 133 129 128 130 133 139 146 154 165 171 183 205 219 225 228 250 281 299 298 296 97 88 54 55 84 114 138 135 140 149 160 164 171 179 180 184 186 183 177 156 161 176 188 172 159 152 147 143 146 151 165 174 177 177 174 172 173 173 173 172 169 168 169 171 171 172
161 163 165 168 171 172 172 169 165 162 157 148 140 133 129 128 129 131 136 142 152 166 173 179 200 219 218 211 217 239 272 303 319 74 76 32 61 106 131 134 134 148 158 161 162 169 175 180 180 172 174 180 156 160 175 189 173 159 152 143 140 145 149 159 167 173 173 173 174 172 171 172 172 168 166 167 169 170 171
163 165 168 172 172 172 171 168 164 160 156 150 144 138 135 135 136 139 142 144 141 140 157 186 199 213 206 198 198 205 149 77 61 98 208 94 111 138 146 139 145 153 160 162 159 163 171 178 176 167 169 177 160 161 177 188 176 158 150 144 143 147 148 153 159 165 170 172 172 171 171 171 171 168 165 166 168 169 170
164 167 170 175 175 172 170 167 162 159 157 154 150 146 144 145 148 152 156 154 143 134 133 155 194 207 200 194 179 135 101 100 112 134 158 169 164 152 147 149 151 158 163 164 162 165 170 173 172 163 162 170 170 167 180 185 176 154 149 143 144 144 143 145 151 156 162 169 171 172 171 170 170 167 164 165 167 168 169
165 168 171 177 177 172 169 165 161 158 158 157 156 154 154 156 162 169 175 178 179 195 189 177 207 232 222 205 178 119 100 105 119 138 159 161 143 126 141 155 155 161 168 169 167 166 165 175 173 159 159 164 172 178 187 187 177 157 150 147 141 138 138 137 142 150 160 168 168 170 169 168 168 167 164 164 166 167 167
166 167 170 178 177 171 167 163 159 158 159 159 160 160 163 169 180 195 212 225 232 227 207 201 205 237 245 219 165 116 102 102 114 136 147 136 113 115 157 166 153 151 164 174 171 160 161 173 169 157 154 159 171 183 182 183 183 167 152 147 137 131 135 134 132 141 155 164 166 168 168 167 168 167 164 164 166 166 167
167 165 167 176 175 168 165 162 159 158 159 161 162 166 173 186 209 234 249 251 244 229 206 193 180 132 181 149 125 116 105 100 110 127 124 118 113 140 190 180 159 151 162 174 169 156 164 171 167 159 158 165 175 182 184 185 184 172 161 156 144 126 131 132 125 133 151 159 162 167 168 169 169 167 164 163 165 165 166
167 163 165 171 171 165 164 161 159 159 160 162 166 173 188 213 244 260 263 258 244 228 206 190 175 111 112 117 119 115 107 120 189 180 174 173 161 176 200 189 174 169 173 172 165 161 167 167 163 157 164 174 176 178 184 187 185 182 176 177 197 138 130 127 113 110 138 151 161 171 173 172 169 166 164 163 164 164 165
166 161 162 167 166 163 163 162 160 160 161 165 172 186 211 244 264 269 267 259 246 228 207 193 180 119 123 112 113 113 123 184 215 203 206 208 188 184 183 176 175 181 181 171 163 164 166 168 161 167 175 181 179 179 186 191 189 188 180 178 177 125 106 122 99 33 101 143 158 171 175 172 168 166 164 163 163 163 164
166 161 161 163 164 162 162 162 162 162 164 171 184 208 240 263 272 272 267 260 247 227 206 196 187 164 119 99 104 113 131 175 205 196 202 211 190 187 173 156 155 171 178 174 171 171 169 169 170 181 177 172 180 186 193 197 196 192 181 167 154 147 358 80 127 341 333 171 166 174 172 168 166 166 164 163 162 162 163
165 161 161 162 163 162 162 163 163 164 170 182 205 237 263 274 277 273 267 258 243 219 201 190 173 152 120 97 97 106 118 139 184 193 199 212 196 189 172 152 146 152 163 174 182 176 164 168 177 182 178 173 177 185 197 202 201 191 176 160 149 151 317 344 307 316 315 260 172 163 162 163 165 165 164 163 161 161 162
164 161 161 163 163 162 163 164 165 169 180 201 234 263 277 281 278 272 262 250 231 207 192 180 156 137 129 105 92 95 106 137 194 199 192 193 189 184 171 153 145 145 149 159 179 182 176 181 183 180 177 175 178 187 199 203 198 182 167 161 159 146 26 332 306 307 315 238 150 148 156 163 164 164 164 162 160 160 160
162 161 162 164 164 164 165 166 169 177 195 227 262 280 284 281 274 264 250 235 213 194 183 173 148 144 135 123 113 109 132 181 209 202 184 181 186 183 172 155 155 153 149 152 168 177 177 182 183 179 0 182 187 195 201 200 186 167 162 164 150 96 87 95 95 300 302 195 179 160 157 163 162 163 162 161 159 159 159
159 159 161 163 163 164 167 170 175 188 216 254 278 284 281 273 261 245 229 213 195 183 174 167 150 148 136 129 153 170 185 205 213 201 186 185 188 186 178 166 163 163 156 154 166 175 178 185 188 187 187 189 191 195 197 190 170 159 157 139 105 100 110 129 145 168 172 168 306 232 160 157 159 161 160 159 157 157 157
155 157 159 161 161 163 167 173 182 201 232 264 276 275 269 254 233 214 199 189 181 176 172 165 144 144 135 131 179 185 185 195 191 177 204 199 194 192 186 176 168 167 160 160 172 181 187 194 193 189 188 187 187 189 187 175 159 150 136 118 109 111 121 138 149 153 159 180 227 201 124 156 159 159 157 156 154 155 155
150 153 156 157 158 161 167 175 189 203 215 225 232 227 206 189 182 179 175 172 171 171 174 165 140 141 140 179 218 188 170 168 156 153 194 205 203 198 192 180 167 162 162 169 179 188 196 195 188 184 185 184 181 179 172 161 149 139 131 121 115 119 128 140 150 149 153 189 233 225 218 176 157 156 153 153 152 152 153
146 150 152 153 155 161 168 178 185 178 163 153 140 132 130 133 145 157 162 164 166 169 173 156 138 143 164 200 212 158 151 161 167 164 185 198 199 198 194 184 164 159 166 176 184 193 192 184 179 179 180 176 168 162 157 150 142 140 138 128 123 126 134 144 153 153 149 155 226 232 225 226 170 156 152 151 150 150 150
144 147 150 151 154 162 170 173 166 153 143 133 125 122 119 117 123 139 152 158 163 168 162 139 128 149 172 170 143 126 143 172 191 184 186 190 183 185 191 187 174 164 167 173 178 180 177 173 170 168 164 157 152 151 151 147 145 145 142 135 131 134 140 148 155 157 151 150 187 228 224 222 184 161 152 150 148 148 148
143 146 148 150 153 162 165 159 149 141 134 127 123 120 115 112 116 129 147 159 164 160 143 119 124 155 162 150 133 125 148 175 190 190 187 184 172 170 178 180 173 163 159 162 166 168 171 169 162 153 148 147 148 150 151 151 151 148 143 138 136 138 143 150 158 161 155 151 172 211 221 213 183 163 152 148 146 146 147
143 145 147 149 149 155 152 147 140 135 130 126 124 120 114 112 116 127 139 149 148 125 104 115 149 162 153 141 136 142 156 173 188 195 191 182 167 165 167 166 162 157 155 158 161 165 168 166 156 150 148 149 150 153 156 158 158 153 144 140 139 140 145 154 162 166 161 159 175 201 216 198 176 162 150 146 145 144 145
143 144 146 145 143 147 142 139 135 132 129 127 124 119 113 110 114 125 135 140 128 104 105 139 146 152 145 136 137 147 157 176 192 202 199 183 171 169 167 164 159 155 154 158 162 165 167 163 157 154 156 158 157 157 161 164 164 157 148 142 140 141 148 158 166 170 170 171 181 196 201 180 169 158 148 144 143 143 143
143 143 144 141 138 141 136 135 133 131 129 127 123 118 113 112 114 120 124 122 111 102 127 144 144 148 144 145 149 145 154 171 182 191 195 186 176 173 173 171 165 159 157 161 165 169 169 167 162 160 164 171 172 166 165 168 167 160 152 145 141 144 153 161 167 172 176 180 185 187 178 168 162 153 146 143 142 142 142
142 142 141 138 135 137 133 133 131 129 128 125 120 116 114 115 116 117 116 112 104 103 130 135 146 146 151 157 149 147 163 178 165 162 190 198 188 177 177 178 172 163 162 166 171 172 171 170 169 167 170 178 184 179 173 173 170 162 153 147 145 149 156 162 166 170 177 182 179 171 164 162 157 149 144 141 141 141 141
140 140 139 136 134 134 132 132 129 128 125 120 113 110 111 115 118 117 114 109 107 126 141 142 162 159 160 171 178 174 174 175 163 163 188 191 187 179 180 181 176 167 166 171 178 177 173 173 175 176 177 182 187 188 184 180 172 160 153 150 150 154 159 162 163 168 173 171 163 159 158 157 151 146 142 141 140 140 141
138 137 137 134 132 132 131 130 128 126 122 116 110 107 106 109 111 111 111 114 123 151 154 167 169 165 183 200 197 183 176 170 159 162 184 185 180 179 181 182 177 169 169 175 183 184 180 178 180 182 184 186 189 191 189 181 169 158 153 152 153 156 158 159 161 163 160 156 153 154 155 152 147 143 142 140 140 140 141
136 135 134 132 130 130 129 129 128 125 120 115 111 109 104 100 101 106 112 119 129 142 150 160 165 167 169 163 188 185 173 163 155 180 181 178 175 174 178 181 176 168 170 176 183 186 185 183 184 185 186 188 190 191 187 176 165 158 153 151 152 154 155 155 155 151 148 148 150 152 152 148 144 142 141 140 140 140 141
133 132 132 130 128 129 128 129 127 124 120 117 115 111 103 96 98 103 108 117 130 142 155 165 165 162 160 127 171 185 166 146 141 186 189 176 172 171 175 180 174 167 167 172 177 180 183 184 184 185 186 187 188 186 179 169 160 153 149 148 149 149 148 148 145 142 144 147 150 151 149 145 143 142 141 140 140 140 141
131 130 129 128 127 128 128 128 127 124 121 119 116 109 101 97 100 96 98 109 128 141 147 163 166 159 150 142 170 177 163 146 140 172 193 180 171 170 174 177 169 162 159 161 163 166 170 174 176 178 179 179 177 174 168 159 151 146 144 145 144 142 141 139 138 140 144 148 149 149 146 144 142 142 141 140 140 140 141
129 128 127 127 127 127 127 127 126 124 121 119 116 112 106 97 88 79 77 102 128 140 153 164 159 158 148 148 159 165 157 144 142 169 188 179 172 172 175 172 163 154 149 148 147 148 152 157 161 163 164 163 163 161 154 146 142 141 141 139 135 135 136 135 137 141 146 148 148 147 145 143 142 141 140 140 140 140 141
127 126 126 126 126 126 125 124 123 121 120 119 118 113 103 93 88 82 96 155 145 146 158 162 150 146 143 147 155 159 154 150 150 175 184 178 175 175 173 165 156 147 142 139 136 137 141 144 147 149 151 152 151 146 140 137 137 137 134 130 131 133 134 135 138 143 147 148 147 145 144 143 142 141 140 139 140 140 141
126 124 124 125 124 123 121 120 119 118 117 118 116 108 99 97 100 114 150 165 174 161 162 155 140 142 149 154 157 157 155 149 161 178 177 177 176 174 168 159 149 142 138 135 131 132 135 138 140 142 144 143 139 135 133 134 133 129 126 127 130 132 134 136 140 145 147 147 146 144 143 142 141 140 139 139 140 140 141
124 123 122 122 121 119 117 117 116 116 116 116 112 105 99 92 86 116 172 182 194 179 164 150 143 148 153 154 152 153 156 151 169 178 173 179 176 170 161 152 144 140 137 133 129 128 131 134 135 137 137 134 131 131 131 130 126 123 124 128 131 133 135 138 142 146 147 146 145 144 143 142 140 139 139 139 140 140 141
123 121 120 119 118 117 116 116 116 115 112 109 106 103 97 92 94 109 169 176 186 184 165 153 148 150 153 150 148 151 153 158 172 172 176 178 172 163 154 147 142 139 136 132 128 127 129 131 131 130 129 128 128 129 128 124 121 122 126 130 132 134 136 140 144 146 146 145 144 143 142 141 140 139 139 139 140 141 142
122 120 118 117 115 114 114 115 115 113 108 105 106 108 103 99 105 107 172 176 176 175 166 157 153 153 152 148 144 144 151 167 168 167 175 171 165 156 149 145 142 139 137 133 129 128 128 128 126 124 124 125 126 126 123 121 121 125 129 131 133 135 137 141 144 145 145 144 143 142 141 140 139 139 139 139 140 141 142
121 119 117 114 111 109 110 112 113 112 108 103 106 110 104 97 95 128 175 170 167 167 163 157 155 155 154 149 144 148 158 163 161 168 168 163 157 150 146 144 142 140 139 136 132 129 127 125 122 121 122 123 124 123 121 121 124 128 131 132 134 136 139 142 144 144 144 143 143 142 140 139 138 138 139 140 140 141 143
120 117 115 112 109 107 108 108 109 110 110 109 109 107 104 96 95 155 174 163 161 162 159 155 155 156 154 149 145 150 159 156 157 164 160 155 150 146 144 144 143 143 142 140 135 130 125 121 120 121 122 123 122 122 121 123 127 130 132 133 134 137 140 143 144 144 143 143 142 141 140 138 138 138 139 140 140 141 143
119 116 114 112 110 108 108 107 107 110 114 114 106 101 106 103 111 165 170 156 157 157 156 154 155 156 153 149 146 151 153 151 155 156 153 149 145 143 143 144 145 145 145 142 137 129 122 119 121 122 123 122 122 122 123 125 129 131 132 133 135 138 141 143 143 143 143 143 142 141 139 138 137 138 139 140 140 142 143
118 115 113 111 110 109 109 108 106 106 110 106 97 99 107 108 126 164 161 151 155 156 155 155 156 154 150 146 144 145 149 154 153 152 149 145 142 141 143 144 146 147 146 143 136 126 120 120 122 123 123 122 122 123 125 128 130 131 132 133 136 139 141 142 143 143 143 143 142 140 138 137 137 138 139 140 141 142 144
117 114 112 109 108 109 110 108 103 97 89 89 92 95 94 107 136 162 153 150 153 155 156 157 156 151 145 141 140 143 150 152 151 149 146 142 141 141 143 145 147 148 146 140 131 123 120 121 123 123 123 123 123 124 127 129 130 131 132 134 137 140 142 142 143 143 143 143 142 139 137 137 137 138 139 140 141 142 144
115 113 110 106 105 107 110 108 100 88 79 85 90 86 82 103 141 162 153 151 151 155 156 156 152 145 140 138 140 144 148 149 149 148 144 142 141 142 144 146 147 146 141 134 126 122 122 123 124 124 123 123 124 126 128 130 130 131 133 135 138 140 142 142 143 143 143 143 141 138 137 137 137 138 139 140 142 143 144
114 111 108 105 105 107 108 103 95 89 90 91 95 100 102 118 152 166 159 152 150 154 154 152 147 141 137 137 140 143 145 147 148 146 143 142 142 143 145 146 144 140 134 128 124 123 124 124 124 125 124 123 125 127 129 130 131 132 133 136 139 141 142 143 143 144 143 142 139 137 137 137 137 138 139 141 142 143 144
111 108 106 104 104 101 101 97 90 91 106 102 102 110 123 149 169 166 156 150 151 152 150 146 142 138 136 136 138 142 145 145 146 143 142 142 143 145 145 141 136 132 128 125 124 124 125 125 126 125 124 125 127 128 129 130 131 132 134 137 140 141 142 143 144 144 143 140 138 137 137 137 137 138 140 141 142 144 144
108 105 103 101 99 94 96 89 82 87 104 107 110 117 137 159 165 157 151 153 153 151 147 143 141 138 135 134 136 142 145 144 143 140 141 143 145 144 138 132 128 126 124 124 125 126 126 127 127 126 126 127 128 129 130 131 132 133 136 138 141 142 143 144 144 143 141 139 138 138 137 137 138 139 141 142 142 143 144
104 101 99 97 94 86 87 78 80 96 102 112 119 130 145 154 153 149 151 154 153 149 145 142 141 138 135 134 136 144 147 144 139 138 140 143 142 136 129 125 124 123 123 124 125 127 127 128 127 126 127 128 129 130 131 131 133 135 137 140 141 142 143 143 142 141 139 138 138 138 138 138 139 140 141 142 142 143 144
99 96 94 94 92 76 77 80 94 103 110 114 118 128 140 144 143 146 151 153 153 152 151 150 148 143 139 139 143 150 148 143 138 138 140 139 134 129 124 122 122 123 125 126 128 129 130 130 128 128 128 130 131 132 133 134 135 138 140 142 143 144 144 143 141 139 138 138 138 138 138 138 140 141 142 142 142 143 144
94 90 88 86 85 72 73 85 108 107 120 128 130 134 140 140 141 143 145 146 148 149 148 146 144 142 141 141 144 148 149 146 144 143 141 138 135 132 129 127 127 127 128 128 129 129 129 129 128 128 128 130 131 132 133 135 137 139 141 142 142 143 142 141 140 139 138 138 138 138 138 139 140 141 142 142 142 143 144
88 85 81 77 75 76 80 89 103 115 128 137 140 141 142 143 145 145 145 146 146 145 143 142 140 140 140 141 143 145 146 146 145 144 142 140 139 137 135 133 131 130 130 130 130 129 129 129 129 129 129 130 131 132 134 135 137 139 140 140 141 141 141 141 141 140 140 140 140 140 140 140 140 141 141 142 143 144 146
83 80 77 72 76 81 87 94 106 119 129 137 141 141 142 145 146 147 147 146 145 144 142 140 139 139 140 141 142 143 144 145 145 144 143 142 140 139 137 135 133 132 131 131 131 131 130 130 131 131 131 132 133 134 135 136 138 139 140 141 141 142 142 142 142 142 142 141 141 141 141 141 141 142 142 143 144 146 147
79 78 78 77 83 90 96 103 112 122 130 136 139 141 143 145 146 147 147 147 146 145 143 141 140 140 141 142 143 144 144 145 145 144 143 141 140 138 137 135 134 133 133 132 132 132 132 132 133 133 133 134 135 135 136 138 139 140 141 142 143 143 143 143 143 143 143 143 143 142 142 142 143 143 144 145 146 147 149
