---
Vertical Velocity & Wind [kt] at 850mb Direction [deg] Valid 1900 NZST ~Z75~(0700Z)~Z~ SUN 4 Jan 2026 ~Z75~[31hrFcst@2100z]~Z~
Model= RASP Region= NZ Grid= d1 Reskm= 6.0 Indexs= 1 79 1 99 Proj= lambert 6000 6000 -35.0000 -42.0000 176.0000 -38.5000 176.0000
Day= 2026 1 4 SUN ValidLST= 1900 NZST ValidZ= 700 Fcst= 31.0 Init= 22 Param= press850 Direction Unit= cm/sec Mult= 1 Min= 0 Max= 0
229 226 222 217 216 223 263 328 351 8 21 27 34 44 49 51 45 38 34 32 31 29 25 20 15 6 354 350 338 318 304 303 303 299 293 283 272 263 250 240 234 230 227 225 223 222 221 220 221 221 220 219 218 216 215 214 212 210 208 205 203 201 200 198 194 189 183 177 170 163 159 156 156 156 157 158 160 162 164
223 219 213 209 207 211 237 357 19 31 41 38 37 42 48 52 46 40 36 34 32 29 25 20 12 4 351 342 344 336 311 301 300 295 289 282 271 262 254 242 233 230 228 225 223 221 220 219 220 220 219 219 218 217 215 214 213 211 209 207 205 203 202 200 197 193 188 183 178 172 168 165 163 162 162 163 164 165 165
216 212 207 203 200 198 190 50 43 47 52 52 51 52 55 54 49 45 42 41 38 34 30 25 14 5 354 341 343 353 319 299 293 288 280 271 263 256 248 238 231 228 226 224 222 220 219 218 218 218 219 218 218 218 217 216 216 215 213 211 209 208 206 204 202 198 194 190 185 180 175 172 169 168 166 166 166 166 165
210 206 201 197 193 186 168 106 69 62 61 63 66 68 67 64 61 59 59 60 59 56 52 52 55 41 64 174 62 26 296 253 256 255 252 246 241 237 231 226 223 221 219 217 216 215 214 214 215 216 217 218 219 221 222 223 223 223 223 222 220 218 215 212 209 205 201 196 191 186 181 178 175 172 170 168 168 167 166
204 199 195 192 187 180 164 123 77 66 70 73 73 72 70 68 67 68 72 78 80 80 82 96 137 165 174 163 156 85 302 244 236 228 224 222 219 216 215 214 213 211 210 209 208 208 207 208 209 211 213 217 220 223 226 228 230 231 233 233 232 228 223 218 213 208 204 200 195 191 187 183 180 177 174 171 169 168 167
197 193 190 186 182 176 161 118 76 68 76 77 70 67 67 69 72 75 79 82 84 86 91 101 122 155 170 173 175 156 330 272 229 223 215 210 208 206 205 207 207 206 205 204 203 202 202 203 204 207 211 215 219 222 226 229 231 233 235 236 234 230 225 219 213 208 204 200 197 194 190 187 183 180 178 174 170 168 168
192 188 185 182 179 174 160 116 81 71 76 71 64 64 69 75 77 79 81 83 85 90 97 107 120 140 166 183 184 38 310 261 222 217 209 202 199 198 198 200 201 200 199 199 199 198 198 200 203 207 211 215 218 222 226 229 231 233 234 235 233 230 226 220 214 209 204 201 198 195 192 189 185 182 181 177 172 169 169
187 184 182 180 178 174 163 124 89 75 74 62 58 63 71 76 79 79 80 81 84 89 95 104 115 132 155 179 193 169 226 253 222 209 203 199 195 193 192 194 197 195 191 192 194 194 195 199 203 208 212 216 220 224 228 231 232 232 232 232 230 228 224 220 215 210 205 202 198 195 192 189 186 184 182 179 173 171 170
184 182 181 179 178 176 168 136 95 70 66 59 57 63 69 74 78 79 80 82 84 88 92 98 109 130 154 177 187 187 207 227 230 209 201 199 196 193 192 194 194 190 186 186 189 192 194 199 205 210 215 220 225 229 232 233 233 233 231 229 227 225 222 218 215 211 207 204 200 196 193 190 187 186 184 180 175 173 173
182 181 181 180 179 180 174 151 104 67 61 58 57 63 69 74 77 79 81 82 84 85 86 91 107 136 162 178 187 195 218 224 228 207 202 198 194 192 193 194 195 190 184 182 184 188 194 200 206 214 220 226 230 233 235 236 235 234 232 230 226 223 220 217 214 211 209 206 202 198 194 191 190 188 186 183 178 176 176
180 180 181 181 182 183 181 165 122 67 58 57 57 63 69 74 77 78 80 80 80 78 75 78 105 157 184 197 208 206 198 222 221 211 203 198 195 193 191 193 193 191 187 183 182 186 194 204 212 219 226 231 234 236 237 238 237 236 235 232 228 224 220 217 214 212 209 206 203 199 196 194 192 191 189 186 181 179 179
178 180 182 183 184 187 186 178 150 75 57 55 56 62 70 73 75 75 76 75 73 68 63 64 97 190 212 224 222 208 216 223 246 216 205 200 197 196 194 193 194 193 192 188 185 188 199 214 226 231 234 237 239 240 241 241 240 239 237 235 232 227 222 218 215 212 209 206 203 200 197 195 194 194 192 190 184 181 181
177 180 184 185 186 190 191 186 172 99 57 53 54 60 67 70 71 71 71 69 66 61 57 55 82 224 236 247 233 212 226 276 351 185 208 202 199 199 199 197 197 196 198 195 194 197 214 230 244 248 247 247 247 247 246 245 243 241 239 237 234 230 225 221 216 212 209 206 203 199 197 195 195 195 193 191 185 182 181
176 181 186 188 189 192 194 192 185 149 62 51 50 55 62 66 67 66 64 62 60 56 51 42 292 249 247 253 244 228 236 304 316 330 213 206 205 205 204 202 200 201 204 210 219 229 247 257 264 264 260 257 255 254 252 250 247 244 241 238 235 231 227 222 217 213 209 206 202 199 196 195 195 195 193 192 185 181 179
174 182 188 191 193 195 197 196 193 183 89 49 45 49 56 61 62 60 58 56 53 50 43 14 283 262 253 256 254 242 251 286 304 305 280 206 215 214 209 201 201 207 217 228 242 254 264 270 272 273 269 264 260 257 254 251 248 246 243 239 235 231 227 222 218 214 209 205 202 198 195 194 194 195 193 191 183 178 177
174 184 191 195 196 198 199 199 198 197 175 53 41 43 50 56 57 55 52 49 46 41 31 349 285 271 259 260 264 251 255 281 307 314 302 256 240 231 220 217 209 206 217 234 252 257 263 268 269 269 268 265 260 256 252 249 246 244 242 238 234 230 226 222 218 214 210 205 201 198 195 194 194 194 193 190 181 176 174
175 187 195 198 199 200 201 201 202 203 199 120 38 38 45 51 53 51 48 44 40 32 20 345 294 279 269 265 272 261 257 277 305 321 311 289 275 262 236 229 230 233 238 250 259 256 260 262 264 263 262 261 257 252 248 245 243 241 238 236 233 230 225 222 218 214 210 205 201 198 194 193 193 194 193 190 179 175 173
178 191 198 201 201 201 202 203 205 206 205 198 40 35 42 48 50 49 46 41 35 27 13 345 305 288 280 272 280 275 269 278 303 318 318 303 285 282 264 243 239 247 256 263 261 260 258 257 258 257 256 253 251 248 244 243 241 238 235 232 231 230 226 222 218 214 210 205 201 197 194 193 193 194 193 191 179 175 174
189 195 200 203 202 202 203 205 206 207 206 204 195 34 39 45 47 47 45 40 34 24 10 345 312 297 290 284 290 287 294 301 317 322 318 308 288 281 278 255 247 254 261 270 266 261 257 256 256 253 248 246 245 243 242 241 241 238 234 231 231 230 228 223 219 214 209 205 200 197 194 194 193 194 194 191 180 176 176
216 203 203 205 203 203 204 205 207 207 207 205 204 40 37 42 45 46 44 40 35 26 12 349 322 313 304 297 302 306 322 327 330 328 321 312 299 280 278 267 263 269 271 273 273 269 263 261 257 252 245 241 241 241 240 240 240 239 235 232 231 230 228 224 219 214 209 204 199 196 194 194 193 194 194 192 182 178 179
250 220 208 206 203 203 204 205 206 206 206 204 203 187 39 42 44 44 43 40 35 28 17 359 340 333 325 313 318 328 337 344 339 335 331 324 312 293 275 273 305 301 291 284 285 278 266 258 251 246 242 237 238 239 239 238 238 238 236 232 230 228 225 222 219 214 208 203 199 196 194 194 194 195 195 192 184 181 182
260 239 214 207 203 203 204 205 205 205 204 203 202 196 52 44 45 43 41 38 34 28 18 4 357 357 353 336 333 343 348 354 351 350 344 331 313 296 278 275 359 349 317 304 293 279 268 256 246 240 240 233 233 236 237 236 235 235 234 231 228 226 223 220 218 214 209 203 199 196 195 195 195 195 195 193 186 184 186
254 245 220 208 203 203 203 203 203 203 203 202 201 197 153 53 48 44 39 34 29 23 15 9 5 6 5 357 352 6 10 0 7 8 356 325 303 290 279 280 30 18 337 311 299 286 276 267 254 243 239 232 228 231 234 234 232 231 231 229 226 224 221 219 217 214 210 205 200 197 196 195 196 197 196 194 189 188 191
245 241 224 210 204 203 203 202 200 200 201 201 199 197 185 91 59 45 36 30 23 15 9 7 9 8 5 10 13 10 22 22 21 13 341 302 292 284 278 278 52 39 341 307 301 287 279 271 259 249 242 236 230 227 230 230 229 228 227 226 224 222 220 217 216 214 211 206 201 198 196 196 197 198 197 197 193 193 197
238 236 225 212 206 203 201 199 197 198 199 199 198 196 190 155 89 55 37 27 21 15 6 0 1 5 1 4 14 12 25 55 47 10 333 303 290 287 279 267 194 71 314 295 289 282 274 268 257 248 241 234 229 225 226 227 226 225 225 224 223 221 219 215 213 212 210 206 202 199 198 198 198 199 198 200 198 199 204
233 232 224 213 208 203 199 195 194 195 197 198 197 195 191 177 142 98 56 33 25 20 11 4 354 352 355 355 2 8 28 65 79 7 307 310 311 298 290 271 229 121 205 244 250 264 266 261 253 244 238 231 225 223 223 225 224 223 223 223 223 221 218 213 211 210 209 207 204 201 200 200 200 201 200 203 202 204 209
228 227 222 212 207 202 196 192 191 193 196 197 197 195 193 186 174 159 130 57 31 20 14 12 8 4 357 352 0 15 43 74 97 333 262 281 306 301 296 283 261 181 208 230 239 249 246 247 243 239 236 229 221 218 219 221 222 222 221 222 222 222 220 214 210 210 210 209 207 205 202 202 202 203 201 205 206 207 212
224 223 218 210 205 200 193 189 189 192 196 198 197 196 196 194 189 181 173 129 32 15 10 9 7 11 3 352 9 33 56 85 118 279 257 269 281 288 288 283 265 221 190 230 236 239 231 226 228 233 235 232 223 216 214 216 218 219 219 221 222 223 221 217 213 212 212 211 210 208 205 204 204 206 203 208 209 210 214
220 218 214 206 201 197 191 187 188 192 197 200 200 199 199 199 196 189 185 175 79 27 13 6 357 358 350 342 358 31 71 96 135 241 262 271 278 285 290 288 273 252 189 218 232 240 228 218 215 221 223 223 220 214 210 211 213 216 217 218 221 223 222 220 216 214 213 213 212 210 207 206 207 209 206 211 212 212 214
216 214 211 203 199 195 190 187 189 195 201 205 204 202 201 201 200 194 191 188 160 45 17 357 343 341 339 334 341 22 82 104 145 239 266 283 294 293 295 289 276 267 224 209 226 232 229 224 217 216 215 214 212 210 208 207 208 211 213 214 217 220 221 219 217 214 212 213 213 210 208 208 209 212 208 214 214 213 214
213 212 209 201 197 195 191 190 195 202 208 209 208 206 204 204 202 199 195 193 193 347 356 329 329 332 335 327 327 24 82 106 145 243 289 307 316 301 297 291 280 270 243 225 222 226 227 228 223 219 214 210 207 206 205 204 204 206 208 209 211 214 216 216 214 212 211 212 212 210 208 209 210 214 211 216 216 213 213
210 210 207 200 196 196 195 197 204 210 212 212 212 209 207 206 205 203 199 199 210 253 288 313 322 329 338 329 327 38 88 109 153 235 317 335 333 320 304 299 290 276 246 233 227 225 228 229 227 224 219 214 207 203 203 202 201 203 205 206 207 208 210 211 211 210 209 209 210 208 208 210 211 214 212 217 216 212 212
208 208 206 199 196 198 201 207 214 217 219 216 220 217 213 210 209 206 204 207 216 236 261 303 320 329 334 331 329 27 101 123 167 223 2 3 348 343 337 317 304 284 254 233 227 228 231 228 227 227 223 217 211 204 201 200 200 200 202 203 205 206 206 205 207 207 206 207 207 206 207 209 211 215 212 217 214 210 210
206 206 205 199 197 202 208 220 222 227 220 229 230 223 219 214 212 210 211 214 220 236 259 295 321 332 332 330 351 74 113 144 180 186 347 349 356 9 17 336 306 291 263 235 227 234 237 234 228 227 224 218 213 208 203 200 199 199 200 201 203 204 205 203 202 204 204 205 205 204 205 208 210 214 212 215 212 207 206
205 205 204 200 199 206 218 228 225 225 196 295 258 236 228 222 216 213 215 220 228 243 262 306 333 342 337 337 32 104 134 162 0 0 5 351 2 11 17 329 302 292 268 250 228 249 237 232 228 226 223 218 211 208 206 202 200 199 199 200 201 203 206 205 201 201 203 203 203 203 204 206 208 212 210 213 208 203 203
204 204 204 201 202 211 223 225 224 219 213 217 227 228 229 226 222 218 217 225 239 254 280 320 345 350 347 19 90 114 138 177 264 0 2 6 357 345 30 357 0 257 248 237 222 234 233 227 225 225 221 218 212 207 207 204 201 200 200 200 200 201 205 206 202 199 201 201 201 201 202 204 206 210 208 210 204 199 198
204 204 205 202 205 217 228 226 227 220 218 216 214 210 216 221 222 221 222 231 247 261 292 330 356 6 20 65 95 127 185 235 257 354 1 352 336 336 302 205 131 202 241 242 232 226 229 223 221 220 218 216 213 208 206 205 203 201 199 199 200 200 203 205 201 198 199 199 198 199 200 202 204 207 206 206 199 194 193
204 205 206 204 208 222 230 229 226 221 218 220 225 213 209 214 220 223 227 238 250 263 293 337 6 32 63 91 117 167 211 238 247 311 3 340 320 329 321 130 141 210 232 244 246 233 227 221 219 216 212 214 211 208 205 204 203 200 199 198 198 200 204 204 200 196 196 196 195 197 198 200 201 204 203 202 194 188 187
205 205 207 207 211 222 229 230 227 222 214 217 228 223 210 209 216 222 230 241 252 263 292 340 16 53 93 111 149 187 204 232 255 283 310 309 304 291 279 278 266 241 234 248 245 229 224 222 216 211 209 208 205 205 203 201 200 199 198 197 198 199 203 204 200 195 193 193 194 195 196 198 199 200 200 198 188 183 182
205 206 208 211 215 222 228 230 228 224 216 216 232 233 216 207 210 218 229 242 254 268 298 335 23 65 114 129 170 200 209 242 261 276 287 291 293 291 280 271 269 265 255 250 245 242 241 231 218 210 208 205 199 199 199 197 197 197 196 196 197 198 200 202 199 196 192 191 192 194 195 196 196 198 197 193 182 177 177
205 206 209 214 219 223 228 230 229 226 218 216 239 250 231 209 205 214 228 246 259 277 301 328 19 67 140 158 172 184 207 258 265 272 282 293 284 288 275 273 267 265 269 263 257 253 249 238 222 212 209 203 197 197 196 194 195 195 193 194 196 196 198 201 199 196 194 189 190 191 193 194 194 195 194 188 177 172 172
205 205 208 215 221 224 228 230 229 228 222 214 239 262 250 219 209 212 230 245 255 302 326 360 23 57 161 177 178 181 204 270 267 266 270 271 279 280 280 282 282 280 280 275 269 261 252 244 231 217 212 206 200 197 193 192 193 193 191 191 193 195 196 199 198 196 194 189 188 189 191 192 192 192 191 183 171 167 167
205 204 207 213 220 223 226 228 227 227 221 214 238 264 264 239 220 218 228 233 226 99 112 108 86 103 165 181 192 205 213 258 261 261 261 264 280 288 291 296 299 293 290 284 277 270 261 255 244 233 219 212 204 198 193 192 192 190 187 189 192 194 196 198 198 196 192 188 188 188 189 191 190 189 187 178 166 162 163
204 203 206 212 217 219 221 221 220 220 216 222 244 263 261 241 230 230 230 223 195 165 158 165 167 166 178 191 207 224 232 250 253 258 261 265 286 304 310 308 300 293 291 287 283 277 269 260 254 248 237 222 207 198 194 193 191 188 186 186 191 194 196 198 197 195 191 189 189 188 188 189 188 186 184 174 162 159 160
203 202 204 210 213 214 213 211 211 213 218 231 243 251 245 242 240 235 231 212 187 178 168 165 171 174 177 187 202 223 233 253 243 242 252 263 290 330 342 329 302 296 291 287 280 271 261 253 250 246 247 239 219 202 196 190 187 188 187 186 190 192 194 198 197 195 189 190 191 189 188 189 188 184 181 170 159 157 158
202 199 201 207 210 208 205 203 204 208 215 213 210 224 238 238 233 225 217 189 174 169 163 163 167 172 177 185 197 217 214 254 234 230 251 298 331 351 2 349 305 307 294 283 271 258 249 244 243 240 239 238 235 217 199 187 183 185 186 184 187 190 190 195 198 196 188 188 191 189 188 189 188 184 179 169 158 156 157
200 196 196 203 206 202 198 196 196 195 186 173 173 195 211 211 208 201 185 168 165 164 159 159 163 172 180 185 193 206 206 240 207 145 22 2 1 359 352 328 308 305 296 278 267 257 252 247 241 238 236 233 232 232 213 189 184 182 181 180 182 185 187 192 196 195 185 186 189 188 190 190 187 184 180 168 158 155 157
197 191 190 196 200 195 191 188 183 174 162 151 150 161 175 183 182 175 165 161 163 161 158 157 165 176 181 184 191 195 204 228 247 37 23 25 17 11 354 327 312 291 283 277 273 268 265 255 247 244 241 233 229 229 227 209 188 178 176 175 175 180 184 192 195 192 184 185 189 189 190 190 187 184 180 168 158 155 157
193 186 183 189 192 188 183 178 169 160 150 143 143 150 158 163 164 162 157 155 159 159 157 162 172 179 181 182 188 192 208 221 262 307 4 40 38 27 354 323 309 290 278 273 274 271 267 260 253 249 247 236 229 224 220 224 207 185 178 173 169 171 183 192 191 187 183 186 190 190 189 190 187 183 180 169 158 156 157
188 180 177 181 183 179 174 167 160 154 146 140 139 142 146 151 155 156 152 149 156 159 160 168 175 180 181 180 183 192 210 215 251 324 16 45 54 48 3 343 330 312 288 275 269 264 260 259 251 247 244 238 229 219 210 212 217 196 180 172 167 163 180 190 186 182 182 188 191 191 190 189 186 182 179 169 159 156 158
181 175 172 174 175 172 165 159 155 149 142 138 135 136 141 148 153 151 144 142 148 149 158 168 175 191 203 203 196 203 212 212 247 332 357 26 56 54 5 355 347 337 312 285 271 264 258 258 251 244 236 228 228 215 204 200 207 199 185 175 169 167 178 181 180 178 182 188 192 192 190 189 186 181 177 169 160 158 158
174 169 167 168 170 164 159 154 151 145 139 134 132 135 141 147 148 142 135 136 144 153 160 161 160 220 232 198 191 204 213 224 265 323 339 349 9 27 354 339 340 341 331 307 288 275 268 265 256 249 236 223 223 212 204 197 200 198 192 185 178 174 170 171 175 175 180 186 191 192 190 188 184 179 176 169 162 159 159
166 162 161 162 166 159 155 152 148 142 136 132 132 136 141 142 138 133 132 139 148 157 154 141 54 6 260 185 192 213 210 221 249 302 348 327 272 265 299 1 29 17 350 337 321 304 290 277 264 253 241 229 219 215 210 203 199 199 198 195 187 180 169 165 171 170 176 183 187 189 190 187 182 178 176 170 164 161 160
159 156 155 156 163 155 152 149 145 139 134 131 132 135 136 134 130 129 134 142 147 149 142 113 17 40 119 176 215 227 226 211 194 178 294 260 253 271 56 78 88 79 49 29 352 319 306 289 272 260 250 238 222 215 210 204 199 198 196 199 194 185 173 163 163 168 173 178 184 186 187 185 180 177 176 172 166 162 161
152 149 148 151 161 152 150 145 140 136 131 130 130 131 130 126 125 129 135 138 138 139 123 1 3 112 124 161 237 232 211 185 167 153 194 215 221 47 73 88 95 82 67 62 42 332 314 296 278 268 259 249 236 225 217 210 204 198 194 195 196 188 177 169 161 163 168 176 182 183 183 182 178 176 176 172 167 163 162
144 141 141 147 159 150 148 142 137 133 130 128 127 126 124 122 124 128 131 129 122 108 61 43 57 123 163 264 260 227 193 166 156 162 184 190 179 87 76 82 74 69 68 80 91 97 61 306 289 284 284 259 237 225 216 209 204 201 197 196 195 190 182 179 164 156 159 171 177 177 179 178 176 176 176 173 168 164 163
136 135 136 145 158 149 147 141 137 133 130 127 125 123 121 121 124 126 125 117 101 87 77 65 63 53 277 283 288 231 170 160 158 166 181 182 173 112 83 66 6 33 65 99 102 102 122 121 304 291 256 228 227 222 215 208 204 203 206 211 204 199 193 193 182 157 153 166 173 175 177 176 176 175 175 172 168 165 163
131 130 133 143 157 150 147 143 139 135 130 127 124 123 121 121 123 123 119 108 96 92 75 47 35 29 294 285 293 306 152 166 176 186 184 180 173 139 88 77 328 28 82 114 113 109 138 150 166 179 198 211 219 218 212 206 202 202 207 216 227 239 205 184 190 187 159 159 165 167 174 175 175 174 174 171 167 164 163
128 129 132 144 157 151 149 145 142 137 132 128 126 124 122 122 123 123 116 103 92 88 52 28 18 20 350 279 284 300 173 185 208 221 213 192 176 159 101 139 181 95 105 128 126 125 143 156 171 179 189 206 217 216 210 205 202 200 201 201 207 216 227 210 238 258 221 165 164 172 172 170 172 173 173 170 166 164 163
127 129 134 145 156 153 151 148 144 140 135 132 130 127 126 126 127 126 119 104 86 55 29 29 25 16 41 235 260 271 205 194 228 245 237 215 200 206 205 188 183 154 145 151 147 153 161 169 179 185 192 203 212 213 209 204 201 198 196 196 205 211 224 248 252 245 246 194 170 172 168 166 169 172 173 170 165 162 162
129 132 137 146 155 153 152 149 146 142 138 136 134 133 132 134 137 137 130 122 272 283 306 342 284 18 246 236 243 242 199 179 213 248 247 239 240 253 240 214 208 203 181 160 164 167 171 174 182 190 195 202 207 209 206 203 200 197 196 197 204 210 225 240 246 249 235 228 174 158 160 163 165 169 173 170 163 160 160
131 135 140 147 153 153 151 149 147 144 141 140 141 141 144 152 160 167 184 243 263 266 251 215 197 203 206 239 237 210 170 163 187 225 251 268 271 261 243 231 224 220 198 169 168 167 171 174 180 189 196 200 203 204 203 200 198 195 194 196 203 214 224 235 243 243 234 223 201 166 163 165 164 167 172 168 161 158 157
135 138 142 148 150 151 150 149 147 145 144 145 149 156 172 201 229 246 255 260 258 249 230 211 213 208 215 250 250 200 160 142 151 164 303 289 273 255 263 268 229 225 210 176 166 168 171 174 180 187 192 196 198 200 199 197 194 192 191 194 202 218 234 241 245 240 228 212 203 192 165 164 164 166 168 165 158 156 155
139 140 144 148 148 150 149 149 148 147 147 152 163 192 237 261 269 270 267 261 252 239 220 208 213 207 227 256 269 240 174 116 91 45 336 295 267 247 266 255 223 220 206 177 169 173 173 172 179 186 189 192 194 196 195 194 191 188 189 194 203 213 228 238 235 230 221 208 201 207 205 168 166 166 165 161 156 153 152
144 144 146 148 147 151 150 150 149 149 152 164 199 251 272 278 280 278 273 263 246 220 187 184 208 213 226 256 273 263 211 109 88 33 306 290 267 246 238 220 216 215 205 182 176 179 176 172 177 184 186 189 191 193 192 190 187 186 189 196 207 215 218 221 229 223 212 206 205 202 212 204 175 168 163 158 152 150 149
150 147 148 149 148 151 150 150 150 152 161 194 257 278 284 287 288 286 279 261 203 164 161 183 211 209 219 255 273 268 235 114 108 328 296 287 269 255 242 221 214 216 208 185 175 177 175 170 176 182 183 186 190 191 190 188 185 186 192 201 211 216 214 211 218 225 221 209 202 200 206 222 209 173 163 155 149 146 146
154 150 150 150 150 152 150 150 152 159 188 265 285 289 292 296 298 295 283 138 138 145 158 185 213 203 278 344 225 182 120 149 152 284 290 281 270 258 250 223 211 213 205 183 175 175 172 169 176 181 181 184 189 190 188 185 185 188 194 204 213 217 214 210 210 218 223 217 202 198 209 219 221 189 168 155 146 143 143
156 152 151 152 152 153 151 152 158 183 274 292 295 297 303 312 320 343 110 120 129 137 141 121 87 177 266 92 126 149 192 233 206 269 281 282 278 256 240 216 205 205 196 181 177 177 171 168 176 180 179 182 187 189 186 184 185 190 197 206 214 217 217 213 208 209 214 212 203 195 197 204 206 195 173 155 144 141 140
154 151 151 152 153 154 153 157 177 275 298 302 305 313 327 345 28 87 111 120 123 114 104 102 177 233 225 160 155 196 193 169 145 224 267 276 272 240 213 206 197 196 191 182 178 176 170 169 175 179 178 180 185 187 185 184 187 192 200 209 215 216 219 217 211 207 206 205 199 191 184 187 195 196 177 155 142 138 137
150 149 149 150 152 152 157 171 263 302 308 314 326 344 2 28 70 97 111 117 112 107 150 195 226 220 196 162 167 196 156 137 138 200 239 254 248 218 200 196 192 190 187 181 177 173 170 169 173 176 176 179 183 186 186 187 190 196 204 212 215 215 217 218 214 209 204 197 192 184 177 181 192 195 180 155 140 136 134
145 145 146 146 147 149 164 215 305 317 326 343 9 27 39 61 85 100 109 112 112 137 177 194 184 159 153 143 137 141 133 137 149 191 219 237 227 206 192 183 184 185 183 178 174 172 170 169 171 172 174 178 183 186 188 189 193 200 208 213 214 214 215 217 213 209 200 188 181 174 175 183 193 193 179 153 137 133 132
141 142 142 141 142 147 158 63 359 360 12 34 52 60 66 80 97 106 111 115 124 161 186 190 186 158 139 133 133 141 141 143 157 186 214 239 219 199 187 177 179 182 180 176 172 170 169 168 168 168 172 177 183 186 188 190 195 202 209 211 211 212 213 212 209 204 191 180 174 172 177 186 192 188 175 151 135 131 130
138 139 139 137 132 132 112 93 67 54 53 61 69 76 81 91 106 114 118 124 135 167 198 198 177 153 139 132 145 157 147 148 164 170 184 256 234 199 182 178 178 181 179 172 171 170 169 167 166 168 173 178 182 185 186 189 195 202 207 208 208 208 208 206 201 192 182 174 172 172 177 182 184 180 170 147 133 130 129
136 136 136 131 112 115 101 94 80 72 69 71 77 84 88 94 107 119 125 131 139 163 203 213 165 129 142 133 142 151 154 160 169 165 197 249 216 194 181 177 177 178 174 171 170 170 169 168 168 170 175 178 181 182 183 187 194 200 204 205 204 203 201 196 189 180 174 171 169 167 170 173 174 173 165 145 132 129 129
134 133 132 123 100 108 98 92 82 77 75 78 84 90 93 96 104 119 127 133 137 166 214 214 177 87 136 132 146 155 168 167 173 171 207 220 197 185 179 175 175 174 169 169 172 172 171 170 170 173 177 179 180 179 181 185 192 198 201 202 200 196 191 186 178 172 168 167 163 160 163 166 167 167 161 143 132 129 130
132 130 128 116 96 104 95 89 82 78 79 84 90 95 97 99 106 117 125 131 131 143 209 212 194 72 147 146 149 161 178 170 171 168 188 198 184 177 175 174 174 170 165 167 172 174 173 172 173 176 179 180 179 178 180 185 190 195 198 198 194 188 181 175 170 166 164 162 157 155 158 161 164 164 157 141 132 130 130
129 126 122 112 96 101 93 88 82 79 81 86 92 96 100 104 109 117 125 130 128 136 183 223 207 226 214 194 180 180 184 173 170 163 180 182 175 173 173 173 172 169 166 165 169 173 174 174 176 179 180 180 178 177 180 185 188 191 194 192 187 181 174 168 165 163 160 157 154 154 157 160 162 163 155 141 132 131 131
124 121 117 108 97 99 93 87 82 81 83 88 92 95 99 104 113 117 125 129 135 145 168 242 243 247 230 199 186 186 182 171 160 165 170 173 170 171 172 171 170 169 169 168 169 173 176 177 178 181 181 179 178 178 182 185 187 190 191 186 180 175 169 164 162 160 157 155 154 155 157 160 162 162 154 140 133 131 131
120 116 112 106 99 98 93 89 86 84 85 89 94 97 100 106 115 128 139 142 145 151 167 242 256 256 220 191 185 182 173 158 154 162 165 166 167 169 170 169 169 169 171 171 172 174 178 179 180 181 180 178 177 179 181 184 187 190 187 181 175 171 166 163 161 158 157 155 155 156 159 161 162 161 153 140 133 132 132
115 112 109 104 101 99 95 92 90 89 88 91 96 100 104 107 117 133 142 141 136 149 171 207 227 211 180 177 178 172 158 150 153 160 163 165 166 168 168 168 167 168 170 172 174 175 177 179 180 181 180 177 176 177 178 181 186 188 183 176 171 168 165 163 160 159 159 158 157 158 160 162 162 159 152 140 134 133 133
112 108 105 103 103 98 95 92 92 93 94 94 98 102 103 106 119 136 139 138 151 170 171 181 182 171 162 166 165 158 148 146 154 159 161 163 165 166 167 167 167 166 168 171 173 173 174 176 178 179 178 177 175 174 175 179 184 184 179 173 169 166 164 162 161 161 161 161 159 159 162 163 162 158 150 140 134 133 134
108 105 102 102 104 97 93 90 91 94 97 97 99 104 105 104 116 131 135 143 152 155 163 170 169 164 160 160 157 152 145 146 155 158 159 160 163 164 166 167 166 166 168 169 170 170 171 172 174 176 177 176 174 173 174 179 182 180 175 171 168 166 164 162 161 162 164 164 162 160 162 164 161 157 149 140 135 134 135
105 101 99 100 105 97 94 89 89 89 95 100 104 107 109 110 120 134 143 145 143 142 151 158 161 161 160 158 154 148 141 146 155 155 157 159 161 162 164 164 164 165 166 168 169 168 169 170 172 174 176 175 173 172 175 179 180 177 173 170 168 166 164 162 162 163 165 166 164 162 163 163 160 155 148 139 135 135 135
102 98 96 99 106 98 97 93 90 86 87 97 110 113 114 122 135 145 146 142 139 141 147 153 158 161 159 154 148 142 139 145 154 154 154 157 159 160 161 161 161 162 165 166 168 168 169 170 172 174 176 175 173 174 177 180 179 176 172 169 168 167 165 164 163 164 166 167 164 162 162 162 158 154 147 139 135 135 136
99 95 93 96 107 100 102 99 98 96 94 95 104 114 121 133 142 144 145 145 144 146 148 153 158 159 153 147 141 137 138 146 153 154 153 155 157 159 159 159 161 163 165 167 169 171 172 173 174 176 176 176 175 176 179 180 179 176 171 168 169 168 167 165 165 165 166 166 163 161 161 160 157 153 146 139 135 135 136
96 92 89 91 104 100 106 105 107 106 105 104 106 116 132 137 133 135 144 150 149 150 150 153 157 153 146 140 136 134 140 147 153 155 154 155 156 158 160 162 165 167 169 172 173 175 176 177 178 178 177 178 178 179 180 181 179 175 170 169 170 170 168 166 165 165 165 163 160 159 158 158 155 152 145 138 135 135 136
93 89 86 86 96 97 105 108 110 108 109 112 117 125 138 136 127 131 143 150 150 150 149 152 153 148 141 136 134 135 142 148 152 154 155 156 157 160 163 166 169 172 174 177 178 180 181 182 181 180 179 180 180 181 181 181 178 174 170 170 171 169 167 165 164 163 160 158 156 156 156 156 154 151 144 138 136 136 137
90 85 81 80 83 90 100 106 107 104 108 120 130 132 134 131 129 134 144 149 148 147 146 148 148 144 139 136 135 138 143 147 150 153 156 158 160 163 167 170 173 176 178 181 182 183 184 184 183 182 182 182 181 181 181 180 177 173 170 170 169 166 163 161 160 157 155 153 152 153 154 154 153 150 144 138 136 137 138
85 80 76 72 66 80 94 106 109 106 108 117 124 122 124 126 131 134 140 146 145 143 143 144 143 141 138 137 137 139 142 144 147 151 156 160 162 166 170 173 176 179 181 182 183 184 184 183 182 182 182 182 181 180 179 177 173 170 168 167 164 161 159 156 153 151 149 149 150 151 152 153 152 149 143 139 137 138 139
79 74 70 65 55 76 90 105 117 119 113 106 105 109 120 128 131 130 137 144 142 141 140 140 140 139 138 138 138 139 140 141 145 150 155 160 164 167 171 175 178 180 181 183 183 184 183 181 180 180 180 179 179 178 175 171 167 164 162 159 157 155 152 149 147 146 146 147 148 150 151 152 150 147 142 139 138 139 140
71 65 61 56 46 75 104 116 135 139 117 105 105 110 120 128 129 130 137 142 141 140 139 138 138 138 137 136 137 138 139 141 144 149 155 160 164 168 172 175 177 179 181 182 182 180 178 177 176 176 176 176 175 172 167 163 159 156 153 152 150 148 145 143 143 143 144 145 147 149 150 150 148 145 141 139 139 139 141
60 55 50 44 39 61 108 143 158 138 110 103 110 116 121 126 129 132 138 141 140 140 139 139 138 137 135 134 135 137 140 141 144 149 155 160 164 168 171 174 177 179 180 179 177 175 173 172 172 171 171 169 166 162 157 153 150 148 146 145 143 141 140 140 140 141 142 144 146 148 149 148 146 143 141 140 139 140 141
47 43 37 29 50 68 105 142 143 95 93 100 110 116 121 126 129 133 139 142 142 142 141 141 139 136 134 133 134 138 142 143 145 149 155 159 163 166 169 172 174 175 174 172 170 169 168 167 166 165 163 159 154 150 148 146 144 142 141 140 139 138 138 138 139 140 142 145 147 148 148 146 144 142 140 140 140 140 141
35 33 26 14 136 113 186 162 94 81 90 99 109 115 120 124 128 132 138 142 142 143 142 141 138 135 135 134 135 140 145 145 145 148 152 156 160 163 166 170 172 170 168 166 167 167 165 163 162 159 155 150 145 143 142 141 139 139 138 137 136 136 137 137 138 140 143 145 147 147 146 144 142 140 140 140 140 141 142
30 29 22 7 225 284 287 94 93 92 93 98 105 110 116 121 126 132 138 141 142 143 143 141 137 136 135 135 136 142 146 146 145 146 150 153 156 159 162 164 163 163 163 164 163 161 159 157 156 152 148 143 141 139 138 137 136 136 136 136 135 136 136 137 139 141 144 147 147 147 145 143 141 140 140 140 140 141 142
34 32 28 22 28 20 29 96 123 120 113 114 117 119 122 124 128 132 137 139 142 143 142 140 138 137 137 136 137 141 143 143 142 143 145 147 149 151 153 154 155 157 158 159 158 157 156 155 153 150 146 142 140 137 136 135 135 135 135 135 135 136 137 138 140 143 145 146 146 145 143 142 141 140 140 140 141 141 142
44 42 38 32 30 36 56 108 138 143 139 135 131 128 128 129 130 133 136 138 140 141 141 140 140 140 139 139 140 141 143 143 144 145 147 148 149 150 152 153 153 154 155 155 155 154 153 151 149 146 143 140 138 136 134 134 134 134 134 135 135 136 137 138 140 141 142 143 142 142 141 141 140 140 140 140 141 142 143
57 54 50 43 44 50 71 102 136 146 145 141 137 133 130 131 132 134 136 138 140 140 140 141 141 141 141 141 141 142 143 144 145 146 147 149 149 150 151 151 151 151 151 151 150 149 148 146 144 141 139 137 135 134 133 133 133 134 134 134 135 136 137 138 139 140 140 140 140 139 139 140 140 140 140 141 142 142 143
67 64 61 56 57 61 73 98 130 143 144 142 139 137 134 134 134 134 136 138 139 139 140 140 140 141 141 141 141 142 142 143 144 145 146 147 147 147 147 147 146 146 145 144 143 141 140 139 137 136 134 133 133 132 132 132 132 133 134 134 135 136 137 137 138 138 138 138 138 138 138 139 140 140 141 142 142 143 143
