---
Sfc. Heating [W/m~S~2~N~] Valid 1500 NZST ~Z75~(0300Z)~Z~ SUN 4 Jan 2026 ~Z75~[27hrFcst@2100z]~Z~
Model= RASP Region= NZ Grid= d2 Reskm= 2.0 Indexs= 1 69 1 69 Proj= lambert 2000 2000 -35.0000 -42.0000 176.0000 -37.7968 175.7263
Day= 2026 1 4 SUN ValidLST= 1500 NZST ValidZ= 300 Fcst= 27.0 Init= 22 Param= sfcshf Unit= W/m~S~2~N~ Mult= 1 Min= -25 Max= 393
95 94 1 -8 -5 -3 10 60 74 128 153 124 90 74 56 32 28 26 27 31 36 56 76 58 34 39 38 47 49 46 38 26 7 0 -6 -9 -7 -6 1 10 14 7 -3 -3 -1 1 2 1 8 17 18 30 47 53 63 64 65 87 110 105 103 102 112 136 162 175 207 248 247
140 143 125 -2 -2 2 99 137 151 161 170 172 174 172 169 168 168 151 51 47 63 143 216 73 32 26 24 42 55 64 130 107 19 0 -6 -9 -7 -1 6 32 22 6 -2 -2 2 6 15 28 131 116 105 112 135 171 125 115 170 169 238 234 231 229 229 231 234 239 245 247 247
142 144 130 4 0 5 124 144 158 166 172 175 175 172 170 166 167 158 150 70 96 221 182 94 40 31 30 43 54 80 104 141 51 2 -4 -7 -9 1 7 15 2 -5 -5 -2 0 9 49 121 135 140 143 147 175 148 105 98 167 168 239 236 233 232 232 232 235 239 243 246 246
144 145 136 97 21 23 136 153 163 169 169 176 181 180 175 169 167 155 157 218 221 225 224 81 29 22 19 24 35 53 66 106 72 33 3 0 9 19 27 0 -8 -9 -7 -4 2 17 131 137 140 142 145 148 124 89 90 80 106 165 237 236 234 233 234 233 236 238 242 243 244
146 145 141 137 76 140 146 160 171 165 318 181 186 185 178 169 167 169 156 156 157 176 172 214 24 1 14 5 0 8 37 101 204 76 54 43 62 120 56 -10 -10 -7 -5 -4 3 90 164 142 144 145 147 128 108 73 52 78 91 149 222 236 236 235 138 165 230 238 241 242 245
160 159 156 155 155 157 162 160 162 161 155 154 187 182 181 174 170 171 171 170 168 154 64 98 39 2 7 1 -4 -2 -1 -2 26 103 44 24 108 202 100 -9 -6 -4 -5 -4 21 165 140 187 210 213 149 149 149 150 82 139 114 78 107 235 238 131 97 115 146 237 240 242 245
160 160 156 156 159 159 154 148 153 155 150 156 157 155 166 180 176 175 175 171 166 87 7 14 19 11 16 25 21 11 0 2 -1 5 205 4 2 -1 30 -5 -10 -5 -5 -1 137 203 142 174 101 139 177 151 149 99 109 88 79 46 113 240 99 75 76 90 161 238 241 10 9
161 160 157 158 160 161 142 137 88 99 61 16 16 62 157 172 181 179 184 175 165 160 5 4 5 6 20 31 46 60 7 4 26 29 3 -2 -12 -8 -1 1 -9 -6 -2 10 143 125 80 125 121 141 155 224 153 121 48 60 80 58 72 71 101 95 90 76 4 168 241 243 244
159 158 156 156 159 165 163 55 36 70 45 12 11 16 43 119 199 193 197 181 163 155 19 4 4 3 10 31 65 41 8 5 107 30 -2 -14 -13 14 -11 -5 -6 -3 2 196 103 77 57 76 149 148 215 201 184 93 35 41 44 55 37 21 94 87 73 76 8 10 241 240 240
223 177 155 154 14 18 25 21 29 10 10 7 8 27 39 37 107 205 202 189 170 157 136 4 4 4 13 46 147 9 5 17 131 193 5 -10 -3 220 -17 -11 -5 -1 42 49 13 15 77 107 126 216 213 132 138 65 27 23 27 38 33 48 172 180 148 232 236 241 11 239 236
158 157 216 153 61 21 19 9 12 6 12 8 6 32 55 25 39 202 198 191 180 167 160 47 10 27 101 152 111 9 12 135 134 199 132 2 0 4 -21 -15 -6 3 103 5 8 21 128 125 127 226 224 108 76 75 85 20 21 37 23 154 239 255 249 247 12 11 332 328 254
160 222 216 153 152 90 13 12 13 7 21 7 5 20 73 26 20 161 193 187 182 176 167 155 148 147 148 150 135 44 27 139 116 107 135 55 -1 -11 -14 -2 -2 24 5 -5 15 150 215 98 49 51 80 75 71 94 226 20 10 27 20 228 242 252 248 9 9 10 11 326 251
183 160 176 153 29 70 50 23 15 13 17 6 -3 11 72 29 28 139 188 181 179 175 167 153 148 149 152 217 133 18 6 144 123 102 122 56 -7 -14 139 101 71 193 109 10 8 42 137 169 188 226 71 44 72 84 227 33 17 26 67 185 234 245 252 9 12 13 12 11 245
163 164 158 215 67 44 15 11 9 6 2 2 0 2 47 32 32 158 186 177 173 169 161 150 147 151 154 155 135 20 10 -8 93 118 175 157 -6 -5 160 92 134 189 24 197 27 11 49 51 12 11 26 55 50 24 91 59 17 24 38 81 239 8 9 12 258 323 317 313 239
166 167 228 157 63 5 2 10 13 4 -2 -8 -14 -11 23 31 38 190 181 174 168 162 156 151 151 153 157 158 155 47 -2 -3 -4 34 144 151 134 0 109 29 179 184 -6 -3 195 63 122 243 10 0 8 20 20 63 218 204 184 152 17 72 234 257 252 251 253 253 245 241 194
191 171 169 165 97 156 141 101 93 5 -6 -15 -19 -11 20 18 56 180 176 171 167 162 158 155 155 155 158 160 157 138 -2 -3 -14 -12 7 157 151 34 12 26 149 197 -11 -8 13 237 238 235 167 19 8 8 9 14 231 146 225 137 17 66 224 248 248 13 13 252 168 239 171
193 174 173 170 166 159 124 144 139 42 -4 -10 -7 4 22 59 171 171 170 167 164 163 162 162 163 161 161 161 158 33 -6 -14 -20 -14 -4 116 161 158 166 -6 91 -11 4 7 -5 18 236 238 242 175 34 4 4 3 6 95 162 -9 -9 -1 215 166 171 248 13 174 241 237 154
176 177 176 176 172 186 94 52 128 92 -1 -3 10 21 45 166 164 163 161 160 160 161 163 167 172 171 167 162 158 55 -4 -14 -23 -16 -15 32 162 161 -9 -6 -12 -23 -3 15 -6 0 235 64 13 60 106 14 74 12 0 46 -8 -8 -3 -1 144 162 166 240 244 170 165 234 139
176 196 200 202 179 175 165 50 30 10 -6 -3 12 60 155 154 153 151 150 153 156 159 164 173 180 179 173 167 161 79 118 -7 -11 -12 -9 43 162 157 -7 -8 0 -25 -5 2 -5 13 233 244 9 4 14 19 223 217 3 -2 -5 -2 0 1 1 155 158 160 163 164 162 160 131
177 180 184 188 187 205 176 57 14 7 -5 -5 6 149 141 140 140 142 145 148 125 155 162 174 181 181 182 185 176 100 156 -5 4 3 19 70 6 155 165 -13 -13 -8 148 208 217 233 132 237 96 15 14 52 229 222 216 12 9 4 4 4 3 150 153 155 158 159 160 159 86
179 183 188 193 194 191 47 6 20 21 0 -5 3 143 134 134 135 138 143 146 34 30 160 164 171 181 200 211 188 126 157 -2 9 86 31 16 0 9 191 -6 -10 199 -5 3 204 229 103 29 36 92 79 169 166 228 223 178 14 11 10 9 7 7 215 150 7 6 6 6 111
200 185 191 195 130 37 200 154 145 39 19 3 6 143 136 135 137 142 144 145 53 65 150 150 161 179 183 5 -1 162 127 43 120 32 45 24 1 -8 3 16 217 187 -2 -11 40 160 239 32 15 24 238 171 169 164 228 228 162 15 302 294 225 9 10 4 4 4 5 149 63
182 187 191 86 47 14 6 26 40 48 91 13 11 146 143 145 391 196 141 30 32 59 141 145 157 173 183 -10 -13 183 173 170 86 109 182 -8 6 -6 4 88 154 201 4 0 232 45 228 240 0 6 94 237 236 233 229 227 226 220 293 287 184 163 53 95 145 145 107 99 50
183 208 189 37 18 10 -10 -5 26 71 47 15 36 147 149 152 150 94 32 18 29 36 56 150 161 168 121 -4 -15 172 180 174 69 170 6 -3 63 86 56 165 155 220 105 239 258 54 23 21 4 10 102 233 230 229 226 221 215 209 201 161 145 69 27 60 133 144 87 79 38
186 187 204 36 12 -4 -10 8 12 8 34 78 99 150 151 154 156 112 43 31 21 13 47 155 165 165 101 -11 -4 174 189 177 106 64 3 2 222 35 220 152 151 24 3 4 -3 12 43 256 90 225 231 229 227 226 158 152 211 205 199 159 90 61 20 50 130 85 70 67 31
187 187 180 46 16 15 5 2 0 8 136 148 106 153 153 156 160 85 24 17 30 26 153 152 160 161 82 -6 -3 179 190 171 191 43 -1 0 12 25 204 146 142 1 -3 -2 0 -1 233 259 74 18 47 228 224 177 221 215 209 204 188 196 91 134 65 68 128 82 68 67 29
186 185 198 64 8 -7 -6 -3 4 32 155 151 77 158 158 159 158 150 41 5 7 66 157 152 154 159 138 -4 -4 185 179 164 3 -1 -3 9 4 19 180 143 144 -2 -1 -4 -2 -3 233 1 2 3 10 60 219 136 217 211 206 200 93 163 157 190 186 184 126 110 99 105 36
187 183 196 109 -3 -7 -5 0 9 53 101 157 114 158 157 155 149 143 145 150 157 164 164 157 158 162 161 82 156 179 176 75 9 0 4 17 1 41 170 142 145 -2 1 6 8 21 242 1 5 7 4 18 68 216 214 211 201 93 69 150 189 184 181 180 123 128 125 123 62
185 203 195 164 3 2 0 2 12 122 104 108 155 153 151 148 146 51 4 43 164 170 158 331 163 167 170 169 176 185 190 125 174 77 53 37 8 174 169 164 166 5 9 171 182 191 245 247 255 22 -2 8 29 32 93 218 90 50 86 186 120 179 178 177 174 118 116 116 73
182 178 173 165 100 125 69 10 29 167 151 151 150 149 148 148 150 152 156 162 167 174 184 179 175 177 176 173 191 208 208 197 193 195 195 61 31 176 168 162 163 163 158 163 170 178 215 241 251 28 -5 2 30 51 96 42 35 75 113 118 75 119 118 173 171 116 116 118 54
175 174 171 167 166 165 162 9 32 163 146 146 145 145 148 151 154 156 161 166 171 180 188 180 181 190 184 192 210 223 223 198 199 199 198 195 188 179 169 161 163 165 162 155 13 2 27 7 19 67 -2 14 42 270 51 45 32 22 140 82 8 40 52 170 114 115 119 125 47
174 172 170 168 166 165 92 3 12 114 144 144 143 144 149 153 157 161 167 171 177 185 186 180 187 193 187 216 218 227 165 177 207 209 202 198 192 183 171 162 168 164 164 153 7 -3 -3 1 1 176 70 58 31 199 108 44 22 16 47 126 9 12 21 27 113 71 78 88 28
176 174 171 170 168 166 24 4 8 44 144 145 145 146 151 156 82 167 172 176 183 187 185 189 201 83 29 228 230 218 74 71 218 271 210 199 193 187 174 165 174 181 204 159 18 -3 -1 12 12 168 173 35 98 194 205 96 16 25 11 122 28 1 -2 -5 1 17 33 42 15
189 182 178 201 173 169 42 9 17 112 144 146 147 150 157 160 167 172 175 180 157 186 183 195 38 28 227 236 212 78 8 6 38 234 215 199 357 189 176 167 25 20 46 17 24 7 58 148 157 160 168 21 178 190 203 33 30 24 14 73 54 11 2 -5 2 7 12 16 8
-1 189 183 207 178 175 167 162 160 160 143 145 148 371 311 241 227 206 176 185 189 182 182 191 49 68 227 146 67 22 1 3 31 230 210 198 344 186 176 168 7 16 22 3 17 178 180 152 152 153 59 67 171 182 197 11 36 17 7 5 33 37 15 -3 -3 7 13 14 11
-1 191 188 186 210 179 171 165 162 160 143 145 148 224 125 124 60 103 176 184 183 181 188 163 222 214 124 124 66 22 2 0 117 237 209 197 189 182 175 168 7 11 88 22 149 190 181 156 148 144 144 146 165 175 21 6 15 5 -2 -3 8 20 19 7 3 11 16 -2 -1
0 219 190 189 186 211 174 167 163 162 144 146 116 91 65 25 82 19 169 173 175 182 194 37 239 217 6 28 174 23 6 7 204 233 207 196 186 179 173 170 71 55 269 198 181 183 148 164 153 148 137 132 145 151 2 3 3 2 -1 -4 6 23 46 27 18 19 32 -1 -1
195 193 190 189 186 183 206 168 163 161 143 145 18 -6 -2 163 7 22 131 172 178 186 198 33 23 -2 3 5 29 34 5 19 49 129 198 194 181 175 171 175 189 168 274 241 166 191 162 175 167 160 157 139 142 151 -2 4 0 -1 -2 -5 12 31 32 0 0 0 0 0 -1
193 192 190 188 185 183 176 168 162 160 141 144 146 44 7 -1 -10 173 180 190 190 193 198 216 9 -4 0 0 11 41 7 8 45 199 187 186 175 169 169 183 163 231 269 254 180 168 163 174 166 159 158 150 326 145 13 53 0 -5 -5 -3 70 0 0 0 0 0 0 0 0
192 191 189 187 183 181 175 168 161 158 141 144 142 93 4 -11 -4 152 171 192 192 194 198 177 16 3 -1 6 14 13 -3 5 77 175 183 180 171 167 173 199 179 270 255 46 23 22 59 164 159 157 159 162 224 -3 -2 -3 -2 -6 -3 43 1 0 0 0 0 0 0 0 0
191 189 187 185 181 178 174 169 162 159 142 143 60 14 0 4 8 129 163 192 192 194 199 65 8 11 -2 15 2 -14 -5 21 109 172 177 176 170 169 250 207 213 254 26 18 13 18 23 93 155 156 163 163 342 3 143 -4 -3 -2 1 2 1 1 0 0 0 0 0 0 0
191 188 185 183 180 177 173 172 393 261 136 139 43 2 -3 73 6 3 173 192 193 196 198 27 3 17 179 69 5 -14 12 170 167 167 172 171 170 176 273 144 129 25 12 10 6 9 22 39 158 160 0 152 365 359 137 10 0 1 2 1 1 1 0 0 0 0 0 0 0
190 187 183 182 179 175 172 172 166 41 133 135 7 -3 2 162 0 -2 35 193 193 193 191 29 31 266 28 179 111 174 166 169 168 168 171 174 173 93 156 88 37 16 11 7 2 2 15 0 0 -1 -1 1 2 10 348 0 2 2 1 1 1 1 1 1 1 1 1 0 0
189 186 181 178 175 172 169 170 167 87 132 131 6 -5 5 46 -9 1 14 193 189 183 181 50 2 -5 6 176 174 168 2 164 167 165 165 173 175 34 34 41 26 16 9 5 2 0 0 -1 -2 8 -2 0 1 1 2 2 2 1 1 1 1 1 1 1 1 1 1 1 1
184 181 176 174 171 166 163 162 160 54 62 85 31 4 7 0 -5 -1 0 48 183 177 175 112 -12 -9 6 163 168 164 1 161 163 156 156 165 25 6 21 51 29 11 8 3 1 -1 0 4 19 13 -2 1 1 2 1 1 2 1 1 1 1 1 1 1 1 1 1 1 1
176 174 170 168 166 162 112 55 25 42 73 91 5 59 5 -24 -23 3 -2 5 178 179 178 159 -12 -15 0 9 163 159 0 151 148 141 42 10 8 72 37 98 25 10 7 4 -1 -1 -1 8 60 -1 4 1 1 1 1 2 2 1 1 1 1 1 1 1 1 1 1 1 1
172 170 165 164 161 86 46 16 41 77 5 -3 -4 29 -20 -23 -17 1 -7 -7 60 216 217 200 -6 -23 -17 0 156 152 1 18 -2 38 16 82 173 201 89 55 23 11 7 4 -1 -1 -1 0 12 1 2 2 1 1 1 1 1 1 1 1 1 1 1 1 1 1 1 1 1
170 167 162 160 157 65 13 11 125 52 -6 -9 -3 3 -8 -21 -13 -2 -6 -5 4 205 14 69 8 -13 -20 -5 146 34 2 -8 -7 -1 7 254 191 285 50 26 22 13 11 4 -1 -1 0 -1 2 2 1 1 1 1 1 2 1 1 1 1 1 1 1 1 1 1 1 1 1
171 167 162 157 59 29 12 146 142 142 -7 -12 -3 5 0 13 36 29 5 1 14 195 3 79 33 -2 -7 -4 133 146 6 -19 -19 161 82 296 259 63 19 16 21 23 10 8 7 0 0 78 0 1 1 1 1 1 1 1 1 1 1 1 1 1 1 1 1 1 1 1 1
170 165 160 154 150 88 145 85 24 30 20 -9 0 89 12 132 136 143 141 137 144 187 79 84 125 14 -1 -2 5 1 2 -15 -3 243 289 292 78 20 13 13 19 16 15 9 13 15 0 206 1 1 1 1 1 1 1 1 1 1 1 1 1 1 1 1 1 1 1 1 1
164 162 157 152 146 144 142 1 -8 10 125 1 23 126 129 135 146 158 93 16 94 188 189 110 153 148 5 -2 -5 -4 0 3 157 259 15 117 32 17 15 24 20 14 12 5 0 -1 6 2 1 1 1 1 1 1 1 1 1 1 1 1 1 1 1 1 1 1 1 1 1
158 160 155 14 146 144 143 -1 -5 139 123 127 126 129 131 137 75 -3 -8 -6 -9 13 176 158 181 174 61 1 3 6 57 166 186 13 2 29 23 14 13 29 59 17 7 17 0 17 22 1 1 1 1 1 1 1 1 1 1 1 1 1 1 1 1 1 1 1 1 1 1
155 158 153 14 8 -2 142 140 20 138 128 -3 131 133 132 22 -1 -5 -1 -1 -7 -1 57 167 179 172 168 79 157 158 163 173 42 2 4 5 12 6 2 17 70 19 4 19 19 24 27 1 1 1 1 1 1 1 1 1 1 1 1 1 1 1 1 1 1 1 1 1 2
105 156 152 10 14 12 141 140 143 143 -2 12 11 140 133 1 -2 -2 165 48 3 -1 35 173 179 173 171 170 162 162 164 242 22 1 0 -3 4 -2 -1 7 33 8 4 9 26 29 2 1 1 1 1 1 1 1 1 1 1 1 1 1 1 1 1 1 1 1 2 2 2
63 155 151 148 172 95 143 143 -2 -2 -2 12 141 94 53 33 136 157 27 6 -1 4 129 172 179 174 173 171 163 161 226 228 58 0 -2 -7 -5 -5 -4 1 33 42 38 72 99 2 1 1 1 1 1 1 1 1 1 1 1 1 1 1 1 1 1 1 1 2 2 2 2
57 154 152 149 146 14 132 129 129 -1 9 6 191 133 43 144 36 7 42 -2 1 70 163 172 180 177 175 170 165 163 158 154 156 80 15 3 190 0 -1 26 106 80 69 115 3 1 1 1 1 1 1 1 1 1 1 1 1 1 1 1 1 1 1 1 2 2 2 2 2
62 154 152 149 146 146 131 127 126 126 157 161 160 159 -1 -2 8 16 16 5 32 185 192 205 181 178 175 168 164 160 155 153 157 171 61 11 118 217 208 381 146 143 95 146 30 2 1 1 1 1 1 1 1 1 1 1 1 1 1 1 1 1 1 1 2 2 2 2 2
102 154 152 149 147 146 129 125 125 125 158 159 158 159 -6 -1 183 199 7 11 179 184 195 206 183 179 175 167 160 157 153 151 158 171 26 14 217 231 229 377 197 155 164 32 28 1 1 1 1 1 1 1 1 1 1 1 1 1 1 1 1 1 1 2 2 2 2 2 2
155 154 152 150 148 146 127 125 126 127 162 162 159 159 37 117 180 16 12 17 183 190 199 208 183 178 173 167 159 154 149 362 225 170 10 20 200 238 242 204 204 158 165 28 25 2 1 1 1 1 1 1 1 1 1 1 1 1 1 1 1 1 2 2 2 2 2 2 2
156 154 152 9 149 146 127 153 155 158 166 164 162 152 168 172 -2 -5 67 138 184 115 63 83 182 162 169 165 158 153 150 151 158 168 9 9 54 246 240 212 214 159 162 25 23 1 1 1 1 1 1 1 1 1 1 1 1 1 1 1 1 2 2 2 2 2 2 2 2
155 154 136 135 134 131 129 129 131 133 168 165 12 18 169 55 -10 -1 179 182 186 79 37 36 84 174 167 163 158 154 152 152 35 6 3 -2 100 269 252 207 211 159 162 21 23 1 1 1 1 1 1 1 1 1 1 1 1 1 1 1 1 2 2 2 2 2 2 2 2
157 156 137 136 135 183 159 134 134 135 169 46 30 121 167 173 13 176 179 185 105 74 42 39 75 85 169 164 157 153 152 152 40 3 -5 -2 254 265 247 199 201 210 23 18 2 1 1 0 1 1 1 1 1 1 2 2 2 1 2 2 2 2 2 2 2 2 2 3 3
161 160 140 138 137 135 162 164 164 138 67 169 167 164 167 171 172 174 47 186 54 55 44 23 42 46 28 100 156 152 97 0 135 195 3 10 250 258 246 201 202 209 17 18 1 1 0 0 0 1 1 1 1 1 1 0 -1 190 3 1 2 2 2 2 2 2 3 3 3
166 165 171 143 142 140 139 139 139 141 49 177 171 168 170 172 172 175 -1 67 56 29 43 142 202 186 51 26 13 4 31 7 174 260 10 24 250 251 244 202 157 18 14 1 1 1 0 0 1 1 1 1 1 1 0 1 1 2 2 2 2 2 2 2 2 3 3 3 3
151 150 149 148 174 146 144 144 144 137 146 180 179 170 170 171 169 1 -6 27 32 27 17 108 136 181 171 61 20 -1 -1 86 2 16 77 247 249 245 240 199 205 15 14 1 1 0 0 0 1 1 1 1 1 1 1 2 2 2 2 2 2 2 2 2 3 3 3 3 3
152 152 151 150 149 147 146 146 143 130 143 173 177 171 170 167 42 4 4 18 29 78 93 194 192 180 172 167 40 4 -4 3 3 24 261 254 251 247 244 208 210 14 15 1 1 0 0 0 1 1 1 1 1 1 1 1 2 2 2 2 2 2 2 3 3 3 3 3 4
157 156 155 154 149 148 148 148 148 138 156 167 172 170 174 179 180 28 17 -5 -4 -4 208 201 196 183 174 170 133 28 8 8 23 196 262 257 253 250 250 163 222 18 16 0 0 0 0 0 1 1 1 1 1 1 1 1 2 2 2 2 2 2 3 3 3 3 3 4 4
158 158 157 156 151 179 150 151 150 146 81 114 169 169 177 185 25 30 30 -3 -3 -3 -3 -3 199 186 177 175 171 66 24 24 52 251 263 256 253 251 251 225 20 18 15 0 0 0 0 0 1 1 1 1 1 1 1 2 2 2 2 2 2 3 3 3 3 3 4 4 4
21 21 23 25 24 35 36 48 51 52 71 76 112 168 174 188 25 28 -3 -2 -2 -2 -3 15 4 190 -1 172 117 53 25 22 31 106 259 254 250 249 253 13 16 15 15 1 0 0 0 0 1 1 1 1 1 2 2 2 2 2 2 3 3 3 3 3 4 4 4 4 5
