---
Normalized Sfc. Solar Radiation [%] Valid 1300 NZST ~Z75~(0100Z)~Z~ SUN 4 Jan 2026 ~Z75~[25hrFcst@2100z]~Z~
Model= RASP Region= NZ Grid= d1 Reskm= 6.0 Indexs= 1 79 1 99 Proj= lambert 6000 6000 -35.0000 -42.0000 176.0000 -38.5000 176.0000
Day= 2026 1 4 SUN ValidLST= 1300 NZST ValidZ= 100 Fcst= 25.0 Init= 22 Param= sfcsunpct Unit= % Mult= 1 Min= 6 Max= 100
100 100 100 100 100 100 100 100 100 100 100 100 100 100 100 100 100 100 100 100 100 100 100 100 100 100 100 100 100 100 100 100 100 100 100 100 100 100 100 100 100 100 100 100 100 100 100 100 100 100 100 100 100 100 100 100 100 100 100 100 100 100 100 100 100 100 100 100 100 100 100 100 100 100 100 100 100 100 100
100 100 100 100 100 100 100 100 100 100 100 100 100 100 100 100 100 100 100 100 100 100 100 100 100 100 100 100 100 100 100 100 100 100 100 100 100 100 100 100 100 100 100 100 100 100 100 100 100 100 100 100 100 100 100 100 100 100 100 100 100 100 100 100 100 100 100 100 100 100 100 100 100 100 95 100 100 100 100
100 100 100 100 100 100 100 100 100 100 100 100 100 100 100 100 100 100 100 100 100 100 100 100 100 100 100 100 100 100 100 100 100 100 100 100 100 100 100 100 100 100 100 100 100 100 100 100 100 100 100 100 100 100 100 100 100 100 100 100 100 100 100 100 100 100 100 100 100 100 100 100 100 100 100 100 100 100 100
100 100 100 100 100 100 100 100 100 100 100 100 100 100 100 100 100 100 100 100 100 100 100 100 100 100 100 100 100 100 100 100 100 100 100 100 100 100 100 100 100 100 100 100 100 100 100 100 100 100 100 100 100 100 100 100 100 100 100 100 100 100 100 100 100 100 100 100 100 100 100 100 100 100 100 100 100 100 100
100 100 100 100 100 100 100 100 100 100 100 100 100 100 100 100 100 100 100 100 100 100 100 100 100 100 100 100 100 100 100 100 100 100 100 100 100 100 100 91 100 100 100 100 100 100 100 100 100 100 100 100 100 100 100 100 100 100 100 100 100 100 100 100 100 100 100 100 100 100 100 100 100 100 100 100 100 100 100
100 100 100 100 100 100 100 100 100 100 100 100 100 100 100 100 100 100 100 100 100 100 100 100 100 100 100 100 100 100 100 100 100 100 100 100 100 100 100 100 100 100 100 100 100 100 100 100 100 100 100 100 100 100 100 100 100 100 100 100 100 100 100 100 100 100 100 100 100 100 100 100 100 100 100 100 100 100 100
100 100 100 100 100 100 100 100 100 100 100 100 100 100 100 100 100 100 100 100 100 100 100 100 100 100 100 100 100 83 49 100 100 100 100 100 100 100 100 100 100 100 100 100 100 100 100 100 100 100 100 100 100 100 100 100 100 100 100 100 100 100 100 100 100 100 100 100 100 100 100 100 100 100 100 100 100 100 100
100 100 100 100 100 100 100 100 100 100 100 100 100 100 100 100 100 100 100 100 100 100 100 100 100 100 100 100 100 47 34 53 100 100 100 82 71 64 100 100 99 100 100 100 100 100 100 100 100 100 100 100 100 100 100 100 100 100 100 100 100 100 100 100 100 100 85 81 78 80 100 100 100 100 100 100 100 100 100
100 100 100 100 100 100 100 100 100 100 100 100 100 100 100 100 100 100 100 100 100 100 100 100 100 100 100 100 100 100 63 64 79 100 100 100 100 67 69 100 80 100 100 100 100 100 100 100 100 100 100 100 100 100 100 100 100 84 74 74 86 100 100 100 89 78 68 68 67 67 76 100 100 100 100 100 100 100 100
100 100 100 100 100 100 100 100 100 100 100 100 100 100 100 100 100 100 100 100 100 100 100 100 100 100 100 100 100 100 98 33 59 100 100 100 100 100 100 100 100 100 100 100 100 100 100 100 100 100 100 100 100 100 100 100 100 69 65 65 69 100 73 73 67 66 64 63 62 62 67 100 100 100 100 100 100 100 100
100 100 100 100 100 100 100 100 100 100 100 100 100 100 100 100 100 100 100 100 100 100 100 100 100 100 100 100 100 100 59 34 60 100 100 100 100 100 100 100 100 100 100 100 100 100 100 100 100 100 100 100 100 100 100 100 72 69 66 67 66 69 63 66 65 66 66 64 60 59 68 100 100 100 100 100 100 100 100
100 100 100 100 100 100 100 100 100 100 100 100 100 100 100 100 100 100 100 100 100 100 100 100 100 100 100 100 100 100 100 37 100 100 100 100 100 100 100 100 100 100 100 100 100 100 100 100 100 100 100 100 100 100 100 100 65 67 67 68 69 65 65 63 65 62 59 54 54 58 68 100 100 100 100 100 100 100 100
100 100 100 100 100 100 100 100 100 100 100 100 100 100 100 100 100 100 100 100 100 100 100 100 100 100 100 100 100 100 100 100 100 100 100 100 100 100 100 100 100 100 69 100 100 100 100 100 100 100 100 100 100 100 100 79 81 62 68 71 70 65 58 63 65 57 47 50 51 55 71 100 100 100 100 100 100 100 100
100 100 100 100 100 100 100 100 100 100 100 100 100 100 100 100 100 100 100 100 100 100 100 100 100 100 100 100 100 100 100 100 100 100 100 100 100 100 100 100 100 100 82 100 100 100 100 100 100 100 100 100 100 100 100 75 70 66 67 67 69 65 63 58 61 60 60 63 57 61 65 100 100 100 100 100 100 100 100
100 100 100 100 100 100 100 100 100 100 100 100 100 100 100 100 100 100 100 100 100 100 100 100 100 100 100 100 100 100 100 100 100 100 100 100 100 100 100 100 100 100 100 100 86 100 100 100 100 100 100 100 100 100 100 79 70 67 86 85 79 60 68 85 83 99 97 97 92 82 68 100 100 100 100 100 100 100 100
100 100 100 100 100 100 100 100 100 100 100 100 100 100 100 100 100 100 100 100 100 100 100 100 100 100 100 100 100 100 100 100 100 100 100 100 100 100 100 100 100 78 79 79 61 63 99 100 100 100 100 100 100 100 100 80 100 100 100 100 100 79 100 100 99 100 96 52 97 99 73 100 100 100 100 100 100 100 100
100 100 100 100 100 100 100 100 100 100 100 100 100 100 100 100 100 100 100 100 100 100 100 100 100 100 100 100 100 100 100 100 100 100 100 100 100 100 100 100 100 86 69 62 34 51 50 100 100 100 100 100 100 100 100 100 100 100 100 100 100 100 100 100 100 99 97 57 78 81 81 100 100 100 100 100 100 100 100
100 100 100 100 100 100 100 100 100 100 100 100 100 100 100 100 100 100 100 100 100 100 100 100 100 100 100 100 100 100 100 100 100 100 100 100 100 100 100 72 73 64 69 57 49 37 50 99 100 100 100 100 100 100 100 100 100 100 100 100 100 100 100 100 100 99 97 96 71 61 66 100 100 100 100 100 100 100 100
100 100 100 100 100 100 100 100 100 100 100 100 100 100 100 100 100 100 100 100 100 100 100 100 100 100 100 100 100 100 100 100 100 100 100 100 100 100 100 100 59 56 48 66 62 65 50 100 100 100 100 100 100 100 100 100 100 100 100 100 100 100 96 99 100 100 97 97 74 55 76 100 100 100 100 100 100 100 100
100 100 100 100 100 100 100 100 100 100 100 100 100 100 100 100 100 100 100 100 100 100 100 100 100 100 100 100 100 100 100 100 100 100 100 100 100 100 100 100 100 100 31 29 51 100 100 76 100 100 100 100 100 100 100 100 100 100 100 100 100 100 95 100 100 100 99 83 61 49 81 100 100 100 100 100 100 100 100
100 100 100 100 100 100 100 100 100 100 100 100 100 100 100 100 100 100 100 100 100 100 100 100 100 100 100 100 100 100 100 100 100 100 100 100 100 100 100 100 100 100 100 54 65 96 98 72 73 100 100 100 100 100 100 100 100 100 100 100 100 100 92 95 100 100 100 78 63 49 75 100 100 100 100 100 100 100 100
100 100 100 100 100 100 100 100 100 100 100 100 100 100 100 100 100 100 100 100 100 100 100 100 100 100 100 100 100 100 100 100 100 100 100 100 100 100 100 100 100 85 99 65 73 100 82 63 62 85 100 100 100 100 100 100 100 100 100 100 100 100 93 100 100 100 100 82 63 48 65 100 100 100 100 100 100 100 100
100 100 100 100 100 100 100 100 100 100 100 100 100 100 100 100 100 100 100 100 100 100 100 100 100 100 100 100 100 100 100 100 100 100 100 100 100 100 100 100 79 69 100 79 66 100 72 72 78 99 85 100 100 100 100 100 100 100 100 100 100 100 92 100 100 100 100 75 63 47 65 100 100 100 100 100 100 100 100
100 100 100 100 100 100 100 100 100 100 100 100 100 100 100 100 100 100 100 100 100 100 100 100 100 100 100 100 100 100 100 100 100 100 100 100 100 100 100 100 49 59 93 100 51 100 100 82 100 81 100 100 100 100 100 100 100 100 100 100 100 100 93 88 100 99 100 78 61 49 71 100 100 100 100 100 100 100 100
100 100 100 100 100 100 100 100 100 100 100 100 100 100 100 100 100 100 100 100 100 100 100 100 100 100 100 100 100 100 100 100 100 100 100 100 100 100 85 99 60 40 75 100 62 67 100 86 100 100 100 100 100 100 100 100 100 100 100 100 100 100 94 83 100 100 100 100 63 51 67 100 100 100 100 100 100 100 100
100 100 100 100 100 100 100 100 100 100 100 100 100 100 100 100 100 100 100 100 100 100 100 100 100 100 100 100 100 100 100 100 100 100 100 100 100 62 56 70 93 46 80 100 100 52 66 77 84 100 100 100 100 100 100 100 100 100 100 100 100 100 95 82 100 100 100 82 63 51 60 80 100 100 100 99 100 100 100
100 100 100 100 100 100 100 100 100 100 100 100 100 100 100 100 100 100 100 100 100 100 100 100 100 100 100 100 100 100 100 100 100 100 100 100 99 99 91 60 100 57 67 61 100 66 53 100 100 100 100 100 100 100 100 100 100 100 100 100 100 100 97 85 95 99 100 85 59 53 55 80 100 100 100 99 100 100 100
100 100 100 100 100 100 100 100 100 100 100 100 100 100 100 100 100 100 100 100 100 100 100 100 100 100 100 100 100 100 100 100 100 100 100 78 78 64 100 85 66 96 52 65 100 60 67 100 63 61 60 46 100 100 100 100 100 100 100 100 100 100 100 96 90 94 100 100 87 64 54 100 100 100 100 99 100 100 100
100 100 100 100 100 100 100 100 100 100 100 100 100 100 100 100 100 100 100 100 100 100 100 100 100 100 100 100 100 100 100 100 100 100 100 100 100 100 67 57 58 77 54 58 80 71 100 100 52 40 99 53 99 100 100 100 100 100 100 100 100 100 100 100 100 100 100 100 100 100 68 100 100 100 100 99 100 100 100
100 100 100 100 100 100 100 100 100 100 100 100 100 100 100 100 100 100 100 100 100 100 100 100 100 100 100 100 100 100 100 100 100 100 100 100 100 100 100 90 72 67 44 75 100 100 100 100 100 47 33 38 96 100 100 100 100 100 100 100 100 100 100 100 100 100 100 100 100 100 100 100 100 100 100 99 100 100 100
100 100 100 100 100 100 100 100 100 100 100 100 100 100 100 100 100 100 100 100 100 100 100 100 100 100 100 100 100 100 100 100 100 100 100 76 100 100 100 100 100 100 72 100 100 100 100 100 64 56 41 34 99 100 100 100 100 100 100 100 100 100 100 100 100 100 100 100 100 100 100 100 100 100 100 99 100 100 100
100 100 100 100 100 100 100 100 100 100 100 100 100 100 100 100 100 100 100 100 100 100 100 100 100 100 100 100 100 100 100 100 100 99 49 100 100 100 100 100 100 100 100 100 100 100 56 100 50 56 78 80 100 100 100 100 100 100 100 100 100 100 100 100 100 100 100 100 100 100 100 100 100 100 100 99 100 100 100
100 100 100 100 100 100 100 100 100 100 100 100 100 100 100 100 100 100 100 100 100 100 100 100 100 100 100 100 100 100 100 100 100 99 100 100 89 74 92 100 100 100 100 100 100 93 78 63 69 71 72 97 100 100 100 100 100 100 100 100 100 100 100 100 100 100 100 100 100 100 100 100 100 100 100 99 100 100 100
100 100 100 100 100 100 100 100 100 100 100 100 100 100 100 100 100 100 100 100 100 100 100 100 100 100 100 100 100 100 100 100 100 56 52 63 23 25 37 81 100 100 100 100 100 85 90 100 48 60 96 100 100 100 100 100 100 100 100 100 100 100 100 100 100 100 100 100 100 100 100 100 100 100 100 99 100 100 100
100 100 100 100 100 100 100 100 100 100 100 100 100 100 100 100 100 100 100 100 100 100 100 100 100 100 100 100 100 100 100 100 90 22 30 94 90 16 18 39 99 100 100 100 100 90 100 100 89 52 82 100 93 99 100 100 100 100 100 100 100 100 100 100 100 100 100 100 100 100 100 100 100 100 100 99 100 100 100
100 100 100 100 100 100 100 100 100 100 100 100 100 100 100 100 100 100 100 100 100 100 100 100 100 100 100 100 100 100 100 30 22 23 96 93 27 25 18 17 31 100 100 100 100 87 100 100 100 74 54 83 91 100 99 100 100 100 100 100 100 100 100 100 100 100 98 98 100 100 100 100 100 100 100 99 100 100 100
100 100 100 100 100 100 100 100 100 100 100 100 100 100 100 100 100 100 100 100 100 100 100 100 100 100 100 100 100 100 67 20 20 20 15 25 93 70 24 21 16 28 68 100 100 100 100 100 100 90 43 45 62 81 100 100 100 100 100 100 100 100 100 100 100 100 82 100 100 100 100 100 100 100 100 99 100 100 100
100 100 100 100 100 100 100 100 100 100 100 100 100 100 100 100 100 100 100 100 100 100 100 100 100 100 100 100 100 100 29 22 22 16 18 25 27 97 84 22 14 13 23 100 100 100 100 100 100 76 31 49 32 69 100 100 100 100 100 100 100 100 100 100 100 100 93 100 100 100 100 100 100 100 100 98 100 100 100
100 100 100 100 100 100 100 100 100 100 100 100 100 100 100 100 100 100 100 100 100 100 100 100 100 100 100 100 100 100 28 18 36 80 66 57 28 25 97 23 17 10 24 100 100 100 100 100 100 61 35 37 29 54 100 99 100 100 100 100 100 99 98 97 97 100 46 100 100 100 100 100 100 100 100 98 100 100 100
100 100 100 100 100 100 100 100 100 100 100 100 100 100 100 100 100 100 100 100 100 100 100 100 100 100 100 100 100 100 29 77 28 20 33 23 16 19 27 28 18 14 78 100 100 100 100 100 82 40 41 38 40 55 100 99 100 100 100 100 99 96 62 54 58 96 21 100 100 100 100 100 100 100 100 98 100 100 100
100 100 100 100 100 100 100 100 100 100 100 100 100 100 100 100 100 100 100 100 100 100 100 100 100 100 100 100 57 36 83 22 16 24 80 16 19 26 33 38 27 26 100 100 100 100 100 100 69 46 40 48 54 49 100 99 100 99 100 98 95 56 36 29 29 51 18 61 100 100 100 100 100 100 100 98 100 100 100
100 100 100 100 100 100 100 100 100 100 100 100 100 100 100 100 100 100 100 100 100 100 100 100 100 100 100 76 38 46 13 23 47 24 15 15 20 26 36 26 39 96 100 100 100 100 100 100 92 60 38 37 49 41 57 93 100 86 98 96 78 43 33 28 29 41 17 52 100 100 100 100 100 100 100 98 100 100 100
100 100 100 100 100 100 100 100 100 100 100 100 100 100 100 100 100 100 100 100 100 100 99 99 100 100 62 57 25 27 18 11 13 6 14 20 20 24 26 30 45 100 100 100 100 100 100 100 100 100 52 38 43 46 43 35 74 67 60 63 55 37 32 29 35 68 22 60 100 100 100 100 100 100 100 97 100 100 100
100 100 100 100 100 100 100 100 100 100 100 100 100 100 100 100 100 100 100 55 48 42 27 25 52 72 58 38 67 100 69 20 8 10 15 13 16 26 42 100 55 100 100 100 100 100 100 100 100 100 94 55 57 52 45 29 27 27 33 35 40 54 40 39 59 92 34 98 100 100 83 100 100 100 100 97 100 100 100
100 100 100 100 100 100 100 100 100 100 100 100 100 100 100 100 100 100 100 100 88 35 40 45 46 67 51 53 100 100 48 11 19 28 24 59 78 71 100 100 87 100 100 100 100 100 100 100 100 100 100 93 85 57 37 29 25 26 27 25 34 79 66 58 72 48 48 100 100 100 79 100 100 100 100 97 100 100 100
100 100 100 100 100 100 100 100 100 100 100 100 100 100 100 100 100 100 100 100 100 71 48 100 65 27 60 57 53 100 7 7 11 13 19 88 100 100 100 100 78 100 100 100 100 100 100 100 100 100 100 100 100 88 35 27 28 27 28 29 57 94 63 60 66 29 64 100 100 97 94 100 100 100 100 96 100 100 100
100 100 100 100 100 100 100 100 100 100 100 100 100 100 100 100 100 100 100 100 100 100 95 78 63 27 100 100 100 26 20 10 11 19 19 26 100 100 100 100 100 100 100 100 100 100 100 100 100 100 100 100 100 100 100 76 37 29 34 44 68 71 56 44 35 29 87 100 97 77 94 100 100 100 100 97 100 100 100
100 100 100 100 100 100 100 100 100 100 100 100 100 100 100 100 100 100 100 100 100 100 100 100 100 100 100 100 100 15 7 9 18 26 40 30 54 63 100 100 100 100 100 100 100 100 100 100 100 100 100 100 100 100 100 71 79 27 38 46 49 55 58 36 30 30 80 100 86 48 76 98 100 100 100 96 100 100 100
100 100 100 100 100 100 100 100 100 100 100 100 100 100 100 100 100 100 100 100 100 100 100 98 66 79 64 57 100 25 6 14 38 22 26 29 44 56 100 100 100 100 100 100 100 100 80 100 100 100 100 100 100 100 100 100 100 86 73 60 41 38 46 44 26 29 69 100 61 49 62 94 97 87 100 95 100 100 100
100 100 100 100 100 100 100 100 100 100 100 100 100 100 100 100 100 100 100 100 100 100 97 19 50 100 97 100 84 95 27 36 40 20 14 44 61 100 100 100 100 100 100 100 100 100 100 100 100 100 100 100 100 100 100 100 100 100 100 83 61 44 38 24 21 28 61 96 41 51 58 74 99 81 100 95 100 100 100
100 100 100 100 100 100 100 100 100 100 100 100 100 100 100 100 100 100 100 100 100 100 98 23 27 100 100 20 16 49 100 94 20 13 26 100 100 100 100 100 100 100 100 100 58 79 100 100 100 100 100 100 100 100 100 100 100 100 100 86 74 61 35 20 21 25 53 80 39 60 56 72 100 81 92 94 100 100 100
100 100 100 100 100 100 100 100 100 100 100 100 100 100 100 100 100 100 100 100 100 100 100 94 100 100 100 41 48 100 49 22 16 33 100 100 100 100 100 100 100 100 100 100 71 87 100 100 100 100 100 100 100 100 100 100 100 100 100 100 96 57 26 17 18 25 54 58 42 68 51 56 100 100 92 93 100 100 100
100 100 100 100 100 100 100 100 100 100 100 100 100 100 100 100 100 100 100 100 100 100 100 100 100 100 56 10 11 22 18 24 11 63 100 100 100 100 100 100 100 100 100 100 100 100 100 100 100 100 100 100 100 100 100 100 100 100 100 100 100 56 32 21 18 27 39 35 27 47 44 46 93 100 94 93 100 100 100
100 100 100 100 100 100 100 100 100 100 100 100 100 100 100 100 100 100 100 100 100 100 100 100 100 65 20 20 11 10 18 17 27 24 100 91 79 81 98 100 100 100 100 100 100 100 100 100 100 100 100 100 100 100 100 100 100 100 100 100 100 96 67 36 23 26 33 27 23 31 37 41 67 100 93 93 100 100 100
100 100 100 100 100 100 100 100 100 100 100 100 100 100 100 100 100 100 100 100 100 100 100 100 100 23 11 18 19 15 20 26 27 54 93 83 75 78 83 93 98 92 86 87 98 100 100 100 100 100 100 100 100 100 100 100 100 100 100 100 100 100 82 65 34 27 26 29 27 35 42 48 67 100 97 93 97 100 100
100 100 100 100 100 100 100 100 100 100 100 100 100 100 100 100 100 100 100 100 100 100 100 100 99 42 10 15 38 25 22 23 25 48 95 82 80 78 60 52 56 60 59 72 93 100 85 100 100 100 100 100 99 100 100 100 100 100 100 100 100 100 100 99 95 31 23 32 34 55 45 51 56 100 99 93 95 100 100
100 100 100 100 100 100 100 100 100 100 100 100 100 100 100 100 100 100 100 100 100 100 100 100 100 94 20 21 38 27 20 17 21 37 61 67 77 53 30 31 40 44 51 71 94 100 100 100 100 100 100 47 100 100 100 100 100 100 100 100 100 100 100 100 100 44 25 25 35 53 49 45 44 100 100 93 94 100 100
100 100 100 100 100 100 100 100 100 100 100 100 100 100 100 100 100 100 100 100 100 100 100 100 100 100 27 23 28 28 19 16 22 39 42 39 34 26 24 29 49 55 68 89 99 100 100 100 100 100 47 37 61 100 100 100 100 100 100 100 100 100 100 100 100 100 84 27 21 25 50 51 52 100 100 93 99 100 100
100 100 100 100 100 100 100 100 100 100 100 100 100 100 100 100 100 100 100 100 100 100 100 100 100 100 18 19 27 23 16 15 22 40 60 39 21 18 21 32 63 94 100 100 100 100 100 100 100 100 42 39 69 100 100 100 100 100 100 100 100 100 100 100 100 100 100 59 21 20 28 64 64 100 100 93 96 97 100
100 100 100 100 100 100 100 100 100 100 100 100 100 100 100 100 100 100 100 100 100 100 100 100 98 85 25 26 37 21 15 15 20 27 39 33 24 16 14 20 50 99 100 95 100 100 100 100 100 100 100 44 44 98 100 100 100 100 100 100 100 100 100 100 100 100 100 100 41 34 65 81 79 100 100 93 94 95 100
100 100 100 100 100 100 100 100 100 100 100 100 100 100 100 100 100 100 100 100 100 100 100 97 17 20 27 77 68 26 22 21 22 27 28 26 26 15 10 15 40 81 91 95 100 100 100 100 100 100 100 51 53 100 100 100 100 100 100 100 100 100 100 100 100 100 100 100 100 100 99 69 56 100 100 93 98 95 100
100 100 100 100 100 100 100 100 100 100 100 100 100 100 100 100 100 100 100 100 100 100 100 97 14 14 21 62 88 79 84 47 28 40 54 48 27 13 10 17 51 80 88 94 100 100 100 100 100 100 100 100 100 100 100 100 100 100 100 100 100 100 100 100 100 100 100 100 100 100 28 27 38 100 100 93 96 95 100
100 100 100 100 100 100 100 100 100 100 100 100 100 100 100 100 100 100 100 100 100 100 100 100 94 15 22 60 90 100 100 68 46 62 100 100 31 15 14 26 99 87 89 96 100 100 100 100 100 100 100 100 100 100 100 100 100 100 100 100 100 100 100 100 100 100 100 100 100 100 68 40 78 100 77 58 94 95 100
100 100 100 100 100 100 100 100 100 100 100 100 100 100 100 100 100 100 100 100 100 100 100 100 46 27 53 76 98 100 97 84 76 83 97 99 30 18 21 55 100 98 97 99 100 100 100 100 100 100 100 100 100 100 100 100 100 100 100 100 100 100 100 100 90 98 100 100 100 100 100 98 58 100 97 89 98 99 100
100 100 100 100 100 100 100 100 100 100 100 100 100 100 100 100 100 100 100 100 100 100 100 98 50 83 100 98 97 100 100 100 100 100 100 100 45 29 43 85 100 100 100 100 100 100 100 100 100 100 100 100 100 100 100 100 100 100 100 100 100 100 100 76 28 46 68 100 100 100 100 100 99 100 100 99 100 100 100
100 100 100 100 100 100 100 100 100 100 100 100 100 100 100 100 100 100 100 100 100 100 100 100 100 100 100 100 100 100 100 100 100 95 100 95 85 83 97 100 94 100 100 100 100 100 100 100 100 100 100 100 100 100 100 100 100 100 100 100 100 100 100 56 96 97 34 98 100 100 100 100 100 100 100 100 100 100 100
100 100 100 100 100 100 100 100 100 100 100 100 100 100 100 100 100 100 100 100 100 100 99 100 100 100 100 100 100 100 100 100 100 100 81 62 77 98 100 99 100 100 100 100 100 100 100 100 100 100 100 100 100 100 100 100 100 100 100 100 100 100 100 81 100 100 95 98 99 100 100 100 100 100 100 100 100 100 100
100 100 100 100 100 100 100 100 100 100 100 100 100 100 100 100 100 100 100 100 100 100 100 100 100 100 100 99 100 100 100 100 100 100 43 27 45 99 100 100 100 100 100 100 100 100 100 100 100 100 100 100 100 100 100 100 100 100 100 100 100 100 100 100 100 100 100 82 98 100 100 100 100 100 100 100 100 100 100
100 100 100 100 100 100 100 100 100 100 100 100 100 100 100 100 100 100 100 100 100 100 100 100 100 100 100 100 93 84 87 99 100 99 35 26 43 100 100 100 100 100 100 100 100 100 100 100 100 100 100 100 100 100 100 100 100 100 100 100 100 100 100 100 100 100 99 98 100 100 100 100 100 100 100 100 100 100 100
100 100 100 100 100 100 100 100 100 100 100 100 100 100 100 100 100 100 100 100 100 100 100 100 100 100 100 100 76 58 71 97 100 81 51 47 74 100 100 100 100 100 100 100 100 100 100 100 100 100 100 100 100 100 100 100 100 100 100 100 100 100 100 100 100 100 98 99 100 100 100 100 100 100 100 100 100 100 100
100 100 100 100 100 100 100 100 100 100 100 100 100 100 100 100 100 100 100 100 100 100 100 100 100 100 100 92 61 53 75 100 100 93 98 100 100 94 100 100 100 100 100 100 100 100 100 100 100 100 100 100 100 100 100 100 100 100 100 100 100 100 100 100 100 100 98 100 100 100 100 100 100 100 100 100 100 100 100
100 100 100 100 100 100 100 100 100 100 100 100 100 100 100 100 100 100 100 100 99 100 100 100 100 100 100 71 64 59 89 99 80 92 91 81 100 100 100 100 100 100 100 100 100 100 100 100 100 100 100 100 100 100 100 100 100 100 100 100 100 100 100 100 100 100 100 100 100 100 100 100 100 100 100 100 100 100 100
100 100 100 100 100 100 100 100 100 100 100 100 100 100 100 100 100 100 100 100 100 100 100 100 100 100 100 80 47 100 90 80 60 37 41 93 100 100 100 100 100 100 100 100 100 100 100 100 100 100 100 100 100 100 100 100 100 100 100 100 100 100 100 100 100 100 100 100 100 100 100 100 100 100 100 100 100 100 100
100 100 100 100 100 100 100 100 100 100 100 100 100 100 100 100 100 100 100 98 69 100 100 100 100 100 100 100 100 100 100 89 51 46 80 100 100 100 100 100 100 100 100 100 100 100 100 100 100 100 100 100 100 100 100 100 100 100 100 100 100 100 100 100 100 100 100 100 100 100 100 100 100 100 100 100 100 100 100
100 100 100 100 100 100 100 100 100 100 100 100 100 100 100 100 100 100 100 97 100 43 100 100 79 100 100 100 100 100 100 100 96 97 100 100 100 100 100 100 100 100 100 100 100 100 100 100 100 100 100 100 100 100 100 100 100 100 100 100 100 100 100 100 100 100 100 100 100 100 100 100 100 100 100 100 100 100 100
100 100 100 100 100 100 100 100 100 100 100 100 100 100 100 100 100 100 100 85 100 100 94 100 100 100 100 100 100 100 100 100 71 100 100 100 100 100 100 100 100 100 100 100 100 100 100 100 100 100 100 100 100 100 100 100 100 100 100 100 100 100 100 100 100 100 100 100 100 100 100 100 100 100 100 100 100 100 100
100 100 100 100 100 100 100 100 100 100 100 100 100 100 100 100 100 100 100 100 100 100 99 15 12 24 28 100 100 100 100 97 36 100 100 100 100 100 100 100 100 100 100 100 100 100 100 100 100 100 100 100 100 100 100 100 100 100 100 100 100 100 100 100 100 100 100 100 100 100 100 100 100 100 100 100 100 100 100
100 100 100 100 100 100 100 100 100 100 100 100 100 100 100 100 100 100 100 100 100 99 26 17 67 34 26 100 100 100 100 100 28 100 100 100 100 100 100 100 100 100 100 100 100 100 100 100 100 100 100 100 100 100 100 100 100 100 100 100 100 100 100 100 100 100 100 100 100 100 100 100 100 100 100 100 100 100 100
100 100 100 100 100 100 100 100 100 100 100 100 100 100 100 100 100 99 100 100 63 26 25 77 91 100 100 100 100 100 100 95 53 100 100 100 100 100 100 100 100 100 100 100 100 100 100 100 100 100 100 100 100 100 100 100 100 100 100 100 100 100 100 100 100 100 100 100 100 100 100 100 100 100 100 100 100 100 100
100 100 100 100 100 100 100 100 100 100 100 100 100 100 100 100 100 54 100 40 51 31 19 14 39 100 100 100 100 100 95 25 100 100 100 100 100 100 100 100 100 100 100 100 100 100 100 100 100 100 100 100 100 100 100 100 100 100 100 100 100 100 100 100 100 100 100 100 100 100 100 100 100 100 100 100 100 100 100
100 100 100 100 100 100 100 100 100 100 100 100 100 100 100 100 98 46 44 25 57 100 54 28 100 98 100 100 100 97 52 30 100 100 100 100 100 100 100 100 100 100 100 100 100 100 100 100 100 100 99 99 100 100 100 100 100 100 100 100 100 100 100 100 100 100 100 100 100 100 100 100 100 100 100 100 100 100 100
100 100 100 100 100 100 100 100 100 100 100 100 100 100 100 100 29 51 46 48 100 100 100 100 100 100 100 100 100 97 95 100 100 100 100 100 100 100 100 100 100 100 100 100 100 100 100 100 100 98 99 100 100 100 100 100 100 100 100 100 100 100 100 100 100 100 100 100 100 100 100 100 100 100 99 100 100 100 100
100 100 100 100 100 100 100 100 100 100 100 100 100 100 100 89 25 66 62 96 100 100 100 100 100 100 100 100 97 97 100 100 100 100 100 100 100 100 100 100 100 100 100 100 100 100 100 100 98 98 98 100 100 100 100 100 100 100 100 100 100 100 100 100 100 100 100 100 100 100 100 100 100 100 99 98 100 100 100
100 100 100 100 100 100 100 100 100 100 100 100 100 100 100 29 21 83 65 100 100 100 100 100 100 100 100 86 73 95 99 100 100 100 100 100 100 100 100 100 100 100 100 100 100 100 88 96 84 97 94 100 100 100 100 100 100 100 100 100 100 100 100 100 100 100 100 100 100 100 100 100 99 98 99 97 100 100 100
100 100 100 100 100 100 100 100 100 100 100 100 100 100 100 36 22 57 100 100 100 100 100 100 100 100 100 93 94 97 99 100 100 100 100 100 100 100 100 100 100 100 100 100 100 100 75 80 85 76 100 100 100 100 100 100 100 100 100 100 100 100 100 100 100 100 100 100 100 100 100 100 98 99 99 97 98 98 100
100 100 100 100 100 100 100 100 100 100 100 100 100 100 45 26 38 100 100 100 100 100 100 100 100 100 100 100 97 97 100 100 100 100 100 100 100 100 100 100 100 100 100 100 100 89 93 96 97 99 100 100 100 100 100 100 100 100 100 100 100 100 100 100 100 100 100 100 100 100 100 100 98 99 99 96 97 98 100
100 100 100 100 100 100 100 100 100 100 100 100 99 97 54 41 34 100 100 100 100 100 100 100 100 100 100 99 53 92 100 100 100 100 100 100 100 100 100 100 100 100 100 100 100 96 95 95 100 87 86 98 100 100 100 100 100 100 100 100 100 100 100 100 100 100 100 100 100 100 100 98 99 98 100 95 96 97 100
100 100 100 100 100 100 100 100 100 100 100 100 98 100 38 23 39 100 100 100 100 100 100 100 100 100 100 67 40 96 100 100 100 100 100 100 100 100 100 100 100 100 100 100 96 95 95 100 84 85 83 100 100 100 100 100 100 100 100 100 100 100 100 100 100 100 100 100 100 100 98 98 100 100 96 95 96 100 100
100 100 100 100 100 100 100 100 100 100 100 100 100 100 43 22 85 100 100 100 100 100 100 100 100 100 99 90 87 100 100 100 100 100 100 100 100 100 100 100 100 100 97 95 95 98 100 100 100 92 100 100 100 100 100 100 100 100 100 100 100 100 87 83 99 100 100 100 100 100 98 98 100 100 95 95 96 100 100
100 100 100 100 100 100 100 100 100 100 98 100 98 28 21 51 100 100 100 100 100 100 100 100 100 100 99 95 99 100 100 100 100 100 100 100 100 100 100 100 100 95 94 94 89 83 100 100 100 100 100 100 100 100 100 100 100 100 100 100 100 79 72 82 100 100 100 100 100 100 100 100 100 100 95 96 97 100 100
100 100 100 100 100 100 100 100 100 100 71 100 98 34 53 100 72 100 100 100 100 100 100 100 100 100 97 99 100 100 100 100 100 100 100 100 100 100 100 100 96 95 95 82 78 100 100 100 100 100 100 100 100 100 100 100 100 100 100 100 82 74 78 90 100 100 100 100 98 100 100 100 100 97 99 95 96 100 100
100 100 100 100 100 100 100 100 100 100 100 100 87 55 59 42 66 86 100 100 100 100 100 100 100 100 98 100 100 100 100 100 100 100 100 100 100 100 100 96 96 100 86 71 100 100 100 100 100 100 100 100 100 100 100 100 100 100 100 82 77 78 84 100 100 100 100 97 98 100 100 100 100 100 100 96 97 100 100
100 100 100 100 100 100 100 100 100 100 100 100 100 67 25 17 45 100 100 100 100 100 100 100 100 99 100 100 100 100 100 100 100 100 100 100 100 92 97 100 100 85 88 100 100 100 100 100 100 100 100 100 100 100 100 100 100 100 93 100 100 100 100 100 100 98 98 100 100 100 100 100 100 100 100 96 97 100 100
100 100 100 100 100 100 100 100 100 53 59 59 94 65 28 27 97 100 100 100 100 100 100 100 100 99 100 100 100 100 100 100 100 100 100 80 83 97 100 100 96 90 100 100 100 100 100 100 100 100 100 100 100 100 100 100 89 90 100 100 100 100 100 100 100 97 100 100 100 100 100 100 100 100 100 100 100 100 100
100 100 100 100 100 100 100 100 53 100 40 73 94 28 23 45 100 100 100 100 100 100 100 100 100 100 100 100 100 100 100 100 100 100 82 96 97 98 100 81 66 83 100 100 100 100 100 100 100 100 100 100 100 100 100 100 100 100 100 100 100 100 99 99 100 100 100 100 100 100 100 100 100 100 100 100 100 100 100
100 100 100 100 100 100 100 96 51 49 42 31 36 39 99 100 100 100 100 100 100 100 100 100 100 100 100 100 100 100 100 100 100 100 96 96 100 100 100 100 100 100 100 100 100 100 100 100 100 100 100 100 100 100 100 100 100 100 100 100 100 100 100 100 100 100 100 100 100 100 100 100 100 100 100 100 100 100 100
100 100 100 100 100 100 100 100 53 43 44 33 37 100 100 100 100 100 100 100 100 100 100 100 100 100 100 100 100 100 100 100 100 100 96 100 100 100 100 100 100 100 100 100 100 100 100 100 100 100 100 100 100 100 100 100 100 97 97 97 96 96 97 96 97 97 97 98 100 100 100 100 100 100 100 100 100 100 100
100 100 100 100 100 100 100 100 55 44 56 62 80 100 100 100 100 100 100 100 100 100 100 100 100 100 100 100 100 100 100 100 100 100 100 100 100 100 100 100 100 100 100 100 100 100 100 100 100 100 100 100 100 100 100 100 100 100 100 100 100 100 100 100 100 100 100 100 100 100 100 100 100 100 100 100 100 100 100
100 100 100 100 100 100 100 98 55 45 57 63 80 100 100 100 100 100 100 100 100 100 100 100 100 100 100 100 100 100 100 100 100 100 100 100 100 100 100 100 100 100 100 100 100 100 100 100 100 100 100 100 100 100 100 100 100 99 99 99 99 99 100 99 100 100 100 100 100 100 100 100 100 100 100 100 100 100 100
