---
Thermal Updraft Velocity (W*) [cm/sec] Valid 1300 NZST ~Z75~(0100Z)~Z~ SUN 4 Jan 2026 ~Z75~[25hrFcst@2100z]~Z~
Model= RASP Region= NZ Grid= d1 Reskm= 6.0 Indexs= 1 79 1 99 Proj= lambert 6000 6000 -35.0000 -42.0000 176.0000 -38.5000 176.0000
Day= 2026 1 4 SUN ValidLST= 1300 NZST ValidZ= 100 Fcst= 25.0 Init= 22 Param= wstar Unit= cm/sec Mult= 1 Min= 0 Max= 294
50 51 38 0 94 258 207 195 224 106 89 249 200 194 73 75 76 71 65 62 60 48 10 236 256 261 259 246 246 262 259 270 284 294 279 264 263 254 242 238 85 64 65 67 68 69 70 70 71 72 73 74 77 79 80 82 84 86 88 89 91 93 94 95 96 99 101 103 105 106 108 109 110 111 111 111 108 107 108
53 56 50 46 105 90 88 244 109 231 84 84 207 195 204 74 69 66 63 63 62 60 42 0 223 239 240 243 244 248 255 276 283 278 278 279 265 258 240 242 81 65 66 68 69 69 70 71 71 72 73 75 77 80 81 83 86 88 90 91 93 94 96 97 99 100 103 106 107 108 109 109 110 110 110 110 108 107 107
55 60 62 62 65 64 63 105 224 96 77 55 53 207 71 71 68 65 62 62 62 59 47 0 220 239 240 241 235 237 245 261 271 262 266 284 279 261 247 244 245 63 67 67 68 69 70 71 72 73 74 76 78 80 82 85 87 89 91 93 95 96 97 99 100 102 106 107 107 108 109 109 110 110 110 110 107 106 107
55 59 61 61 59 60 60 99 83 66 53 32 37 52 64 67 66 64 61 61 61 60 52 0 0 238 229 240 236 233 240 253 264 270 284 290 280 264 252 247 244 79 79 67 69 69 70 71 72 73 74 76 79 81 84 86 88 90 92 95 97 98 99 100 102 104 106 107 107 108 109 109 109 109 109 109 107 106 106
55 58 58 57 50 53 59 64 61 63 56 43 49 56 63 64 64 62 60 60 60 59 54 39 18 191 204 208 243 236 232 239 248 260 267 274 270 260 253 231 245 231 82 69 69 71 72 73 74 75 76 79 81 83 85 87 90 92 95 97 99 100 101 103 104 107 107 107 107 108 109 109 109 109 109 107 106 105 106
54 55 54 51 47 45 50 49 73 223 63 48 52 57 60 61 61 60 58 58 58 58 55 46 39 42 199 207 228 238 234 243 237 251 261 267 266 259 251 247 243 235 231 87 70 73 74 75 76 76 78 80 82 84 86 89 93 95 98 100 102 103 104 105 107 107 107 107 108 108 109 109 109 109 109 105 105 104 105
52 53 52 47 42 41 38 42 80 224 63 50 52 56 58 58 58 57 56 56 57 57 56 51 47 46 200 218 208 216 175 220 228 245 255 263 264 258 251 249 246 239 233 87 72 74 75 75 76 77 78 80 83 85 89 92 95 97 100 102 104 105 106 107 107 107 107 108 108 108 108 109 108 109 107 104 104 104 104
52 53 52 49 51 48 44 42 45 51 53 47 52 55 56 56 56 55 53 55 56 56 55 51 48 56 50 193 208 161 138 175 218 239 250 242 233 221 256 252 245 238 226 89 74 74 75 76 77 77 79 81 84 87 90 93 96 99 102 104 105 106 107 107 107 108 108 108 108 109 108 108 108 108 105 103 103 103 104
53 54 57 59 52 49 47 47 48 50 51 51 52 54 54 54 53 52 52 54 54 55 55 54 54 56 51 189 218 231 182 191 229 235 247 255 260 224 227 252 227 239 227 225 94 74 75 76 77 78 79 82 85 88 91 94 97 101 103 104 106 106 107 107 108 108 108 108 109 109 109 108 108 106 104 102 102 102 103
55 58 60 58 52 50 49 49 50 51 51 52 54 54 54 54 52 50 50 52 54 56 58 61 60 57 55 50 195 235 233 149 204 229 247 254 258 255 250 243 243 242 239 237 237 92 75 76 77 78 80 83 86 89 91 95 99 101 103 104 106 107 107 108 108 108 108 108 108 108 108 108 108 105 104 102 102 102 102
58 60 61 58 53 52 51 51 51 51 52 53 54 54 54 54 52 49 50 53 56 61 66 61 60 57 56 55 196 237 195 147 191 228 238 254 256 253 242 240 242 245 247 244 233 94 92 76 78 79 81 84 87 89 92 95 100 101 103 104 106 107 107 108 108 108 108 108 108 108 108 108 107 105 104 102 101 101 102
60 61 62 58 55 55 53 52 52 52 53 54 55 55 55 54 52 50 51 56 62 64 61 59 58 57 56 58 197 238 248 159 244 236 248 243 256 252 246 238 241 236 257 252 242 223 100 94 79 80 82 85 87 89 92 96 99 101 103 104 106 107 107 108 108 108 108 108 108 107 107 108 105 104 104 101 101 101 101
61 62 62 59 56 56 55 54 54 54 55 55 55 55 54 54 53 53 56 57 58 59 57 56 58 57 56 58 57 243 253 255 252 246 249 252 259 252 250 235 242 243 232 252 237 240 232 98 93 81 83 85 87 89 92 97 99 101 103 104 106 107 107 107 108 108 108 108 107 107 107 106 104 104 103 101 100 100 101
61 62 62 60 57 56 56 56 56 56 56 56 56 56 57 58 60 60 55 52 52 53 54 54 55 55 55 58 64 245 259 259 258 256 252 253 247 260 248 251 243 239 232 255 251 236 240 240 99 81 83 86 88 90 93 97 99 100 102 104 106 106 106 107 107 106 105 105 105 107 107 105 103 104 103 100 100 100 100
62 63 61 60 57 57 57 57 58 58 59 59 59 60 60 62 60 56 51 47 48 50 51 52 53 54 53 54 69 250 253 262 265 264 259 256 244 250 251 252 246 243 247 260 234 244 247 245 97 94 83 87 89 90 93 97 99 101 102 104 105 106 106 107 107 106 105 106 106 106 106 104 103 103 102 99 99 99 100
63 62 61 60 58 58 58 60 60 60 61 62 62 61 61 59 57 51 48 47 48 49 50 51 52 52 52 52 59 258 265 266 271 270 266 260 254 241 254 267 258 247 254 233 208 212 259 253 252 94 83 88 90 91 93 98 99 101 103 104 105 106 107 105 105 104 104 103 104 106 106 103 102 103 101 98 98 98 99
63 62 61 61 60 60 61 61 62 63 64 63 63 62 58 56 52 49 48 48 48 49 49 50 50 51 50 50 58 258 262 270 276 275 273 263 257 256 253 260 259 243 241 212 176 196 195 269 260 93 86 89 90 90 93 98 99 102 103 104 106 105 105 105 105 104 104 103 103 105 106 103 102 102 100 97 97 98 99
63 62 62 62 62 62 62 63 65 65 65 65 65 62 58 54 51 49 49 48 49 49 49 50 51 51 50 52 182 259 264 268 274 274 269 268 257 251 252 220 223 225 238 211 200 180 200 272 261 255 103 90 90 90 93 96 98 100 102 104 104 104 105 105 105 104 104 104 103 103 104 103 102 102 100 96 96 97 98
63 63 63 63 64 64 65 66 66 66 66 67 64 61 57 53 51 50 49 49 49 49 50 52 53 54 54 56 244 261 262 267 270 267 262 246 258 256 250 238 210 206 187 219 218 231 207 275 263 262 261 103 90 90 93 96 98 100 102 103 104 104 105 104 105 104 105 105 103 102 104 104 102 102 99 96 96 97 97
64 64 64 65 66 66 67 67 67 67 67 66 64 61 57 53 51 51 50 49 50 50 52 54 56 58 58 70 254 265 259 268 267 262 258 255 252 255 236 235 235 238 149 148 198 265 275 253 274 266 263 262 101 91 93 96 99 101 102 103 104 105 105 105 105 105 105 105 103 101 104 104 103 101 99 96 96 96 97
65 64 65 67 68 67 68 68 68 69 68 66 64 59 55 52 51 51 49 49 50 51 53 56 58 60 74 180 265 264 257 258 263 257 256 257 253 250 233 234 241 230 239 194 224 266 276 251 255 278 266 263 101 90 93 96 99 101 102 103 104 105 106 105 106 105 104 105 102 104 104 103 103 101 98 96 95 96 96
65 65 65 68 69 69 69 69 69 68 66 65 61 58 55 52 52 49 49 50 51 52 55 58 60 68 189 201 269 271 258 255 253 252 254 254 238 241 236 237 223 210 234 215 231 265 261 230 241 269 276 265 102 90 93 96 99 102 103 104 105 106 106 106 106 105 105 104 102 103 103 103 102 100 98 96 95 95 95
66 66 67 68 70 69 70 69 69 68 66 63 59 57 54 53 50 49 49 51 52 51 53 57 70 204 195 239 266 264 256 253 251 249 250 250 243 238 239 224 207 200 233 226 222 267 254 255 256 286 265 258 103 99 93 97 100 102 103 104 105 106 106 106 106 105 105 104 101 102 102 102 101 100 98 95 95 95 95
67 67 68 69 71 70 70 70 69 66 64 61 59 56 55 53 51 50 48 49 50 56 59 68 192 189 202 244 260 255 259 247 244 244 244 242 238 236 239 227 153 161 214 235 197 267 278 259 280 261 270 247 246 106 92 98 101 103 104 105 106 106 106 106 105 104 104 103 100 101 101 102 99 99 98 95 95 94 94
67 68 70 71 72 71 71 69 67 65 62 60 58 57 56 54 52 50 51 55 61 175 179 180 194 197 212 238 252 243 242 239 238 239 240 238 240 249 230 233 192 142 195 232 212 221 289 260 280 279 270 255 241 110 95 100 103 103 104 105 106 106 106 106 105 104 103 102 100 100 100 101 98 98 98 95 94 94 93
68 69 71 72 72 72 70 68 66 63 62 60 58 58 57 55 55 59 186 183 185 191 190 189 197 209 225 236 237 236 235 235 234 235 235 235 239 202 187 207 204 149 206 236 247 209 245 254 261 282 274 265 247 241 109 103 103 104 104 105 106 106 106 106 105 104 103 101 99 97 98 100 97 97 97 94 94 93 93
69 69 71 72 73 71 69 68 64 62 61 59 59 59 58 57 63 192 188 187 189 198 196 195 204 214 228 231 232 232 232 232 232 233 233 235 248 246 238 196 248 177 209 210 247 233 212 277 280 281 282 271 256 245 115 104 104 104 105 106 106 106 106 106 105 104 103 101 98 96 96 99 96 97 97 94 93 93 92
69 70 71 73 73 70 69 65 63 61 59 58 57 57 59 64 185 183 192 189 192 198 199 208 213 220 224 229 222 229 232 233 233 234 236 229 230 210 252 233 219 229 179 206 264 209 230 274 233 228 228 201 269 255 116 115 104 104 105 106 106 106 106 105 105 104 102 101 99 96 96 98 96 96 97 94 93 92 92
70 71 71 72 71 69 66 65 64 62 60 61 62 65 65 197 189 194 194 195 196 199 207 217 218 218 221 222 221 223 228 234 236 238 251 250 242 257 225 205 210 223 182 195 215 220 262 269 204 180 262 226 264 103 108 104 105 105 106 106 106 106 106 105 104 103 101 99 98 98 96 97 96 96 96 93 93 92 92
71 71 71 71 69 67 67 66 65 66 67 65 197 195 199 184 196 196 196 197 199 205 212 218 217 216 217 218 218 219 224 236 240 244 237 242 242 243 249 254 222 192 181 217 228 245 259 263 260 186 152 177 272 94 99 102 105 106 106 106 106 106 105 104 103 101 100 98 97 96 97 96 96 96 96 93 92 92 92
71 71 72 70 68 68 68 69 70 67 194 188 192 185 187 200 202 203 201 203 206 209 216 216 215 213 213 215 216 218 225 238 245 250 274 240 264 248 254 254 248 249 218 249 253 244 252 258 211 197 166 124 83 94 97 101 103 106 106 106 106 106 105 104 102 100 99 97 97 96 96 96 96 96 96 93 92 92 92
72 71 70 69 71 72 75 76 69 188 190 193 197 196 194 198 209 207 204 206 209 214 215 215 213 211 211 213 214 218 233 230 247 263 199 238 244 240 252 253 246 243 244 246 248 235 196 252 188 196 220 238 87 93 97 101 102 104 106 106 106 105 105 103 102 100 99 97 97 96 96 95 96 95 96 92 92 92 92
72 70 70 70 73 76 80 73 173 185 185 186 191 198 196 203 216 213 213 214 214 214 214 214 213 227 210 211 214 220 225 230 236 246 237 242 234 217 234 242 258 242 237 235 246 243 240 197 219 219 212 229 89 92 95 100 101 102 106 106 106 105 104 103 101 100 99 98 97 97 96 95 95 94 95 92 92 91 92
71 70 69 70 75 79 83 73 174 179 171 170 180 195 197 205 208 216 216 216 215 214 214 213 212 228 234 221 224 228 226 247 254 199 203 185 117 121 152 212 231 241 231 231 232 227 238 235 174 192 223 220 104 90 93 99 100 101 105 106 106 105 104 103 101 99 98 97 97 97 96 95 95 94 94 92 92 91 92
70 69 68 70 76 79 80 165 172 174 171 187 176 195 198 207 207 217 223 223 221 218 220 219 214 212 216 223 225 222 227 250 211 115 122 207 182 74 99 153 220 218 206 224 215 218 237 244 236 189 229 223 233 108 105 98 100 101 104 106 106 105 104 102 101 100 99 98 98 97 96 95 95 93 94 92 91 91 92
68 67 67 68 72 77 76 54 173 208 232 240 180 195 197 205 206 219 224 223 222 222 221 218 218 213 216 225 219 222 227 140 100 98 199 200 112 103 79 97 147 237 228 227 219 214 233 239 236 215 189 202 209 217 113 99 99 101 105 105 105 104 103 102 100 107 110 102 98 98 96 95 95 93 93 92 91 91 92
64 66 67 67 68 69 65 46 200 209 227 220 189 192 202 215 218 224 224 223 222 222 220 218 218 220 222 224 220 231 198 94 76 80 55 87 196 181 101 93 89 138 213 239 225 229 233 240 238 226 167 153 180 203 118 110 99 101 104 105 105 104 102 101 100 110 208 109 98 98 96 95 95 93 93 91 91 91 92
61 64 64 64 64 63 56 31 0 38 203 213 196 195 203 206 223 225 224 222 222 221 219 218 234 219 225 234 228 230 117 102 102 76 79 94 106 218 196 99 73 76 124 239 229 228 231 240 241 195 149 156 134 195 222 223 113 111 104 104 103 103 102 101 100 104 227 226 99 97 96 95 95 93 93 91 91 90 91
59 61 63 62 60 56 45 20 0 6 41 214 189 200 204 208 224 226 225 223 222 223 223 220 221 229 231 233 228 233 113 87 109 180 135 127 95 95 225 111 83 62 129 237 229 225 231 240 240 199 160 158 127 169 218 224 226 227 116 113 103 103 108 106 106 105 165 95 97 97 96 95 94 92 93 91 90 90 91
58 60 61 60 55 48 37 7 0 12 19 20 64 209 209 210 227 228 225 225 226 227 225 220 227 229 230 225 228 234 120 148 76 71 92 73 64 75 114 132 91 93 219 236 230 229 230 236 220 167 169 155 161 190 220 218 220 231 231 227 231 228 193 180 179 214 94 94 96 97 96 95 94 92 93 90 90 90 91
58 60 60 58 52 43 31 12 11 18 23 27 30 18 0 0 0 230 229 230 230 230 229 222 228 227 230 220 170 128 192 56 54 69 130 60 68 90 104 156 126 132 239 235 229 227 223 229 200 171 161 172 183 181 221 226 223 230 231 224 221 177 147 137 138 167 102 93 95 96 96 95 94 92 93 90 90 90 91
60 60 60 56 47 40 30 20 19 24 27 32 35 36 32 12 0 222 229 232 232 231 231 232 229 229 233 211 129 149 33 62 100 69 58 57 57 86 98 126 153 247 241 233 212 224 218 218 211 179 160 158 178 165 185 221 222 211 227 227 207 162 133 112 113 147 89 96 93 96 96 95 94 92 93 90 89 89 90
63 62 61 54 45 38 31 26 26 30 32 34 36 37 38 36 25 0 234 236 238 239 232 231 238 238 189 181 102 101 61 38 49 43 58 68 43 33 41 133 170 248 214 227 224 206 215 218 216 209 171 161 172 177 171 156 220 195 204 193 179 159 125 110 123 184 111 94 91 94 96 94 94 91 93 89 89 89 90
67 64 61 55 45 39 34 29 32 34 35 36 36 37 38 39 38 32 0 178 164 149 111 108 172 208 180 139 195 219 191 92 42 53 63 55 67 53 66 93 195 250 240 228 223 203 203 223 217 212 207 178 185 178 152 125 127 127 130 153 150 165 141 131 184 217 139 92 91 93 95 94 94 91 93 89 88 88 89
69 67 64 57 48 41 33 33 36 37 37 37 37 37 37 37 39 37 34 169 219 129 141 155 156 189 163 163 232 229 155 42 75 100 102 60 62 74 79 91 247 254 246 233 224 203 222 227 225 217 220 217 210 177 146 144 115 111 110 117 136 189 186 173 197 169 166 85 90 93 93 93 93 91 93 89 88 88 89
70 68 65 60 50 38 36 37 38 40 39 40 38 37 38 38 39 39 41 185 217 194 158 231 192 109 183 179 172 218 0 25 46 57 85 207 59 70 83 91 238 254 249 234 202 203 231 236 235 225 221 221 220 204 134 120 120 120 111 114 169 207 186 187 195 133 184 90 80 82 75 92 93 91 93 88 88 88 89
69 66 63 58 48 41 41 42 41 42 42 42 42 38 40 41 41 41 42 179 212 224 221 207 188 112 220 223 220 109 56 36 45 79 90 121 233 237 239 240 239 254 248 238 231 232 235 244 238 230 226 226 219 210 199 176 141 127 126 144 198 206 177 166 143 126 210 226 225 208 88 75 92 93 92 89 88 88 89
67 64 61 57 50 47 46 44 45 43 44 44 43 42 42 43 42 42 41 59 181 209 217 222 225 223 231 221 216 52 23 33 86 93 140 135 184 199 241 239 236 225 246 243 232 235 241 246 237 234 227 227 220 214 202 176 185 127 138 157 175 185 179 143 132 129 207 233 218 168 203 85 93 94 92 89 88 88 88
66 63 60 57 53 51 50 49 47 45 45 45 44 45 44 44 43 44 38 59 188 209 227 217 186 204 184 166 220 103 16 63 120 68 110 130 161 180 240 236 232 248 246 246 245 242 223 240 236 235 226 227 226 224 210 196 196 184 186 175 155 153 172 173 120 125 197 234 189 159 175 228 78 95 93 89 88 88 88
65 62 59 56 55 53 53 51 48 48 48 48 47 46 46 45 45 36 36 38 180 196 219 85 152 211 215 222 198 207 107 131 124 66 61 156 187 232 239 228 252 248 232 249 223 243 244 236 232 233 228 226 226 233 223 206 197 199 212 208 164 159 154 128 99 122 188 221 152 153 164 193 91 76 94 89 89 88 89
62 59 56 54 54 53 53 51 51 48 48 50 49 48 49 45 39 37 40 43 175 190 214 99 101 202 213 82 44 116 216 209 90 56 122 227 230 238 228 255 253 250 233 224 198 226 245 236 234 241 234 233 233 234 231 219 212 212 220 212 202 187 144 99 87 117 175 213 141 168 162 195 215 78 93 89 89 89 89
59 55 53 52 53 53 53 52 50 50 50 51 51 50 45 40 40 43 46 61 175 181 210 201 206 211 216 139 106 182 138 78 76 141 246 222 256 258 257 257 226 252 225 250 219 236 245 238 236 240 242 237 234 236 237 221 216 217 219 220 219 185 108 85 80 106 173 176 143 172 157 174 217 78 95 90 90 89 89
56 52 50 49 52 55 54 52 51 51 52 53 50 45 42 43 45 47 47 50 57 170 185 192 201 207 167 84 28 49 52 74 63 209 250 253 258 262 257 253 227 226 225 251 250 250 247 243 237 241 246 241 235 236 240 224 217 216 222 222 223 185 118 100 90 103 154 128 104 140 134 142 206 79 95 91 91 90 89
54 51 49 49 54 55 54 54 54 54 53 49 45 44 45 46 48 49 49 49 61 161 171 183 195 178 56 54 21 20 52 51 90 113 254 248 239 241 230 254 252 225 254 252 234 100 248 243 238 211 243 244 241 236 240 228 221 223 225 226 223 220 186 120 104 101 124 104 95 109 124 136 176 83 95 91 91 90 89
53 52 51 52 57 57 57 56 55 52 48 47 46 47 47 48 50 50 50 50 65 158 172 190 216 93 27 50 57 24 50 68 110 175 223 220 210 216 245 249 251 246 243 243 253 107 256 251 247 243 241 250 240 238 238 229 224 224 226 225 226 223 208 178 118 106 100 107 103 118 129 143 171 85 97 93 93 91 90
55 53 53 54 59 58 57 55 52 49 48 48 48 48 49 50 51 52 52 53 70 161 176 201 210 149 31 27 99 63 53 54 101 164 91 243 218 217 211 195 203 211 207 225 87 244 240 249 245 241 242 251 246 242 237 235 226 230 228 225 226 223 221 214 204 118 110 113 122 157 139 147 155 95 78 96 94 92 90
57 56 56 57 59 57 56 55 52 51 50 50 50 50 51 52 54 55 55 57 69 72 69 187 195 191 74 53 86 62 42 37 80 148 201 202 216 176 144 142 149 174 181 67 217 96 253 247 244 250 248 175 247 245 246 237 208 230 229 224 223 220 220 218 208 140 114 111 126 174 150 134 132 196 83 97 95 93 91
59 59 58 59 60 58 56 55 54 53 52 52 52 52 53 54 56 57 57 60 63 66 75 171 186 204 114 62 65 63 39 34 89 158 160 160 137 127 116 145 186 186 84 85 224 227 224 245 243 249 170 148 198 250 247 238 213 214 209 226 222 219 216 212 195 188 184 116 91 104 148 149 152 105 84 99 98 95 91
61 60 59 59 58 57 56 55 54 53 53 54 54 55 55 56 56 58 59 61 62 73 175 177 186 207 86 37 64 125 29 23 74 161 211 175 92 57 84 139 209 237 239 267 235 222 222 217 217 219 145 137 189 224 222 0 215 215 214 205 205 219 212 204 195 187 190 158 111 113 112 178 178 202 88 99 99 95 91
60 60 60 59 57 57 56 55 55 55 55 55 56 56 56 55 56 57 58 60 63 77 176 176 203 178 101 81 104 63 48 42 72 128 166 151 87 39 22 95 185 246 248 246 222 218 221 215 216 218 225 150 150 231 0 0 0 43 55 60 17 200 214 207 201 193 190 189 129 121 180 197 212 208 87 98 98 94 91
60 59 59 59 57 57 56 56 56 56 56 56 56 55 54 53 54 55 58 61 73 179 189 210 56 56 75 186 189 108 96 100 106 128 133 131 74 37 25 65 159 234 245 247 248 244 212 210 212 216 220 165 0 4 15 31 45 59 64 67 63 0 221 215 207 194 187 182 193 205 205 200 185 209 87 72 97 94 90
58 58 58 58 57 56 56 56 56 56 56 55 54 54 52 52 53 55 58 59 72 74 189 212 58 45 52 161 218 215 225 180 132 170 200 189 101 31 20 79 165 209 215 246 221 218 211 212 212 62 60 4 21 25 29 44 54 62 66 67 64 53 0 223 212 196 183 184 201 218 132 128 139 210 218 79 96 94 90
57 57 57 56 55 55 55 55 55 55 55 53 52 51 52 52 53 55 56 58 60 66 63 53 198 31 60 177 274 283 245 218 176 212 258 258 146 70 80 125 219 213 213 243 248 216 212 0 0 17 18 23 26 31 37 52 58 65 67 67 61 47 20 50 226 219 198 190 196 202 175 139 194 233 208 183 67 94 91
56 55 55 54 52 53 53 53 53 53 53 51 50 50 50 51 52 53 55 55 59 63 177 193 157 114 180 208 232 239 243 240 235 241 251 252 145 92 111 171 220 220 217 209 208 0 22 24 26 28 29 30 32 36 43 57 61 66 67 65 58 44 25 0 231 241 220 199 186 183 192 208 187 218 226 218 79 95 92
54 54 54 53 50 51 51 51 52 52 51 51 50 50 50 49 50 50 51 54 56 68 183 222 169 216 232 224 226 235 243 252 251 246 241 240 171 138 169 185 177 223 55 20 30 32 32 33 37 39 38 37 38 42 50 62 65 67 67 63 56 45 30 0 46 157 202 207 180 170 182 202 219 231 212 228 69 100 96
53 52 52 51 49 49 50 51 52 52 52 51 50 49 49 48 48 48 50 50 54 68 184 230 230 228 227 220 222 228 235 241 240 230 232 226 233 219 188 20 60 27 30 33 35 37 38 41 48 48 46 43 44 48 54 66 68 68 65 59 52 45 34 18 24 35 26 79 197 182 190 197 213 227 16 61 105 103 100
51 51 50 50 48 50 50 50 51 51 51 50 49 48 46 46 47 48 47 48 55 171 222 227 225 222 219 212 215 222 230 244 232 229 211 185 195 222 169 20 170 33 35 36 39 41 44 52 57 55 52 48 50 53 57 69 71 69 65 59 53 46 37 30 36 40 35 22 80 208 202 206 224 0 100 102 106 106 103
51 50 50 49 48 50 50 50 52 51 51 49 48 46 46 45 47 47 46 45 57 208 227 220 217 212 213 94 212 219 226 240 230 226 157 123 170 217 172 28 32 35 37 40 44 47 53 61 62 59 56 54 55 56 60 68 73 70 65 60 55 49 41 40 41 43 38 23 41 39 57 64 54 95 101 103 107 107 105
51 50 50 50 50 50 51 51 51 50 49 47 46 45 45 46 45 45 46 47 59 221 222 218 214 95 205 201 204 211 215 233 238 230 147 122 164 221 83 74 35 37 39 44 50 55 63 66 63 61 59 59 59 60 62 65 71 71 67 64 58 51 45 44 44 45 36 35 52 68 80 89 99 102 102 105 109 109 107
52 51 51 51 51 52 51 51 50 50 48 46 46 45 45 45 45 45 46 49 173 240 220 219 216 212 196 66 197 183 203 235 238 216 174 166 204 198 186 45 40 40 42 49 58 65 69 68 66 64 63 63 63 63 65 68 72 73 69 64 58 52 49 48 49 45 39 50 62 77 87 95 103 105 105 107 111 110 108
54 53 52 52 53 53 52 51 51 48 47 46 45 45 45 45 45 46 45 49 225 244 223 222 219 215 205 208 191 184 222 249 238 226 261 213 231 211 80 50 45 44 45 56 67 70 71 71 70 69 68 68 68 69 71 73 76 74 68 63 58 55 54 54 51 46 53 61 71 82 91 98 104 107 107 109 112 111 109
56 55 54 55 54 53 52 52 50 49 47 46 45 46 45 45 45 44 45 52 222 224 234 229 223 215 216 204 194 199 239 242 224 229 222 230 235 215 74 51 47 48 50 64 70 73 74 74 74 75 74 74 75 77 78 79 78 71 67 64 61 59 59 57 52 55 63 69 78 87 94 100 104 107 108 111 112 111 110
57 56 56 55 54 54 53 52 50 49 47 47 46 46 46 46 46 46 43 160 234 245 231 231 226 229 219 218 167 246 241 225 195 148 166 239 232 205 43 51 58 51 55 69 73 75 77 78 80 79 79 80 81 82 82 82 75 69 67 66 65 64 62 59 59 66 69 74 84 91 97 102 105 106 108 112 112 111 110
58 57 56 56 55 54 53 53 50 49 48 48 47 47 47 47 46 45 51 218 204 245 230 230 227 221 222 237 236 87 16 0 179 165 230 236 226 73 46 59 59 54 66 72 75 77 79 81 82 83 82 83 84 85 84 79 74 70 70 70 69 67 64 63 66 71 74 78 88 94 99 103 105 107 109 112 111 110 109
59 58 57 56 55 55 54 52 51 50 50 50 48 47 47 48 48 49 159 221 89 153 252 241 220 236 236 235 227 79 25 71 94 236 245 234 231 197 58 61 59 59 71 74 76 78 81 83 84 84 85 86 86 86 83 77 74 72 73 72 70 68 67 68 73 75 77 83 91 97 101 104 106 107 109 111 110 109 108
60 58 57 56 56 56 54 53 52 51 51 51 49 48 47 47 47 58 177 210 0 15 225 242 239 243 236 244 235 61 33 32 218 254 236 235 235 226 55 61 61 66 74 76 78 80 82 84 85 86 86 87 88 84 80 76 74 73 74 74 72 68 70 74 77 77 80 86 95 99 102 105 107 108 110 110 110 108 106
60 59 57 57 57 56 54 53 52 51 51 51 50 48 48 48 54 177 75 93 3 10 52 140 59 108 122 265 248 41 39 26 160 243 232 231 232 63 65 62 65 72 76 78 80 82 84 86 87 88 89 88 85 81 78 75 74 74 74 75 74 72 74 79 81 80 83 90 97 101 103 106 107 109 110 109 108 107 105
60 58 58 58 58 56 55 53 52 52 52 51 50 50 49 48 55 211 218 78 52 272 174 148 186 123 123 259 61 38 41 41 133 247 237 232 228 63 65 66 70 75 78 79 81 84 86 89 91 90 89 87 84 80 77 76 75 76 76 75 75 76 79 84 83 83 87 94 99 102 105 107 109 110 109 108 107 105 104
59 58 58 59 58 56 54 53 53 53 51 50 50 51 50 51 55 230 235 277 245 178 162 156 148 222 73 0 0 31 36 220 185 247 240 234 226 59 67 69 73 77 79 81 83 85 88 91 92 90 87 85 82 78 77 77 77 77 76 76 77 81 84 86 85 86 90 97 101 104 106 108 109 109 108 106 105 103 102
58 58 58 58 58 56 54 53 53 51 51 50 50 51 51 50 173 191 248 219 211 181 176 14 62 80 73 8 8 28 31 110 240 242 216 212 205 51 70 71 75 78 80 82 84 86 89 92 91 88 84 81 78 76 76 77 77 77 77 78 80 85 88 88 88 89 95 100 103 105 108 108 108 107 106 105 103 101 101
58 58 58 58 57 55 54 54 53 51 50 50 50 51 52 54 234 177 166 189 235 61 63 13 7 235 224 39 13 21 25 63 217 239 210 65 59 76 72 73 76 79 81 83 84 87 89 91 89 86 81 77 75 75 76 77 77 78 79 81 85 89 90 90 90 93 98 102 104 107 108 108 107 106 105 103 101 100 99
58 57 58 58 56 55 54 54 53 51 50 49 49 49 49 170 135 189 165 171 284 60 17 71 7 109 82 46 18 20 0 50 242 238 233 203 60 76 74 73 76 80 81 83 85 87 90 90 87 83 78 75 74 74 76 77 78 79 81 85 88 90 91 91 93 96 101 104 107 108 108 107 106 105 103 101 100 98 98
58 58 58 58 56 55 55 55 53 51 49 48 48 49 54 221 110 202 195 234 280 56 18 21 19 10 8 19 16 0 49 225 240 239 52 207 60 77 75 74 77 80 82 83 85 88 89 88 84 79 73 74 74 75 77 79 80 82 85 88 89 92 93 93 95 99 104 106 107 107 107 106 105 103 101 99 98 97 97
58 58 58 57 56 55 55 54 52 51 50 48 47 49 178 121 96 229 206 244 229 15 19 23 23 22 17 16 10 0 0 219 234 60 72 75 54 78 77 76 78 80 82 84 86 88 87 84 80 73 72 73 75 77 79 81 83 86 89 89 91 94 95 96 99 104 106 107 107 107 106 105 103 101 99 98 97 96 96
59 59 58 57 56 55 55 53 52 51 48 48 49 52 220 62 101 192 241 229 58 17 21 24 25 27 26 22 10 69 0 215 207 53 75 79 80 79 78 77 79 81 83 85 87 87 86 81 74 71 72 74 77 80 82 85 87 90 90 91 93 96 98 100 103 105 106 107 107 106 105 103 101 100 98 97 96 95 95
60 59 59 56 56 55 55 52 51 51 49 49 55 197 78 31 152 245 231 224 58 22 25 27 28 29 30 29 16 87 227 217 58 75 77 80 80 80 79 78 80 82 84 85 86 85 80 75 71 71 74 77 80 82 85 88 90 91 92 92 95 98 101 103 105 106 106 106 106 105 104 102 100 98 97 95 94 94 94
60 59 59 56 56 54 53 52 51 50 49 48 218 226 38 0 144 241 230 222 63 27 28 29 29 29 29 30 24 57 205 59 74 76 77 79 80 81 81 79 80 82 83 84 83 79 75 71 71 74 77 80 83 86 89 91 93 93 93 94 98 101 103 105 106 106 106 106 105 104 102 101 99 97 96 94 93 93 93
61 60 58 56 53 52 52 51 51 51 52 51 99 109 27 0 157 233 231 225 60 31 61 30 31 30 29 27 36 47 60 68 75 77 78 79 80 81 81 80 81 81 82 82 79 75 72 72 74 78 81 84 87 89 92 94 94 95 95 97 101 103 105 106 106 106 105 105 104 103 101 99 97 96 94 93 92 92 91
61 60 57 55 52 51 51 51 52 52 187 205 90 21 164 80 232 231 231 221 238 61 36 33 32 32 31 51 52 60 64 72 49 78 78 79 80 81 80 80 80 80 79 77 74 73 73 76 79 82 85 88 90 92 94 95 96 96 98 101 103 104 105 105 105 105 104 104 103 102 100 98 97 95 93 92 92 91 90
61 60 57 54 52 51 50 51 52 48 251 230 104 44 106 180 248 235 232 246 218 56 38 36 37 38 54 61 60 65 71 62 58 42 78 79 80 80 79 80 81 78 76 73 73 74 76 80 83 87 89 91 93 94 95 96 97 98 100 102 104 104 104 104 104 104 103 103 102 101 99 97 96 94 92 92 91 89 89
61 59 57 54 52 51 50 50 51 46 206 57 88 76 180 94 216 243 236 226 216 49 41 41 70 81 65 61 64 50 66 231 57 77 78 79 79 79 79 81 77 75 73 72 74 77 80 84 87 90 92 93 94 95 96 97 99 100 102 103 103 103 103 103 103 103 102 102 101 100 98 97 94 93 92 91 90 89 87
60 58 56 53 52 51 51 49 51 226 59 39 217 182 99 156 201 230 236 229 40 38 44 48 73 76 63 62 62 55 232 78 37 75 77 77 78 78 79 75 73 73 71 73 78 80 83 87 90 92 94 95 96 96 97 99 100 101 102 103 103 103 103 103 103 102 101 101 100 100 98 96 94 93 92 90 89 88 86
59 57 54 53 51 49 49 47 201 243 235 244 100 197 114 86 163 241 215 35 32 39 45 55 70 63 56 60 58 44 220 235 77 76 77 77 78 77 74 73 72 72 74 78 81 83 86 90 92 93 95 96 96 97 98 99 100 101 101 102 102 102 102 102 101 100 100 100 100 99 98 96 94 93 92 89 87 86 85
58 55 53 51 49 48 49 45 245 188 207 200 231 192 120 119 249 200 38 31 37 42 50 59 60 57 58 55 53 0 213 55 77 76 77 77 76 73 72 72 72 74 78 81 83 86 89 92 94 95 96 97 98 98 99 99 100 100 101 101 101 102 101 101 99 99 99 100 99 99 98 96 95 93 92 89 86 84 83
56 54 52 49 49 50 49 232 193 271 173 221 227 116 106 167 223 206 42 32 38 43 54 57 56 54 51 47 47 0 32 25 77 77 77 73 71 70 70 71 73 78 81 83 86 89 91 94 95 96 97 98 99 99 100 100 100 100 101 101 101 101 100 99 99 98 100 99 99 99 98 96 95 93 91 88 85 83 81
55 53 50 48 47 39 221 239 201 200 175 141 146 154 232 216 190 37 39 42 44 49 54 57 56 54 53 55 57 64 71 75 74 73 72 70 70 70 72 74 77 80 83 86 88 90 93 94 95 96 97 97 98 98 99 99 99 99 100 100 101 100 99 99 99 99 100 99 98 98 96 95 94 92 89 85 83 81 79
55 54 51 46 0 189 224 239 198 177 171 143 148 232 231 200 59 41 44 47 49 52 55 58 60 60 60 61 63 66 68 70 69 70 69 69 70 71 73 76 79 82 85 88 90 91 93 94 95 95 96 96 96 96 97 97 97 97 97 98 99 99 99 98 98 99 99 98 98 97 95 94 93 90 86 83 80 78 76
56 54 49 37 0 216 235 256 199 179 192 198 217 233 235 205 69 39 44 48 51 53 56 60 62 63 64 64 65 66 67 67 67 68 68 69 70 72 75 78 81 84 87 89 90 92 93 94 94 94 94 95 95 95 96 96 96 96 96 97 98 98 99 98 98 98 97 97 96 95 94 93 91 88 84 80 78 75 73
56 55 48 36 165 207 227 247 195 174 194 199 217 244 225 207 87 173 59 47 51 54 58 62 64 65 66 66 66 66 66 67 67 67 68 69 71 74 77 80 83 85 87 89 91 92 93 94 94 94 93 94 94 95 96 96 96 97 97 98 98 98 98 98 98 97 97 96 95 94 93 91 88 86 83 79 75 72 70
