---
Cross-Country Speed [km/h] Valid 1100 NZST ~Z75~(2300Z)~Z~ SUN 4 Jan 2026 ~Z75~[23hrFcst@2100z]~Z~
Model= RASP Region= NZ Grid= d1 Reskm= 6.0 Indexs= 1 79 1 99 Proj= lambert 6000 6000 -35.0000 -42.0000 176.0000 -38.5000 176.0000
Day= 2026 1 4 SUN ValidLST= 1100 NZST ValidZ= 2300 Fcst= 23.0 Init= 22 Param= xcspeed Unit= km/h Mult= 1 Min= 0 Max= 94
0 0 0 0 0 87 50 43 75 0 0 75 21 18 0 0 0 0 0 0 0 0 0 68 87 87 86 69 70 90 88 88 89 91 82 83 84 75 75 81 0 0 0 0 0 0 0 0 0 0 0 0 0 0 0 0 0 0 0 0 0 0 0 0 0 0 0 0 0 0 0 0 0 0 0 0 0 0 0
0 0 0 0 0 0 0 82 0 77 0 0 39 34 48 0 0 0 0 0 0 0 0 0 76 74 77 73 74 80 85 90 90 88 83 84 84 82 77 82 0 0 0 0 0 0 0 0 0 0 0 0 0 0 0 0 0 0 0 0 0 0 0 0 0 0 0 0 0 0 0 0 0 0 0 0 0 0 0
0 0 0 0 0 0 0 0 73 0 0 0 0 43 0 0 0 0 0 0 0 0 0 0 78 73 73 74 60 68 79 86 88 85 84 85 84 82 80 81 82 0 0 0 0 0 0 0 0 0 0 0 0 0 0 0 0 0 0 0 0 0 0 0 0 0 0 0 0 0 0 0 0 0 0 0 0 0 0
0 0 0 0 0 0 0 0 0 0 0 0 0 0 0 0 0 0 0 0 0 0 0 0 0 85 75 76 61 57 74 85 86 86 89 90 87 84 82 76 82 0 0 0 0 0 0 0 0 0 0 0 0 0 0 0 0 0 0 0 0 0 0 0 0 0 0 0 0 0 0 0 0 0 0 0 0 0 0
0 0 0 0 0 0 0 0 0 0 0 0 0 0 0 0 0 0 0 0 0 0 0 0 0 43 88 81 71 63 56 80 83 82 83 85 85 83 83 75 80 74 0 0 0 0 0 0 0 0 0 0 0 0 0 0 0 0 0 0 0 0 0 0 0 0 0 0 0 0 0 0 0 0 0 0 0 0 0
0 0 0 0 0 0 0 0 0 58 0 0 0 0 0 0 0 0 0 0 0 0 0 0 0 0 0 87 76 66 56 74 80 85 83 85 85 84 84 82 82 77 75 0 0 0 0 0 0 0 0 0 0 0 0 0 0 0 0 0 0 0 0 0 0 0 0 0 0 0 0 0 0 0 0 0 0 0 0
0 0 0 0 0 0 0 0 0 58 0 0 0 0 0 0 0 0 0 0 0 0 0 0 0 0 0 18 86 82 63 53 72 84 81 84 84 84 84 83 83 70 75 0 0 0 0 0 0 0 0 0 0 0 0 0 0 0 0 0 0 0 0 0 0 0 0 0 0 0 0 0 0 0 0 0 0 0 0
0 0 0 0 0 0 0 0 0 0 0 0 0 0 0 0 0 0 0 0 0 0 0 0 0 0 0 0 27 85 78 58 63 79 82 82 84 84 83 83 83 66 63 0 0 0 0 0 0 0 0 0 0 0 0 0 0 0 0 0 0 0 0 0 0 0 0 0 0 0 0 0 0 0 0 0 0 0 0
0 0 0 0 0 0 0 0 0 0 0 0 0 0 0 0 0 0 0 0 0 0 0 0 0 0 0 0 23 86 82 69 72 59 81 81 82 82 81 83 82 66 69 72 0 0 0 0 0 0 0 0 0 0 0 0 0 0 0 0 0 0 0 0 0 0 0 0 0 0 0 0 0 0 0 0 0 0 0
0 0 0 0 0 0 0 0 0 0 0 0 0 0 0 0 0 0 0 0 0 0 0 0 0 0 0 0 0 76 90 83 79 73 83 79 80 79 80 82 82 81 63 74 77 0 0 0 0 0 0 0 0 0 0 0 0 0 0 0 0 0 0 0 0 0 0 0 0 0 0 0 0 0 0 0 0 0 0
0 0 0 0 0 0 0 0 0 0 0 0 0 0 0 0 0 0 0 0 0 0 0 0 0 0 0 0 0 91 85 87 67 72 81 80 81 80 79 75 82 83 82 62 69 0 0 0 0 0 0 0 0 0 0 0 0 0 0 0 0 0 0 0 0 0 0 0 0 0 0 0 0 0 0 0 0 0 0
0 0 0 0 0 0 0 0 0 0 0 0 0 0 0 0 0 0 0 0 0 0 0 0 0 0 0 0 19 90 89 82 71 66 79 80 81 79 77 70 76 82 80 68 71 67 0 0 0 0 0 0 0 0 0 0 0 0 0 0 0 0 0 0 0 0 0 0 0 0 0 0 0 0 0 0 0 0 0
0 0 0 0 0 0 0 0 0 0 0 0 0 0 0 0 0 0 0 0 0 0 0 0 0 0 0 0 0 84 90 88 78 65 69 84 82 79 76 67 71 80 86 67 69 72 70 0 0 0 0 0 0 0 0 0 0 0 0 0 0 0 0 0 0 0 0 0 0 0 0 0 0 0 0 0 0 0 0
0 0 0 0 0 0 0 0 0 0 0 0 0 0 0 0 0 0 0 0 0 0 0 0 0 0 0 0 0 86 93 90 84 75 74 79 81 83 77 69 70 74 86 84 64 58 67 75 0 0 0 0 0 0 0 0 0 0 0 0 0 0 0 0 0 0 0 0 0 0 0 0 0 0 0 0 0 0 0
0 0 0 0 0 0 0 0 0 0 0 0 0 0 0 0 0 0 0 0 0 0 0 0 0 0 0 0 0 92 91 89 85 85 75 79 80 80 77 77 69 71 80 85 66 36 34 73 0 0 0 0 0 0 0 0 0 0 0 0 0 0 0 0 0 0 0 0 0 0 0 0 0 0 0 0 0 0 0
0 0 0 0 0 0 0 0 0 0 0 0 0 0 0 0 0 0 0 0 0 0 0 0 0 0 0 0 0 94 92 89 84 85 80 78 72 76 80 83 79 81 84 84 65 49 53 73 80 0 0 0 0 0 0 0 0 0 0 0 0 0 0 0 0 0 0 0 0 0 0 0 0 0 0 0 0 0 0
0 0 0 0 0 0 0 0 0 0 0 0 0 0 0 0 0 0 0 0 0 0 0 0 0 0 0 0 0 94 89 89 80 81 81 78 65 70 79 80 79 80 84 73 60 51 61 70 86 0 0 0 0 0 0 0 0 0 0 0 0 0 0 0 0 0 0 0 0 0 0 0 0 0 0 0 0 0 0
0 0 0 0 0 0 0 0 0 0 0 0 0 0 0 0 0 0 0 0 0 0 0 0 0 0 0 0 87 87 87 81 77 79 80 81 64 58 70 77 77 69 74 71 42 49 62 71 83 78 0 0 0 0 0 0 0 0 0 0 0 0 0 0 0 0 0 0 0 0 0 0 0 0 0 0 0 0 0
0 0 0 0 0 0 0 0 0 0 0 0 0 0 0 0 0 0 0 0 0 0 0 0 0 0 0 0 81 69 77 76 76 77 73 74 75 54 56 69 81 60 65 65 46 52 63 70 85 88 85 0 0 0 0 0 0 0 0 0 0 0 0 0 0 0 0 0 0 0 0 0 0 0 0 0 0 0 0
0 0 0 0 0 0 0 0 0 0 0 0 0 0 0 0 0 0 0 0 0 0 0 0 0 0 0 0 75 67 76 76 75 63 65 70 75 67 44 55 67 65 56 56 42 54 66 66 76 85 82 85 0 0 0 0 0 0 0 0 0 0 0 0 0 0 0 0 0 0 0 0 0 0 0 0 0 0 0
0 0 0 0 0 0 0 0 0 0 0 0 0 0 0 0 0 0 0 0 0 0 0 0 0 0 0 87 69 68 75 77 78 64 65 69 69 70 62 51 45 59 62 54 58 54 68 65 71 76 83 90 0 0 0 0 0 0 0 0 0 0 0 0 0 0 0 0 0 0 0 0 0 0 0 0 0 0 0
0 0 0 0 0 0 0 0 0 0 0 0 0 0 0 0 0 0 0 0 0 0 0 0 0 0 63 77 70 70 63 63 73 80 66 67 67 67 64 48 31 43 61 79 62 57 71 66 72 74 73 84 0 0 0 0 0 0 0 0 0 0 0 0 0 0 0 0 0 0 0 0 0 0 0 0 0 0 0
0 0 0 0 0 0 0 0 0 0 0 0 0 0 0 0 0 0 0 0 0 0 0 0 0 24 77 70 72 71 64 61 63 80 82 66 65 64 64 43 15 23 60 73 76 68 73 75 70 72 67 69 0 0 0 0 0 0 0 0 0 0 0 0 0 0 0 0 0 0 0 0 0 0 0 0 0 0 0
0 0 0 0 0 0 0 0 0 0 0 0 0 0 0 0 0 0 0 0 0 0 0 0 49 75 70 67 71 71 68 66 68 78 79 77 70 64 63 44 0 0 40 65 80 74 72 76 74 69 66 76 76 0 0 0 0 0 0 0 0 0 0 0 0 0 0 0 0 0 0 0 0 0 0 0 0 0 0
0 0 0 0 0 0 0 0 0 0 0 0 0 0 0 0 0 0 0 0 0 17 20 49 63 67 71 69 69 61 61 66 75 78 79 80 78 74 68 65 15 0 14 67 76 82 78 78 83 73 65 71 74 0 0 0 0 0 0 0 0 0 0 0 0 0 0 0 0 0 0 0 0 0 0 0 0 0 0
0 0 0 0 0 0 0 0 0 0 0 0 0 0 0 0 0 0 20 19 36 46 46 59 60 61 68 73 65 62 61 63 73 78 77 77 78 82 69 65 14 0 20 72 75 82 74 80 82 82 75 84 80 70 0 0 0 0 0 0 0 0 0 0 0 0 0 0 0 0 0 0 0 0 0 0 0 0 0
0 0 0 0 0 0 0 0 0 0 0 0 0 0 0 0 0 30 33 41 50 58 57 54 55 59 61 60 61 62 62 65 69 69 73 76 81 87 87 78 52 18 40 63 66 72 85 77 77 89 81 76 79 75 0 0 0 0 0 0 0 0 0 0 0 0 0 0 0 0 0 0 0 0 0 0 0 0 0
0 0 0 0 0 0 0 0 0 0 0 0 0 0 0 0 33 38 41 43 56 58 58 55 54 57 59 57 57 61 64 67 66 70 78 83 86 87 84 74 66 45 25 55 78 64 79 74 79 90 89 86 76 85 0 0 0 0 0 0 0 0 0 0 0 0 0 0 0 0 0 0 0 0 0 0 0 0 0
0 0 0 0 0 0 0 0 0 0 0 0 0 0 0 46 45 45 47 51 47 55 56 54 55 56 54 55 57 60 65 66 68 78 81 80 79 87 82 75 76 53 35 42 62 76 83 81 80 75 76 79 87 0 0 0 0 0 0 0 0 0 0 0 0 0 0 0 0 0 0 0 0 0 0 0 0 0 0
0 0 0 0 0 0 0 0 0 0 0 0 28 30 49 47 53 51 52 54 51 50 53 53 45 52 53 57 59 60 63 65 74 78 69 70 74 76 74 67 56 44 48 41 63 76 73 81 76 55 48 78 80 0 0 0 0 0 0 0 0 0 0 0 0 0 0 0 0 0 0 0 0 0 0 0 0 0 0
0 0 0 0 0 0 0 0 0 0 21 25 36 41 46 58 55 52 51 51 53 51 52 54 52 49 49 57 58 58 61 66 70 68 75 79 77 69 67 58 58 63 67 71 78 70 43 75 60 42 29 60 0 0 0 0 0 0 0 0 0 0 0 0 0 0 0 0 0 0 0 0 0 0 0 0 0 0 0
0 0 0 0 0 0 0 0 0 20 30 38 49 50 49 55 55 53 50 49 52 52 50 54 55 50 48 42 45 56 62 62 65 82 76 62 57 63 66 59 56 61 66 68 67 59 51 66 56 49 53 47 0 0 0 0 0 0 0 0 0 0 0 0 0 0 0 0 0 0 0 0 0 0 0 0 0 0 0
0 0 0 0 0 0 0 0 12 18 18 27 38 48 47 52 55 53 51 48 46 47 49 52 53 61 49 45 41 54 59 62 67 71 65 56 60 42 47 59 67 57 49 56 38 45 68 42 58 55 52 21 0 0 0 0 0 0 0 0 0 0 0 0 0 0 0 0 0 0 0 0 0 0 0 0 0 0 0
0 0 0 0 0 0 0 0 13 9 0 0 4 32 39 46 51 53 51 49 47 48 50 50 52 63 60 50 50 53 55 62 68 75 78 59 63 48 48 50 54 49 43 44 26 35 48 48 29 41 42 49 0 0 0 0 0 0 0 0 0 0 0 0 0 0 0 0 0 0 0 0 0 0 0 0 0 0 0
0 0 0 0 0 0 0 8 18 12 0 0 0 22 32 42 48 52 53 53 52 51 51 54 63 60 55 56 58 54 55 70 22 0 71 72 66 47 47 46 34 29 20 23 0 18 43 50 45 43 19 33 83 0 0 0 0 0 0 0 0 0 0 0 0 0 0 0 0 0 0 0 0 0 0 0 0 0 0
0 0 0 0 0 0 0 0 21 38 76 39 5 23 31 44 47 52 51 54 57 57 63 64 68 70 55 53 51 59 67 71 0 0 21 59 40 61 41 56 51 40 38 25 3 22 37 36 35 49 40 0 62 71 2 0 0 0 0 0 0 0 0 0 0 0 0 0 0 0 0 0 0 0 0 0 0 0 0
0 0 0 0 0 0 0 0 51 68 80 64 26 24 34 47 50 53 52 56 66 69 67 66 68 71 70 71 70 76 34 0 0 0 0 0 0 72 54 57 53 49 47 46 40 41 39 35 34 32 33 15 33 56 3 0 0 0 0 0 0 0 0 0 0 0 36 0 0 0 0 0 0 0 0 0 0 0 0
0 0 0 0 0 0 0 0 0 0 35 72 42 33 41 44 50 53 55 64 70 76 69 71 78 75 78 82 82 85 0 0 0 0 0 0 0 36 56 78 58 56 57 59 53 46 35 31 23 19 17 28 23 46 72 73 5 1 0 0 0 0 0 0 0 0 54 51 0 0 0 0 0 0 0 0 0 0 0
0 0 0 0 0 0 0 0 0 0 0 66 68 41 44 43 51 53 58 67 74 81 80 78 79 74 80 83 82 82 75 0 0 0 0 0 0 15 74 90 69 55 60 59 53 31 25 29 29 26 28 32 13 22 44 51 61 62 4 1 0 0 0 0 0 0 10 0 0 0 0 0 0 0 0 0 0 0 0
0 0 0 0 0 0 0 0 0 0 0 0 0 58 46 46 56 59 62 71 75 78 78 76 77 81 81 79 81 79 79 39 0 0 31 0 0 4 0 86 72 53 48 56 51 41 28 39 19 9 21 21 27 21 27 20 39 34 19 0 1 0 0 0 0 0 0 0 0 0 0 0 0 0 0 0 0 0 0
0 0 0 0 0 0 0 0 0 0 0 0 0 0 0 0 0 60 71 72 76 75 76 73 73 79 82 73 71 74 74 83 4 65 53 24 0 18 0 76 75 49 48 55 56 43 38 25 5 0 11 15 18 19 8 0 29 21 9 0 0 0 0 0 0 0 0 0 0 0 0 0 0 0 0 0 0 0 0
0 0 0 0 0 0 0 0 0 0 0 0 0 0 0 0 0 74 68 77 74 76 77 78 73 73 81 78 75 76 74 83 0 53 77 27 0 0 16 75 69 60 51 54 49 44 35 17 0 0 0 13 23 16 0 0 1 3 0 0 0 0 0 0 0 0 0 0 0 0 0 0 0 0 0 0 0 0 0
0 0 0 0 0 0 0 0 0 0 0 0 0 0 0 0 0 0 83 78 76 74 60 67 73 72 81 82 70 76 76 48 0 28 40 5 0 0 0 88 74 57 37 50 54 38 37 34 16 0 0 0 0 0 0 0 0 0 0 0 0 0 0 0 0 0 27 0 0 0 0 0 0 0 0 0 0 0 0
0 0 0 0 0 0 0 0 0 0 0 0 0 0 0 0 0 0 0 81 80 76 70 53 69 71 81 79 65 68 73 0 1 5 3 0 0 0 0 0 75 56 50 52 54 43 37 45 34 16 0 0 0 0 0 0 0 0 0 0 0 0 0 0 0 23 48 0 0 0 0 0 0 0 0 0 0 0 0
0 0 0 0 0 0 0 0 0 0 0 0 0 0 0 0 0 0 0 67 81 76 78 75 56 69 68 43 56 62 63 6 0 51 1 0 0 0 0 0 78 63 56 55 55 45 59 61 54 33 22 0 0 0 0 0 0 0 0 0 0 0 0 0 27 48 45 0 0 0 0 0 0 0 0 0 0 0 0
0 0 0 0 0 0 0 0 0 0 0 0 0 0 0 0 0 0 0 38 77 57 43 49 76 72 37 16 46 64 50 52 0 71 26 12 0 0 0 0 76 67 66 59 46 50 68 70 68 52 35 29 11 0 0 0 0 0 0 0 0 0 0 14 38 11 0 0 0 0 0 0 0 0 0 0 0 0 0
0 0 0 0 0 0 0 0 0 0 0 0 0 0 0 0 0 0 0 10 73 67 39 37 43 77 74 53 48 58 63 0 0 81 41 39 31 39 49 65 70 73 72 65 61 64 70 71 70 63 49 40 29 9 0 0 0 0 0 0 0 0 0 0 0 0 0 0 0 0 0 0 0 0 0 0 0 0 0
0 0 0 0 0 0 0 0 0 0 0 0 0 0 0 0 0 0 0 0 1 74 45 42 39 51 76 63 40 46 0 0 0 80 46 63 51 53 57 66 70 71 79 73 66 67 70 70 68 65 56 48 38 22 2 0 0 0 0 0 0 5 6 0 0 0 5 11 0 0 0 0 0 0 0 0 0 0 0
0 0 0 0 0 0 0 0 0 0 0 0 0 0 0 0 0 0 0 0 0 70 58 48 53 51 73 72 0 33 0 0 48 82 67 60 60 60 63 64 70 83 83 82 75 67 64 68 68 64 54 49 44 37 18 4 0 0 0 0 0 0 11 23 0 0 14 12 0 0 0 0 0 0 0 0 0 0 0
0 0 0 0 0 0 0 0 0 0 0 0 0 0 0 0 0 0 0 0 0 65 28 48 55 62 65 69 0 0 0 19 73 78 73 59 64 63 63 60 76 82 79 84 70 67 60 64 69 66 55 49 54 60 44 16 5 7 19 10 0 0 0 0 0 0 0 0 0 0 0 0 0 0 0 0 0 0 0
0 0 0 0 0 0 0 0 0 0 0 0 0 0 0 0 0 0 0 0 0 59 0 25 45 65 59 63 28 0 0 61 87 83 77 66 66 70 70 82 79 79 69 72 79 68 60 57 67 71 64 54 58 68 63 31 20 26 32 21 0 0 0 0 0 0 0 0 0 0 0 0 0 0 0 0 0 0 0
0 0 0 0 0 0 0 0 0 0 0 0 0 0 0 0 0 0 0 0 0 41 42 26 37 56 60 56 38 24 15 21 84 83 78 67 78 77 81 83 75 79 62 71 74 69 61 55 61 69 70 58 53 61 69 43 28 25 28 27 19 7 0 0 0 0 0 0 0 0 0 0 0 0 0 0 0 0 0
0 0 0 0 0 0 0 0 0 0 0 0 0 0 0 0 0 0 0 0 0 0 51 2 14 67 65 0 40 37 53 45 83 84 78 80 82 79 78 82 73 73 69 71 71 69 62 55 54 63 69 59 50 53 68 49 31 24 32 29 24 5 0 0 0 0 0 0 0 0 0 0 0 0 0 0 0 0 0
0 0 0 0 0 0 0 0 0 0 0 0 0 0 0 0 0 0 0 0 0 0 59 12 38 54 0 0 0 0 0 60 70 75 84 83 81 82 70 79 81 73 81 70 62 0 61 54 52 42 67 62 51 50 59 54 39 35 41 33 23 17 0 0 0 0 0 0 0 0 0 0 0 0 0 0 0 0 0
0 0 0 0 0 0 0 0 0 0 0 0 0 0 0 0 0 0 0 0 0 0 61 42 49 0 0 0 0 0 44 67 76 79 78 78 73 72 78 78 76 79 80 68 69 0 65 59 57 55 61 65 57 52 57 60 49 44 44 37 24 28 15 0 0 0 0 0 0 0 0 0 0 0 0 0 0 0 0
0 0 0 0 0 0 0 0 0 0 0 0 0 0 0 0 0 0 0 0 0 0 74 36 7 53 0 0 0 0 71 77 78 79 0 83 74 72 78 77 76 77 78 67 0 56 64 69 67 59 59 63 65 62 64 72 60 39 36 36 28 29 26 9 0 0 0 0 0 0 0 0 0 0 0 0 0 0 0
0 0 0 0 0 0 0 0 0 0 0 0 0 0 0 0 0 0 0 0 0 0 0 14 0 0 0 8 26 53 79 81 78 77 79 76 75 72 78 75 64 74 74 0 42 0 55 62 72 67 62 64 68 69 68 69 55 47 54 40 16 18 32 25 2 0 0 0 0 2 0 0 0 0 0 0 0 0 0
0 0 0 0 0 0 0 0 0 0 0 0 0 0 0 0 0 0 0 0 0 0 0 30 20 37 37 50 68 74 79 80 76 76 78 78 72 81 80 70 71 63 0 0 58 47 41 49 54 70 68 66 66 67 64 65 54 54 18 14 29 20 29 26 13 0 0 0 0 0 0 0 0 0 0 0 0 0 0
0 0 0 0 0 0 0 0 0 0 0 0 0 0 0 0 0 0 0 0 0 0 16 75 54 70 73 70 70 78 71 76 75 73 73 74 69 69 79 70 62 56 56 73 67 54 50 39 36 44 60 58 48 51 53 0 54 45 7 0 21 42 29 20 19 6 2 0 0 0 0 0 0 0 0 0 0 0 0
0 0 0 0 0 0 0 0 0 0 0 0 0 0 0 0 0 0 0 0 0 0 30 80 57 78 73 64 65 65 65 68 66 64 64 63 63 62 67 68 60 56 58 65 58 57 45 27 12 17 52 58 59 60 0 0 0 0 0 0 0 47 37 27 25 21 7 0 0 0 0 11 18 0 0 0 0 0 0
0 0 0 0 0 0 0 0 0 0 0 0 0 0 0 0 0 0 0 0 0 57 76 83 65 80 69 61 61 63 63 62 58 59 62 58 56 50 42 58 62 59 63 64 66 66 23 17 7 3 41 59 0 0 0 0 0 0 0 0 0 0 71 46 22 18 4 0 0 4 10 21 22 2 0 0 0 0 0
0 0 0 0 0 0 0 0 0 0 0 0 0 0 0 0 0 0 0 0 0 0 79 80 76 65 56 49 52 56 60 61 60 59 60 57 55 22 8 25 47 51 52 64 56 56 27 31 20 0 0 0 0 0 0 0 0 0 0 0 0 0 0 74 25 17 9 2 2 9 0 0 1 8 0 0 0 0 0
0 0 0 0 0 0 0 0 0 0 0 0 0 0 0 0 0 0 0 0 0 0 0 0 73 47 39 35 45 53 58 62 63 60 57 55 49 6 0 1 9 36 52 67 68 57 57 0 0 0 0 0 0 0 0 0 0 0 0 0 0 0 0 0 63 66 56 30 2 0 0 0 0 20 0 0 0 0 0
0 0 0 0 0 0 0 0 0 0 0 0 0 0 0 0 0 0 0 0 0 0 65 63 61 32 30 31 37 46 58 61 58 57 54 52 42 2 0 0 0 7 45 58 67 0 0 0 0 0 0 0 0 0 0 0 0 0 0 0 0 0 0 0 80 80 79 68 24 0 0 0 8 18 5 0 0 0 0
0 0 0 0 0 0 0 0 0 0 0 0 0 0 0 0 0 0 0 0 0 0 69 60 50 30 27 30 38 45 53 55 54 54 51 50 33 3 6 3 0 2 0 0 0 0 0 0 0 0 0 0 0 0 0 0 0 0 0 0 0 0 0 0 0 85 82 73 58 25 2 3 7 23 13 9 0 0 0
0 0 0 0 0 0 0 0 0 0 0 0 0 0 0 0 0 0 0 0 0 0 65 50 47 34 28 31 39 45 49 52 54 54 52 43 15 0 0 0 0 0 0 0 0 0 0 0 0 0 0 0 0 0 0 0 0 0 0 0 0 0 0 0 0 0 0 0 72 61 35 3 8 27 0 0 0 0 0
0 0 0 0 0 0 0 0 0 0 0 0 0 0 0 0 0 0 0 0 0 62 54 51 48 43 37 31 37 44 48 54 52 49 42 7 0 0 0 0 1 0 0 0 0 0 0 0 0 0 0 0 0 0 0 0 0 0 0 0 0 0 0 0 0 0 0 0 0 69 55 26 22 0 0 0 0 0 0
0 0 0 0 0 0 0 0 0 0 0 0 0 0 0 0 0 0 0 0 0 59 49 52 46 38 42 0 33 36 36 45 44 31 7 0 0 17 9 0 0 0 0 0 0 0 0 0 0 0 0 0 0 0 0 0 0 0 0 0 0 0 0 0 0 0 0 0 0 0 0 0 0 0 0 0 0 0 0
0 0 0 0 0 0 0 0 0 0 0 0 0 0 0 0 0 0 0 0 0 55 45 51 48 0 40 31 31 30 20 26 37 18 1 22 32 49 0 0 0 0 0 0 0 0 0 0 0 0 0 0 0 0 0 0 0 0 0 0 0 0 0 0 0 0 0 0 0 0 0 0 0 0 0 0 0 0 0
0 0 0 0 0 0 0 0 0 0 0 0 0 0 0 0 0 0 0 0 68 54 46 52 51 49 32 0 33 30 23 30 41 31 38 49 64 60 51 0 0 0 0 0 0 0 0 0 0 0 0 0 0 0 0 0 0 0 0 0 0 0 0 0 0 0 0 0 0 0 0 0 0 0 0 0 0 0 0
0 0 0 0 0 0 0 0 0 0 0 0 0 0 0 0 0 0 0 0 77 61 53 54 54 53 43 43 46 49 50 56 56 57 62 53 68 69 0 0 0 0 0 0 0 0 0 0 0 0 0 0 0 0 0 0 0 0 0 0 0 0 0 0 0 0 0 0 0 0 0 0 0 0 0 0 0 0 0
0 0 0 0 0 0 0 0 0 0 0 0 0 0 0 0 0 0 0 0 77 60 67 63 64 59 58 54 51 57 66 67 66 69 65 74 70 66 0 0 0 0 0 0 0 0 0 0 0 0 0 0 0 0 0 0 0 0 0 0 0 0 0 0 0 0 0 0 0 0 0 0 0 0 0 0 0 0 0
0 0 0 0 0 0 0 0 0 0 0 0 0 0 0 0 0 0 0 81 79 76 67 66 65 72 69 72 60 75 78 77 81 72 85 81 74 47 0 0 0 0 0 0 0 0 0 0 0 0 0 0 0 0 0 0 0 0 0 0 0 0 0 0 0 0 0 0 0 0 0 0 0 0 0 0 0 0 0
0 0 0 0 0 0 0 0 0 0 0 0 0 0 0 0 0 0 0 73 80 79 67 67 67 68 70 61 44 0 0 0 65 65 82 72 66 0 0 0 0 0 0 0 0 0 0 0 0 0 0 0 0 0 0 0 0 0 0 0 0 0 0 0 0 0 0 0 0 0 0 0 0 0 0 0 0 0 0
0 0 0 0 0 0 0 0 0 0 0 0 0 0 0 0 0 0 73 79 0 81 73 78 72 72 73 73 49 0 0 0 0 57 80 69 60 40 0 0 0 0 0 0 0 0 0 0 0 0 0 0 0 0 0 0 0 0 0 0 0 0 0 0 0 0 0 0 0 0 0 0 0 0 0 0 0 0 0
0 0 0 0 0 0 0 0 0 0 0 0 0 0 0 0 0 0 83 67 0 0 84 76 78 74 72 74 73 0 0 0 78 77 73 75 70 56 0 0 0 0 0 0 0 0 0 0 0 0 0 0 0 0 0 0 0 0 0 0 0 0 0 0 0 0 0 0 0 0 0 0 0 0 0 0 0 0 0
0 0 0 0 0 0 0 0 0 0 0 0 0 0 0 0 0 61 0 0 0 0 0 74 76 71 73 85 76 0 0 0 85 76 66 70 67 0 0 0 0 0 0 0 0 0 0 0 0 0 0 0 0 0 0 0 0 0 0 0 0 0 0 0 0 0 0 0 0 0 0 0 0 0 0 0 0 0 0
0 0 0 0 0 0 0 0 0 0 0 0 0 0 0 0 0 64 44 0 0 77 75 61 66 80 86 84 0 0 0 0 88 77 70 57 51 0 0 0 0 0 0 0 0 0 0 0 0 0 0 0 0 0 0 0 0 0 0 0 0 0 0 0 0 0 0 0 0 0 0 0 0 0 0 0 0 0 0
0 0 0 0 0 0 0 0 0 0 0 0 0 0 0 0 0 73 56 63 71 75 76 61 65 69 0 0 0 0 0 81 75 81 75 61 47 0 0 0 0 0 0 0 0 0 0 0 0 0 0 0 0 0 0 0 0 0 0 0 0 0 0 0 0 0 0 0 0 0 0 0 0 0 0 0 0 0 0
0 0 0 0 0 0 0 0 0 0 0 0 0 0 0 0 79 77 69 72 78 79 73 0 0 0 0 0 0 0 0 71 70 79 67 55 37 0 0 0 0 0 0 0 0 0 0 0 0 0 0 0 0 0 0 0 0 0 0 0 0 0 0 0 0 0 0 0 0 0 0 0 0 0 0 0 0 0 0
0 0 0 0 0 0 0 0 0 0 0 0 0 0 0 0 70 79 77 74 72 0 0 0 0 74 57 0 0 0 0 0 62 71 61 0 0 0 0 0 0 0 0 0 0 0 0 0 0 0 0 0 0 0 0 0 0 0 0 0 0 0 0 0 0 0 0 0 0 0 0 0 0 0 0 0 0 0 0
0 0 0 0 0 0 0 0 0 0 0 0 0 0 0 61 39 69 79 72 68 0 0 0 0 0 0 0 0 0 0 0 77 73 66 43 0 0 0 0 0 0 0 0 0 0 0 0 0 0 0 0 0 0 0 0 0 0 0 0 0 0 0 0 0 0 0 0 0 0 0 0 0 0 0 0 0 0 0
0 0 0 0 0 0 0 0 0 0 0 0 0 0 0 0 0 53 72 72 63 0 0 0 0 0 0 0 0 0 0 67 75 73 0 46 0 0 0 0 0 0 0 0 0 0 0 0 0 0 0 0 0 0 0 0 0 0 0 0 0 0 0 0 0 0 0 0 0 0 0 0 0 0 0 0 0 0 0
0 0 0 0 0 0 0 0 0 0 0 0 0 0 26 0 7 59 76 78 64 0 0 0 0 0 0 0 0 0 0 66 66 0 0 0 0 0 0 0 0 0 0 0 0 0 0 0 0 0 0 0 0 0 0 0 0 0 0 0 0 0 0 0 0 0 0 0 0 0 0 0 0 0 0 0 0 0 0
0 0 0 0 0 0 0 0 0 0 0 0 0 0 37 0 30 78 74 63 0 0 0 0 0 0 0 0 0 0 0 64 44 0 0 0 0 0 0 0 0 0 0 0 0 0 0 0 0 0 0 0 0 0 0 0 0 0 0 0 0 0 0 0 0 0 0 0 0 0 0 0 0 0 0 0 0 0 0
0 0 0 0 0 0 0 0 0 0 0 0 0 73 0 0 64 73 67 47 0 0 0 0 0 0 0 0 0 0 81 53 0 0 0 0 0 0 0 0 0 0 0 0 0 0 0 0 0 0 0 0 0 0 0 0 0 0 0 0 0 0 0 0 0 0 0 0 0 0 0 0 0 0 0 0 0 0 0
0 0 0 0 0 0 0 0 0 0 0 0 19 76 0 0 78 69 63 44 0 0 0 0 0 0 0 0 0 0 57 0 0 0 0 0 0 0 0 0 0 0 0 0 0 0 0 0 0 0 0 0 0 0 0 0 0 0 0 0 0 0 0 0 0 0 0 0 0 0 0 0 0 0 0 0 0 0 0
0 0 0 0 0 0 0 0 0 0 0 0 0 0 0 0 80 68 61 39 0 0 0 0 0 0 0 0 0 0 0 0 0 0 0 0 0 0 0 0 0 0 0 0 0 0 0 0 0 0 0 0 0 0 0 0 0 0 0 0 0 0 0 0 0 0 0 0 0 0 0 0 0 0 0 0 0 0 0
0 0 0 0 0 0 0 0 0 0 69 73 0 0 80 0 76 65 60 46 38 0 0 0 0 0 0 0 0 0 0 0 0 0 0 0 0 0 0 0 0 0 0 0 0 0 0 0 0 0 0 0 0 0 0 0 0 0 0 0 0 0 0 0 0 0 0 0 0 0 0 0 0 0 0 0 0 0 0
0 0 0 0 0 0 0 0 0 0 73 69 0 0 16 62 68 73 67 68 42 0 0 0 0 0 0 0 0 0 0 0 0 0 0 0 0 0 0 0 0 0 0 0 0 0 0 0 0 0 0 0 0 0 0 0 0 0 0 0 0 0 0 0 0 0 0 0 0 0 0 0 0 0 0 0 0 0 0
0 0 0 0 0 0 0 0 0 0 79 0 0 0 42 0 29 77 74 66 50 0 0 0 0 0 0 0 0 0 0 59 0 0 0 0 0 0 0 0 0 0 0 0 0 0 0 0 0 0 0 0 0 0 0 0 0 0 0 0 0 0 0 0 0 0 0 0 0 0 0 0 0 0 0 0 0 0 0
0 0 0 0 0 0 0 0 0 68 0 0 78 71 0 10 43 60 75 71 0 0 0 0 0 0 0 0 0 0 62 0 0 0 0 0 0 0 0 0 0 0 0 0 0 0 0 0 0 0 0 0 0 0 0 0 0 0 0 0 0 0 0 0 0 0 0 0 0 0 0 0 0 0 0 0 0 0 0
0 0 0 0 0 0 0 0 70 70 58 71 0 60 49 8 33 40 79 0 0 0 0 0 0 0 0 0 0 0 56 55 0 0 0 0 0 0 0 0 0 0 0 0 0 0 0 0 0 0 0 0 0 0 0 0 0 0 0 0 0 0 0 0 0 0 0 0 0 0 0 0 0 0 0 0 0 0 0
0 0 0 0 0 0 0 0 80 75 83 78 76 31 16 0 29 72 0 0 0 0 0 0 0 0 0 0 0 0 49 0 0 0 0 0 0 0 0 0 0 0 0 0 0 0 0 0 0 0 0 0 0 0 0 0 0 0 0 0 0 0 0 0 0 0 0 0 0 0 0 0 0 0 0 0 0 0 0
0 0 0 0 0 0 0 79 71 77 70 69 65 25 11 14 39 69 0 0 0 0 0 0 0 0 0 0 0 0 0 0 0 0 0 0 0 0 0 0 0 0 0 0 0 0 0 0 0 0 0 0 0 0 0 0 0 0 0 0 0 0 0 0 0 0 0 0 0 0 0 0 0 0 0 0 0 0 0
0 0 0 0 0 0 72 82 89 72 63 54 45 45 50 62 59 0 0 0 0 0 0 0 0 0 0 0 0 0 0 0 0 0 0 0 0 0 0 0 0 0 0 0 0 0 0 0 0 0 0 0 0 0 0 0 0 0 0 0 0 0 0 0 0 0 0 0 0 0 0 0 0 0 0 0 0 0 0
0 0 0 0 0 40 71 80 86 86 63 60 39 45 70 62 0 0 0 0 0 0 0 0 0 0 0 0 0 0 0 0 0 0 0 0 0 0 0 0 0 0 0 0 0 0 0 0 0 0 0 0 0 0 0 0 0 0 0 0 0 0 0 0 0 0 0 0 0 0 0 0 0 0 0 0 0 0 0
0 0 0 0 0 72 79 85 86 85 67 63 56 69 74 56 0 0 0 0 0 0 0 0 0 0 0 0 0 0 0 0 0 0 0 0 0 0 0 0 0 0 0 0 0 0 0 0 0 0 0 0 0 0 0 0 0 0 0 0 0 0 0 0 0 0 0 0 0 0 0 0 0 0 0 0 0 0 0
0 0 0 0 27 75 78 84 84 83 66 62 55 72 66 49 0 5 0 0 0 0 0 0 0 0 0 0 0 0 0 0 0 0 0 0 0 0 0 0 0 0 0 0 0 0 0 0 0 0 0 0 0 0 0 0 0 0 0 0 0 0 0 0 0 0 0 0 0 0 0 0 0 0 0 0 0 0 0
