---
OvercastDevelopment Cloudbase (BL CL) [m] Valid 1700 NZST ~Z75~(0500Z)~Z~ SUN 4 Jan 2026 ~Z75~[29hrFcst@2100z]~Z~
Model= RASP Region= NZ Grid= d1 Reskm= 6.0 Indexs= 1 79 1 99 Proj= lambert 6000 6000 -35.0000 -42.0000 176.0000 -38.5000 176.0000
Day= 2026 1 4 SUN ValidLST= 1700 NZST ValidZ= 500 Fcst= 29.0 Init= 22 Param= zblcl Unit= m Mult= 1 Min= 464 Max= 3658
1545 1530 1595 1586 1653 1670 1819 1767 2447 2234 2877 2803 2765 2710 3269 3231 3243 2484 2565 2560 2558 2595 2515 3226 3268 3137 3100 3258 3180 2940 2874 2878 2944 3083 3310 3414 3402 2630 2584 3212 3139 3144 3168 3194 3208 2402 847 862 873 879 879 873 864 858 854 850 849 848 848 848 849 851 853 855 853 847 836 1219 1221 834 837 836 1220 1217 1219 840 852 864 871
1587 1559 1532 1571 1567 1578 1586 2005 2487 2305 2268 2236 2900 2797 2627 2469 2497 2552 2608 2621 2634 2675 2742 1943 2735 2655 3348 3284 3309 3273 3125 2944 2968 3036 3178 3330 3358 3390 2639 3327 3180 3150 3190 3207 3217 2409 839 855 866 873 874 869 863 860 858 857 858 858 857 857 858 860 861 861 857 841 838 840 841 843 844 844 841 840 844 855 869 879 883
1601 1556 1513 1483 2020 1930 1799 1784 2245 2315 2305 2291 2810 2742 2557 2540 2559 2600 2659 2684 2714 2788 2373 1557 2852 2793 2769 2769 3633 3658 3429 3145 3036 3034 3107 3205 3295 3367 2630 3358 3202 3157 3201 3214 3224 2416 2434 844 857 865 867 865 862 861 863 864 865 865 864 865 866 867 867 866 856 842 845 847 848 850 851 851 850 851 856 867 880 889 890
1588 1538 1491 2031 1959 1835 2369 2217 2190 2232 2154 2093 2789 2670 2573 2568 2582 2608 2678 2706 2732 2784 2300 1612 1304 2784 2922 3119 1935 3394 3026 2763 3342 3213 3177 3202 3274 3361 2590 3315 3226 3231 2420 2416 2430 2446 2463 2476 848 859 864 865 866 867 870 872 872 868 866 866 866 866 867 864 854 844 848 851 853 856 858 859 860 862 868 878 886 892 892
1562 1518 2065 2008 1881 1769 1855 2261 2347 2103 1836 2152 2766 2697 2608 2592 2595 2653 2692 2711 2723 2756 2145 1531 1409 2481 2772 1666 1659 1390 1585 1733 1775 1441 2570 2582 2604 2633 2636 3336 3270 2496 2563 2474 2497 2494 2507 837 859 879 888 896 898 899 900 898 893 883 882 884 883 879 872 864 858 861 865 869 872 876 879 880 880 882 885 884 888 891 889
1531 1498 2048 1974 1794 2142 2198 2639 2745 2911 1832 2089 2729 2662 2651 2647 2653 2688 2715 2729 2729 2755 2117 1963 1275 1273 2558 1725 1669 1518 1589 1740 1539 1512 2693 2775 2807 2806 2811 2714 2601 2597 2556 2523 2494 2513 2525 2530 842 863 878 891 900 908 908 907 905 902 902 901 895 884 881 879 880 882 886 891 896 899 900 899 899 898 895 888 889 889 889
1503 2066 2026 1924 2778 2724 2697 2651 2556 2677 2284 2749 2717 2695 2649 2671 2683 2709 2729 2741 2738 2771 2092 2202 1543 1312 2448 2745 1532 1325 1536 1450 1407 2951 2817 2859 2885 2881 2836 2708 2592 2625 2641 2557 2510 2524 2545 2531 2541 837 851 870 884 891 906 917 922 925 927 924 912 901 896 894 895 898 903 909 913 916 916 915 912 907 902 892 890 891 890
1481 2038 1992 1848 2739 2692 2732 2067 2185 2434 2228 2102 2731 2744 2723 2685 2700 2717 2729 2745 2745 2740 2101 2148 2186 1662 1555 2559 2458 1163 1320 1591 1514 3141 2936 2901 2873 2874 2842 2718 2605 2656 2697 2648 2532 2535 2543 2525 2561 2544 843 862 874 887 919 938 948 954 955 946 927 909 904 903 903 907 914 921 925 927 926 923 918 913 908 896 891 894 891
2052 2012 1948 1763 2730 2722 2780 2376 2323 2220 2149 2797 2774 2801 2779 2775 2778 2791 2797 2804 2802 2069 2131 2189 2147 1608 1639 2626 2281 1388 1306 2893 2950 2551 2952 2909 2866 2782 2735 2676 2615 3398 2631 2627 2597 2538 2524 2554 2546 2561 849 856 880 909 950 968 980 984 978 961 937 917 913 910 909 914 922 929 933 934 931 925 920 919 915 897 895 897 894
2041 1987 1903 2329 2762 2784 2196 2213 2307 2207 2114 2800 2090 2103 2078 2082 2079 2091 2089 2098 2103 2118 2160 2212 2155 1594 1653 2771 1249 1451 1535 2485 2776 2539 2924 2881 2854 2780 2814 2838 2819 2789 2756 2714 2613 2569 2541 2542 2550 2584 2591 863 878 937 988 1008 688 687 998 973 946 927 923 920 919 923 930 935 938 937 931 925 923 925 918 898 898 900 898
2027 1959 1858 2321 2096 2181 2245 2209 2164 2081 2138 2119 2133 2120 2100 2110 2104 2116 2114 2122 2129 2147 2158 2250 2180 1537 1682 1556 1361 1372 1333 2858 2498 2477 2931 2832 2857 2854 2939 3022 2917 2741 2644 2599 2634 2684 2561 2540 2581 2563 2608 849 877 955 689 701 705 701 690 986 954 938 932 928 928 933 938 940 941 938 932 926 926 930 920 898 902 903 899
2003 1923 1814 2315 2204 2243 2255 2223 2169 2098 2168 2174 2154 2129 2116 2128 2120 2134 2133 2143 2148 2172 2117 2155 2226 2176 2200 2220 1392 1308 2441 2582 2898 2427 3015 2831 2763 2777 2854 3013 2982 2780 2585 2536 2644 2745 2724 2585 2568 2603 2615 2623 925 1000 698 712 716 709 697 998 962 942 935 931 934 939 944 946 945 941 935 931 932 932 919 903 904 902 897
1963 1879 1775 2304 2231 2223 2236 2225 2185 2120 2193 2197 2160 2137 2129 2139 2128 2145 2148 2163 2165 2181 2104 2203 2201 2127 2257 2231 1080 1412 2431 2492 2617 2910 3032 2882 2731 2696 2742 2932 3020 2888 2654 2522 2589 2649 2669 2702 2642 2616 2643 875 691 700 714 718 719 713 701 1007 970 945 938 938 944 948 951 951 950 946 941 939 937 933 918 905 904 899 892
1916 1834 2406 2292 2243 2212 2174 2236 2203 2139 2199 2198 2161 2146 2139 2141 2132 2152 2160 2177 2183 2158 2145 2240 2316 2195 2324 2260 1105 1386 3245 2514 2500 2647 2845 2925 2799 2652 2659 2853 3040 3050 2817 2624 2617 2767 2811 2768 2695 2653 979 921 706 718 729 729 722 717 708 689 973 954 948 951 955 958 959 956 953 950 948 946 940 933 924 905 900 891 882
1870 1794 2373 2280 2247 2208 2167 2251 2216 2144 2176 2189 2162 2155 2146 2139 2135 2161 2170 2194 2203 2132 2184 2264 2390 2277 2374 2316 1111 1288 3241 2498 2476 2544 2661 2853 2824 2668 2639 2761 2952 3053 2961 2811 2854 2905 2760 2683 2785 712 2703 704 713 714 735 738 733 725 717 696 975 962 957 954 956 958 961 961 958 955 954 948 953 947 930 902 894 882 872
1828 1760 2341 2262 2239 2205 2168 2259 2219 2136 2098 2162 2157 2155 2149 2138 2140 2172 2192 2232 2226 2178 2233 2287 1780 2356 1772 2389 909 2591 3232 2499 2512 2560 2576 2723 2852 2832 2757 2754 2851 2957 2937 2955 2364 2944 2639 2605 2705 693 2726 725 708 717 728 746 748 734 717 699 991 963 958 956 959 963 961 962 962 959 956 971 970 958 933 900 888 874 864
1790 2384 2307 2237 2182 2205 2161 2224 2237 2135 2785 2796 2141 2149 2147 2144 2155 2193 2219 2252 2190 2254 2307 2332 1819 1810 1908 1885 1180 2568 3210 2489 2506 2575 2620 2705 2944 2466 2348 2841 2832 2872 2884 3002 2415 2995 2701 2620 2651 2759 708 711 725 729 741 745 746 736 719 705 688 986 966 966 969 968 972 967 965 968 983 989 982 965 934 898 886 872 862
2408 2338 2272 2212 2143 2182 2149 2162 2170 2148 2781 2718 2769 2129 2140 2144 2153 2174 2172 2220 2285 2329 2370 1804 1859 1904 1997 1512 1867 2553 3242 2548 2570 2643 2720 2777 2287 2671 2714 2400 2884 2852 2904 3036 2381 2928 2730 2620 2628 2781 788 718 735 758 757 736 719 728 724 704 693 989 967 969 963 958 967 975 982 1001 1004 1001 991 970 935 898 887 877 869
2343 2284 2229 2187 2138 2156 2148 2139 2110 2094 2071 2739 2722 2727 2097 2076 2082 2154 2203 2288 2346 2386 2418 1853 1901 1931 2057 1589 1843 2588 3301 2572 2591 2693 2831 2950 2304 2567 2260 2780 2469 2303 2996 2408 2418 2924 2739 2690 2783 2867 2858 757 741 764 759 727 701 721 727 694 978 976 961 957 958 959 956 972 1003 694 693 1011 998 975 937 897 890 884 881
2275 2230 2187 2162 2162 2161 2165 2143 2105 2632 2070 2797 2752 2748 2768 2081 2155 2218 2283 2362 2416 1793 1860 1847 2003 1512 2026 1682 1870 2632 2544 2598 2637 2872 2338 2472 2496 2525 2222 2519 2363 2608 1157 2422 2439 2956 2774 2766 2833 2906 2889 2818 757 746 748 722 711 719 710 981 967 964 955 960 962 962 961 973 696 701 702 693 1005 982 940 895 893 894 895
2217 2181 2151 2139 2202 2206 2207 2172 2143 2073 2626 2092 2796 2791 2080 2149 2232 2324 2361 1769 1833 1899 1979 1984 1555 1650 1758 1625 1940 2636 2574 2671 2703 2283 2561 2082 2138 2091 2194 2666 2275 1278 1208 2415 2340 2903 2730 2736 2791 2805 2906 815 796 739 729 717 722 714 700 1004 984 964 960 959 961 963 967 990 704 708 711 699 689 990 944 893 897 905 912
2181 2149 2127 2127 2246 2268 2264 2226 2204 2173 2094 2119 2177 2168 2188 2257 2356 2415 1795 1839 1908 1976 2065 1494 1530 1290 2095 1619 1975 2648 3379 2777 2869 2412 2043 2284 1488 1530 1507 2195 2469 1532 2679 2417 2283 2846 2685 2656 2684 2820 2280 881 828 740 710 719 722 712 702 697 1005 982 966 963 973 967 980 693 708 716 719 705 697 1001 949 895 904 918 929
2166 2135 2116 2131 2288 2320 2313 2291 2300 2333 2283 2182 2352 2369 2394 1766 1791 1829 1847 1907 1960 1994 2018 2069 1593 1867 2074 1638 2121 2805 3328 2829 2326 2584 2109 1777 1484 1599 1706 2400 2636 1440 2211 2439 1268 2809 1194 1206 1308 1039 2343 2403 710 771 714 724 721 718 714 704 693 1011 991 980 978 980 989 710 716 726 725 712 707 1014 956 901 915 935 951
2168 2136 2120 2152 2324 2354 2355 2364 2404 1771 1771 1759 1777 1806 1814 1829 1855 1869 1883 1906 1934 2059 1564 1572 2039 1997 2038 2158 1653 2325 3339 2810 2347 2665 1608 1748 1809 1530 1729 1765 2395 1470 1499 1413 1346 1233 1247 1295 1342 1008 2300 2536 885 865 722 739 727 731 726 717 716 718 705 689 994 997 693 719 727 739 732 721 715 696 966 912 930 955 976
2181 2152 2137 2184 2366 2391 2404 1761 1805 1846 1825 1788 1774 1793 1819 1839 1841 1865 1934 1987 2045 1817 1928 2062 2178 2182 2102 2155 1654 2477 2648 2881 2344 2143 1794 1846 1808 1457 1599 1578 2447 2368 1566 2559 1379 1290 1310 1397 1001 962 2909 2514 879 693 735 754 742 745 735 736 745 742 731 699 693 693 716 725 740 750 739 728 723 703 978 926 947 976 1000
2200 2177 2164 2223 1763 1771 1778 1805 1858 1881 1867 1859 1853 1865 1885 1902 1904 1951 2441 1847 1865 1879 1962 2186 1785 1749 2201 1668 1734 1994 2810 3025 2478 1658 1935 1548 1489 1838 1911 1711 2070 1847 1700 1339 1524 1418 1406 1466 1034 1302 976 2373 2501 2428 763 764 760 760 746 754 751 744 736 726 718 719 727 732 750 758 745 734 728 709 992 941 964 995 694
2224 2203 2191 2264 1810 1813 1815 1847 1908 1955 1940 1901 1885 1919 1938 1898 1959 1851 1912 1958 1963 1980 2006 2222 1818 1822 1727 1827 1913 2193 2986 2521 2216 1776 1948 1622 1575 1856 1880 2613 2546 2555 1655 1610 1370 1281 1170 1450 1331 1263 923 1285 2304 2345 812 768 768 774 759 763 750 746 745 749 736 742 736 738 756 763 750 736 730 716 1007 952 977 1012 708
2259 2233 2218 2308 1859 1849 1845 1879 1934 1957 1942 1928 1914 1888 1915 1965 1886 2017 2059 2079 2126 2138 2102 2218 1798 1829 1808 1907 2035 2265 2492 2202 1759 1935 1937 1960 1876 1807 1822 2474 2258 2497 2470 1505 1385 1210 1146 1382 1267 1227 1206 1168 2146 2291 767 778 766 782 773 770 753 757 768 769 759 747 754 743 759 767 752 737 731 723 694 961 990 698 720
2300 2267 2262 2355 1892 1869 1861 1889 1926 1939 1883 1869 1903 1931 1937 1846 2023 2158 2179 2167 2281 1760 2233 1761 1892 1868 1804 1880 1988 2224 2165 2474 1844 1946 1988 1653 1970 1872 1583 1718 2709 2486 1420 1383 1204 1481 1435 1377 1293 1230 1200 1204 1201 1218 1159 758 757 785 782 769 758 766 783 777 752 754 760 752 762 766 752 738 731 730 704 968 1002 709 731
2340 2303 2305 2401 1890 1877 1884 1893 1854 1860 1933 1913 2373 1816 1868 2002 2151 1695 2253 2260 1794 1839 1781 1906 2005 1857 1780 1937 1952 2287 2475 2209 1955 2002 1747 1942 1907 1738 1770 1869 2700 2446 1323 1268 1165 1275 1174 1139 1081 992 948 960 913 880 687 735 750 785 790 781 766 774 776 782 759 733 756 757 763 762 752 741 730 737 713 973 1014 718 739
2375 2339 2348 1766 1871 1886 1878 1833 1838 1927 2460 1907 1938 1980 2028 2139 1673 1685 2237 1747 1832 1845 1914 2037 1958 2356 1899 2092 1973 2410 2110 1940 2055 2047 1827 1718 1752 1918 1894 1896 1831 2486 1167 1204 1167 950 1084 999 918 812 1067 1029 940 929 710 708 756 784 795 794 777 769 765 783 769 731 746 743 761 759 751 746 730 742 721 979 695 725 746
2419 2386 2387 1786 1888 1882 1860 1865 1904 1891 1990 2108 2086 2118 2173 1685 1732 1682 2233 1823 1932 1926 2007 2075 1840 2262 1945 2151 2051 1990 2178 2051 2067 2087 1896 2031 1739 2068 1716 1722 1698 1355 1152 1153 1100 992 972 1045 965 906 848 745 982 693 715 719 773 790 801 802 785 773 771 785 777 741 754 732 751 760 756 752 737 745 726 984 698 729 749
1775 1759 1759 1803 1912 1860 1843 1890 1953 2136 1791 1946 2439 2245 2237 1756 1761 1725 1699 1844 1970 2008 2075 2056 1803 2238 1824 1984 2027 2078 2280 1734 1802 1878 2059 1767 1869 1755 1828 1709 1665 1344 1241 1134 1053 961 904 890 1054 1009 955 831 721 743 724 736 784 792 803 796 780 781 780 783 801 791 756 733 747 756 762 752 745 748 729 984 700 730 751
1790 1776 1776 1816 1899 1850 1874 1990 2099 2222 3216 3407 2423 2275 2253 1779 1793 1746 2223 1728 1846 1972 2045 1923 2270 2278 1797 2365 2460 2189 2039 1911 2319 2236 1885 1761 1820 1757 1619 1664 1695 1626 1448 1327 1175 1047 929 888 945 827 756 737 886 735 707 740 782 800 811 794 778 789 789 782 771 758 751 745 747 744 765 752 750 751 729 981 700 728 750
1805 1791 1792 1825 1888 1867 1914 2017 2155 1735 2118 3025 3322 2192 2242 1776 1799 1759 2229 1683 1753 1846 1818 2210 2117 2305 1877 1865 1958 2292 2117 2072 2200 2083 1576 1698 1791 1897 1661 1541 1469 1475 1577 1372 1344 1157 975 918 975 1016 905 931 816 856 738 760 771 793 811 798 779 795 801 783 756 744 769 766 746 736 766 756 752 754 726 980 698 726 748
1825 1807 1813 1834 1885 1892 1965 1528 1602 1787 1939 1910 2553 2994 2145 1753 1781 1753 1686 1726 1757 1771 2272 2115 2117 1807 1963 2015 2113 1880 1826 1984 1921 1779 1577 1418 1415 1581 1746 1523 1429 1401 1550 1410 1358 1133 1036 968 880 931 914 795 699 778 839 750 748 793 810 814 797 803 809 790 752 815 869 768 741 725 765 760 753 756 723 983 698 724 744
1843 1831 1839 1863 1884 1942 2061 1598 1612 1706 2002 2105 2453 2366 2562 1687 1756 1742 1693 1751 1780 1779 2287 2110 2140 1816 1917 2012 2107 1872 1608 1482 1476 1379 1625 1440 1431 1339 1487 1424 1414 1312 1332 1353 1227 1222 1157 1118 994 821 755 781 740 816 905 750 734 795 811 806 815 803 807 798 770 863 704 849 733 713 762 763 756 757 721 991 698 720 737
1858 1853 1865 1897 1927 1991 1498 1644 1262 1686 1626 2530 2380 2403 1963 1671 1749 1722 1686 1767 1795 1756 2218 2062 2102 2300 2351 1882 2032 1871 1357 1346 1360 1237 1396 1537 1489 1430 1374 1375 1445 1351 1295 1329 1239 1103 1061 907 950 786 823 788 721 865 684 893 847 794 773 801 790 782 793 782 764 822 890 843 736 706 757 767 758 757 722 1002 700 716 728
1871 1871 1889 1928 1960 2007 2070 1668 1293 1760 1651 1831 2314 2419 2026 1653 1723 1679 1691 1776 1808 1724 2143 2052 2117 2244 1765 1915 1579 1536 1300 1520 1241 1167 1315 1573 1529 1396 1535 1412 1468 1472 1305 1279 1338 1039 965 971 898 845 752 798 702 772 846 798 697 865 863 821 803 791 800 822 834 833 784 785 734 704 755 775 762 758 725 1013 702 713 720
1884 1889 1912 1957 1991 2028 1505 1676 1330 1348 1469 1188 2369 2446 2047 1576 1617 1612 1682 1796 1817 1748 2222 2119 2156 2212 1797 2018 1694 1259 1505 1370 1457 1236 1461 1622 1738 1431 1353 1486 1585 1709 1339 1268 1192 1029 1013 924 891 819 767 744 765 709 738 901 801 725 665 852 858 883 916 737 744 711 628 769 730 704 753 786 771 762 730 694 705 712 717
1896 1906 1934 1983 2030 2073 1549 1692 1359 1373 1405 1080 1045 1932 2023 1524 1569 2137 1616 1726 1762 1782 2320 2213 2127 2171 1765 1962 1714 1491 1230 1410 1278 1359 1387 1586 1600 1232 1415 1464 1544 1697 1365 1246 1158 1098 1085 1022 1039 965 817 803 793 761 805 714 888 827 741 656 916 734 898 1007 771 941 642 827 739 707 746 794 781 767 736 699 709 715 720
1910 1923 1954 2007 2069 1529 1599 1699 1370 1076 1422 1348 1394 1433 1755 1525 1560 2039 1601 1689 1728 1799 2377 2292 2182 2208 1806 1882 1504 1672 1720 1614 1372 1266 1331 1427 1328 1203 1336 1658 1426 1567 1465 1194 1215 1247 1169 1237 1142 1061 933 767 912 802 910 800 894 887 833 735 955 791 1012 935 927 884 646 872 742 719 733 795 789 775 744 704 716 721 727
1923 1938 1972 2030 1521 1589 1643 1703 1375 1465 1081 1095 1196 1230 1403 1280 1637 1667 2041 2155 2183 1724 1917 1915 2235 2251 1902 2031 1988 1562 1726 1554 1403 1067 1405 1344 1326 1329 1076 1360 1697 1493 1381 1523 1589 1867 1878 1849 1194 1104 993 792 855 761 896 881 805 725 919 850 1002 1085 1069 984 831 937 687 606 753 736 717 791 800 784 753 709 724 730 737
1933 1951 1987 2054 1575 1640 1673 1745 1389 1456 1053 1106 1136 1120 1133 1313 1293 1374 1505 1744 1440 1573 1335 1387 1620 1875 1957 1804 1590 1626 1517 1450 1557 996 1113 1183 1203 1056 1291 1072 1274 1378 1383 1703 1524 1842 1826 1777 2166 2219 992 922 920 886 898 800 772 764 788 929 1070 1066 1043 1020 912 958 693 862 741 743 702 782 805 794 761 714 731 739 746
1937 1960 1999 2077 1633 1689 1714 1306 1408 1455 1483 1067 1113 1092 1087 1129 1179 1377 1185 1225 1263 1241 1332 1462 1522 1348 1725 1704 1763 1504 1134 1391 1223 845 1018 1256 1141 1312 1260 1327 1292 1380 1580 1373 1555 1794 1717 2040 1932 1924 2023 1128 1059 968 981 1021 957 876 981 1073 969 1078 1163 1076 1881 801 715 802 717 755 1007 771 805 802 770 720 738 746 754
1929 1955 2001 1506 1677 1741 1261 1363 1432 1470 1490 1490 1059 1094 1081 1075 1081 1156 1209 1124 1156 1612 1198 1277 1439 1497 1246 1509 1533 1039 970 1245 1116 762 670 706 1332 1535 1560 1308 1329 1413 1394 1468 1590 1292 1536 1788 2130 2122 2240 1819 1036 1046 1077 1040 1117 908 924 984 1113 1092 1051 1100 1191 837 636 736 731 801 751 760 805 811 779 724 742 752 761
1913 1943 1990 1504 1718 1301 1353 1377 1458 1037 1057 1054 1058 1068 1060 1054 1077 1113 1131 1533 1581 1616 1628 1602 1223 1458 1310 1075 950 934 929 1098 1212 1001 979 1224 1526 1881 1579 1643 1646 1631 1536 1614 1515 1338 1267 2033 1960 1972 2048 2240 1821 2358 2126 1182 1095 1029 986 1035 1072 2291 1102 1060 986 845 856 725 804 926 872 786 803 806 790 729 746 757 767
1896 1927 1977 2074 1255 1391 1411 1425 1468 1070 1080 1068 1058 1056 1057 1048 1076 1103 1033 1103 1576 1621 1533 1477 1538 1310 1192 1121 1062 988 1156 1248 1173 1210 1354 1413 1526 1565 1667 1700 1336 1311 1207 1179 1359 1278 1221 2427 1869 1929 2030 2240 2286 2184 1938 2195 1167 1088 1137 1093 1336 1157 1130 1022 792 819 832 774 911 750 683 606 810 801 791 733 748 760 772
1895 1913 1950 2048 1750 1408 1462 1469 1032 1045 1036 1484 1479 1487 1044 1065 1074 1483 1436 1448 1565 1356 1679 1546 1572 1320 919 1098 929 997 1002 1085 1089 1204 1432 1723 1493 1968 1978 1739 1382 1379 1310 1472 1540 1388 1392 1667 2389 1845 2040 2245 2203 2064 2186 2388 2172 2221 1166 1358 1236 1132 1210 1049 787 720 812 806 966 786 748 663 851 800 792 737 749 762 774
1904 1917 1949 2017 1685 1392 1462 1453 1445 1432 1422 1426 1438 1480 1046 1034 1471 1416 1403 1391 1499 1504 1493 1675 1668 1089 912 1025 856 961 1093 1126 1154 1360 1361 1601 1489 1613 1306 1405 1448 1448 1603 1423 1378 1615 1637 1785 2390 2256 1879 2149 2110 1926 1945 2156 1945 2003 2351 1215 1325 1128 1165 754 790 903 803 876 816 871 787 712 645 834 787 742 751 762 772
1920 1930 1962 2003 1584 1277 1433 1030 1485 1455 1435 1431 1439 1447 1453 1425 1408 1384 1368 1377 1436 1803 1418 1702 1406 1139 1065 992 1098 804 811 1078 1209 1483 1221 1154 1207 1290 1267 1289 1410 1298 1661 1518 1391 1516 1578 1792 1921 2228 2235 1926 2073 1923 2399 2022 2301 2323 2292 2277 1335 1200 849 679 693 971 869 939 899 952 805 692 628 571 797 749 752 760 764
1944 1953 1983 2015 1496 1662 1320 1462 1486 1457 1425 1404 1399 1381 1372 1356 1366 1359 1322 1382 1361 1541 1647 1692 1386 1362 1082 963 869 775 716 928 1161 1226 1200 1104 1172 1323 1290 1454 1403 1470 1510 1533 1504 1542 1915 2184 2001 1763 2168 2336 2092 1998 2383 1924 2241 1896 2298 2294 1136 912 686 622 662 840 987 1010 896 972 845 943 853 837 807 757 753 757 756
1966 1978 2008 2037 2056 1555 1694 1350 1419 1424 1402 1374 1361 1344 1341 1336 1337 1351 1339 1362 1424 1423 1475 1535 1597 1581 1481 1357 753 805 978 987 1203 1145 1185 1160 1254 1323 1342 1263 1315 1444 1419 1498 1583 1550 1878 2138 2039 1895 2262 2318 2062 2069 1854 2412 2163 2290 2118 2154 990 875 759 807 718 760 841 958 817 830 966 771 881 571 812 765 753 753 749
1983 1998 2027 2060 2075 1533 1612 1735 1328 1375 1378 1362 1353 1342 1333 1331 1342 1352 1336 1374 1456 1534 1526 1472 1520 1525 1402 1478 1008 931 1063 914 1174 1182 1300 1243 1291 1319 1368 1161 1213 1449 1299 1556 1605 1511 1498 1763 2057 1980 1783 1731 2052 2130 1950 2376 2046 2085 1950 2090 956 863 852 799 786 844 843 870 785 824 837 874 694 624 817 773 756 752 745
1994 2012 2037 1491 1508 1551 1601 1653 1704 1278 1334 1358 1356 1335 1301 1274 1289 1318 1356 1387 1495 1577 1482 1889 2042 1545 1884 1347 1542 984 1172 754 821 947 878 1195 1325 1245 1396 1329 1170 1101 1413 1515 1503 1849 1528 1485 1905 1906 1870 1833 1651 1708 1679 2225 2334 1906 1937 2043 932 1024 991 897 865 820 868 817 810 921 867 886 732 653 820 781 760 754 747
2001 2020 2046 1504 1543 1555 1565 1620 1659 1687 1708 1728 1739 1731 1716 1743 1275 1341 1388 1379 1489 1416 1748 1799 1527 1538 1889 1833 1440 1118 1264 899 816 865 1005 1114 1479 1181 1083 1144 1261 1097 1293 1386 1768 1822 1524 1773 1742 1784 1948 1567 1592 1497 1455 2047 2116 1766 1896 1938 2032 975 1080 979 926 903 853 813 778 885 884 721 777 702 586 791 766 758 751
2004 2024 2049 1506 1564 1577 1576 1574 1573 1627 1652 1676 1686 1685 1695 1751 1307 1377 1421 1374 1419 1387 1379 1655 1829 1519 1908 1832 1392 1506 1115 1096 1014 905 1031 1361 1099 1168 1090 1192 1200 1415 1443 1744 1756 1902 1557 1773 1833 1733 1385 1508 1595 1475 1378 2038 2083 1641 1745 1798 2005 2156 936 954 1044 1060 1082 878 754 839 905 848 899 752 620 805 775 765 757
2003 2023 2046 1494 1563 1582 1579 1572 1573 1574 1564 1612 1644 1658 1693 1250 1339 1363 1382 1376 1358 1370 1389 1655 1741 1664 1655 1408 1334 1451 1483 1252 993 1089 1169 1068 1108 1193 1123 1163 1134 1337 1388 1404 1153 1232 1476 1741 1589 1442 1354 1466 1536 1494 1347 2054 2065 1541 1623 1685 1896 1613 1662 1735 2009 1851 1067 974 792 674 810 884 919 729 622 819 787 773 763
1998 2017 2038 2066 1551 1568 1567 1541 1544 1566 1563 1535 1532 1584 1672 1259 1338 1400 1374 1372 1328 1336 1719 1789 1948 1809 1366 1509 1330 1378 1417 1568 1161 802 946 1125 1093 1178 1099 1169 1170 1200 1298 1222 1163 1497 1241 1162 1743 1314 1472 1401 1410 1446 1710 2047 2061 1543 1619 1661 1786 1461 1688 1888 1892 1942 1795 1066 1116 936 705 851 831 736 675 834 799 782 770
1978 1999 2020 2048 1532 1544 1545 1504 2071 1514 1536 1534 1563 1653 1755 1314 1365 1385 1361 1326 1338 1399 1729 1857 1549 1637 1584 1436 1408 1432 1425 1544 1118 920 845 877 1083 1027 1373 1105 1174 1084 1177 1276 1434 1356 1079 1118 1110 1338 1133 1480 1381 1370 1350 1512 1578 1616 1651 1675 1711 1684 1961 1810 1838 1815 2044 2015 1097 1049 831 769 732 996 710 566 812 793 777
1951 1972 1995 2024 1512 1530 1511 1519 1505 1492 1504 1555 1627 1707 1268 1333 1357 1334 1340 1295 1318 1811 1828 1859 1445 1414 1820 1309 1454 1101 1178 1030 920 1189 1113 1003 1233 1327 1083 1029 1034 1086 944 1227 1281 1194 1251 1307 1267 1222 1116 1036 1045 1410 1281 1627 1631 1651 1667 1627 1562 1516 1688 1914 1611 2237 2107 1982 1700 1036 849 784 777 911 693 588 827 805 786
1928 1948 1971 2000 1492 1515 1535 1550 1554 1568 1597 1647 1709 1249 1314 1323 1322 1328 1344 1296 1301 1322 1775 1765 1810 1851 1759 1769 1409 1166 996 899 774 801 1178 944 1120 1416 937 940 814 916 1086 1096 1162 1111 1168 1010 1146 1111 1464 1217 1082 1383 1746 1658 1664 1666 1674 1634 1610 1686 1697 1825 1584 1831 1961 1663 1781 932 856 795 742 952 665 615 564 818 795
1923 1939 1962 1988 2057 1522 1577 1596 1616 1641 1669 1707 1757 1290 1300 1320 1330 1335 1310 1290 1276 1763 1773 1296 1332 1392 1800 1778 1395 1160 1039 743 665 771 1135 1275 1541 1103 1042 918 837 1080 1085 1278 1488 1492 1144 1017 990 1214 1105 1051 1048 1344 1746 1712 1702 1704 1699 1706 1759 1342 1364 1444 1338 1219 1254 1769 1827 1774 880 841 790 965 732 700 624 830 801
1947 1957 1977 2000 2053 1559 1620 1641 1660 1674 1690 1744 1255 1286 1304 1305 1295 1299 1281 1268 1277 1260 1709 1806 1421 1508 1442 1479 1131 1223 1056 640 888 1074 974 1154 1558 1217 962 1215 1239 1102 1540 1511 1465 1166 893 736 930 1141 1062 1458 1423 1311 1254 1761 1738 1748 1760 1273 1340 1451 1198 1104 1286 1190 1194 1637 1520 1729 1520 867 811 969 752 771 665 840 806
1998 2002 2018 2037 1488 1580 1646 1679 1690 1702 1720 1733 1262 1271 1259 1258 1257 1275 1285 1275 1307 1313 1784 1361 1486 1591 1184 958 1050 978 950 975 1018 977 1188 1415 1213 1283 1218 1270 1094 1384 1409 1061 1147 1222 930 728 1242 1085 1490 1414 1355 1281 1257 1247 1245 1266 1299 1344 1426 1094 890 1028 1204 1242 1240 1513 1493 1490 1608 1805 1686 894 838 885 601 562 809
2062 2064 2077 1499 1501 1590 1686 1699 1704 1710 1724 1251 1252 1759 1750 1764 1267 1290 1326 1314 1343 1387 1358 1451 1574 1177 1318 1053 1002 937 934 1200 1176 1107 1419 1429 1344 1150 1290 1061 1036 1042 1061 1092 1161 1230 939 702 1180 1057 1466 1380 1316 1267 1245 1244 1277 1317 1358 1417 1052 1160 930 1156 1166 1101 1465 1387 1431 1444 1475 1593 1468 1679 1156 1015 815 840 814
1538 1542 1555 1557 2065 1626 1709 1711 1711 1747 1261 1264 1256 1256 1273 1297 1328 1344 1392 1389 1392 1412 1457 1525 1143 1238 982 1013 1251 1165 1177 1230 1115 1421 1388 1221 1245 1469 1150 1451 1476 1051 1072 1092 1157 1229 906 965 1106 1468 1425 1346 1293 1259 1250 1288 1337 1385 1430 1035 1119 1223 945 1169 1147 1112 1049 1401 1365 1385 1403 1379 1754 1647 1065 920 806 838 818
1591 1602 1618 1622 2074 1676 1734 1736 1264 1291 1302 1312 1326 1340 1364 1387 1421 1434 1477 1474 1492 1506 1574 1570 1122 999 771 765 1233 1143 1204 1201 1078 1403 1467 1453 1359 1413 1101 1449 1432 1460 1033 1063 1111 1202 858 886 1054 1429 1391 1327 1289 1275 1310 1370 1412 1453 1033 1102 1183 877 927 1149 1154 1191 1113 1438 1405 1397 1370 1320 1730 1660 1363 863 793 836 821
1629 1648 1672 1690 1572 1736 1261 1319 1344 1358 1380 1402 1423 1449 1481 1488 1053 1057 1079 1065 1156 1216 1221 1159 1165 1013 748 890 1013 1351 1435 1281 1086 1451 1496 1296 1352 1636 1510 1444 1424 1436 1461 1037 1076 1162 1218 1228 1487 1395 1370 1332 1316 1331 1381 1424 1466 1049 1104 1164 1236 913 1164 1161 1188 899 848 1063 1478 1437 1380 1303 1728 1685 1361 1222 783 836 824
1659 1688 1720 1759 1249 1310 1378 1412 1431 1448 1467 1037 1069 1090 1109 1081 1103 1100 1104 1084 1131 1290 1293 1218 1194 1269 1236 1009 1022 1135 1212 1328 1148 1056 1466 1604 1593 1535 1488 1445 1412 1443 1453 1040 1079 1099 1175 1197 1473 1373 1358 1349 1363 1400 1430 1465 1048 1087 1159 1209 875 946 1207 1008 1020 937 918 1168 1089 1451 1382 1310 1745 1723 1439 1207 781 837 826
1687 1723 1762 1296 1419 1465 1488 1053 1064 1071 1099 1119 1134 1139 1147 1121 1121 1113 1116 1090 1511 1142 1209 1257 1305 890 945 952 944 1136 823 1265 1146 1403 1347 1626 1735 1597 1481 1428 1408 1438 1445 1484 1061 1056 1115 1167 1487 1373 1357 1375 1415 1453 1472 1045 1088 1144 1194 1242 895 973 1009 700 994 964 932 1228 1103 1451 1382 1325 1264 1254 1027 1199 787 839 829
1717 1756 1275 1333 1072 1128 1139 1144 1140 1156 1167 1168 1168 1163 1161 1139 1138 1132 1128 1175 1504 1485 1103 1239 1197 944 910 924 1288 1038 985 869 1070 1686 1730 1483 1656 1538 1418 1416 1418 1438 1436 1459 1034 1066 1064 1133 1046 1399 1366 1402 1462 1034 1061 1090 1142 1180 1228 876 921 984 1025 1004 1003 975 936 1229 1091 1450 1390 1352 1319 1329 1034 1197 796 841 831
1753 1268 1305 1360 1112 1190 1203 1198 1181 1204 1205 1195 1188 1182 1180 1149 1158 1175 1158 1116 1499 1498 1257 944 1244 1160 1215 946 972 1261 1236 1151 1337 1613 1632 1888 1472 1338 1408 1402 1463 1450 1450 1465 1041 1046 1487 1102 1067 1438 1406 1444 1030 1071 1107 1150 1186 1220 859 892 952 982 987 970 1001 991 932 1191 1085 1454 1407 1383 1367 1377 1030 1201 806 842 832
1274 1304 1335 1387 1102 1199 1223 1217 1194 1221 1224 1215 1207 1202 1204 1191 1206 1202 1244 1146 1063 1079 1286 994 1316 1324 1324 834 798 892 1149 1140 1581 1671 1805 1937 1870 1329 1394 1429 1447 1435 1443 1470 1480 1462 1471 1079 1103 1480 1441 1034 1071 1102 1138 1194 1232 861 884 928 938 1012 961 974 985 986 899 1158 1089 1468 1431 1412 1401 1404 1031 1216 815 842 831
1316 1340 1363 1408 1089 1194 1219 1215 1191 1220 1226 1221 1219 1217 1215 1208 1219 1213 1184 1157 1148 1126 1221 1246 1308 1076 1137 1044 803 1005 1248 1374 1395 1469 1953 1816 1842 1338 1389 1425 1428 1442 1450 1479 1472 1449 1471 1075 1124 1077 1031 1058 1104 1126 1165 1223 860 888 921 907 1003 971 952 991 1005 980 861 1146 1096 1039 1459 1434 1420 1421 1045 856 821 840 830
1353 1371 1387 1425 1084 1188 1199 1192 1167 1199 1206 1206 1209 1215 1203 1194 1189 1262 1177 1154 1151 1231 1180 1203 946 1078 990 1095 834 1260 1240 1088 1617 1724 1639 1831 1702 1304 1363 1424 1455 1038 1034 1034 1475 1460 1032 1095 1149 1125 1055 1069 1115 1131 1177 857 890 901 932 985 996 963 990 1019 1003 955 850 1156 1112 1071 1031 1453 1429 1437 1068 937 825 836 829
1380 1395 1405 1437 1054 1164 1162 1157 1135 1165 1177 1178 1187 1200 1183 1168 1207 1277 1271 1207 1123 872 864 1184 1258 964 1137 1005 1116 1193 931 1495 1215 1441 1787 1955 1666 1300 1376 1433 1051 1072 1049 1032 1474 1482 1059 1117 1166 1161 1041 1047 1099 1134 1188 858 870 946 995 1001 986 1007 712 704 979 925 847 1167 1130 1097 1059 1466 1440 1458 1097 705 825 831 828
1392 1406 1412 1441 1488 1117 1115 1121 1101 1123 1145 1156 1166 1184 1164 1158 1226 1367 1300 1266 991 1101 1168 1209 1237 1201 1258 1309 1245 928 897 1075 1611 1725 2002 1799 1672 1360 1407 1474 1089 1067 1041 1470 1463 1040 1071 1122 1170 1159 1466 1433 1060 1117 1164 881 953 980 995 988 700 740 742 1015 931 903 1231 1174 1144 1118 1077 1475 1457 1030 1129 735 822 827 827
1393 1405 1411 1436 1465 1064 1072 1091 1070 1085 1126 1145 1162 1177 1145 1131 1296 1027 995 1100 1173 1210 1143 1114 1120 1077 1105 931 623 917 1244 1181 1643 1954 1721 1628 1639 1425 1453 1065 1076 1039 1460 1432 1465 1488 1067 1111 1164 1165 1468 1376 1438 1126 861 943 975 982 988 714 770 783 740 964 905 888 1221 1178 1155 1132 1088 1029 1028 1077 1167 754 818 823 824
1387 1395 1404 1421 1431 1033 1037 1067 1045 1049 1110 1134 1149 1166 1135 1145 1165 973 1277 1121 1136 1200 1115 798 1240 1240 1074 1155 1004 907 1246 1175 1496 1850 1708 1637 1698 1483 1460 1068 1473 1451 1425 1420 1441 1467 1029 1084 1165 1195 1074 1367 1402 1150 923 965 968 982 722 795 822 773 709 934 890 876 1216 1183 1164 1141 1099 1067 1083 1123 1206 766 813 819 822
1379 1386 1393 1401 1388 1465 1472 1050 1488 1044 1092 1123 1156 1164 1152 1247 1274 945 1208 1129 1122 1037 974 858 981 920 1267 1156 954 982 902 1431 1833 1824 1766 1357 1374 1439 1449 1468 1437 1416 1403 1391 1420 1430 1449 1032 1161 1242 1173 1442 1440 860 934 954 974 720 809 571 821 745 999 914 884 865 1212 1186 1169 1148 1119 1111 1132 1168 973 775 809 816 820
1375 1380 1382 1382 1372 1456 1460 1047 1490 1056 1088 1122 1153 1183 1177 1169 927 952 1256 1113 1099 954 1000 914 703 744 731 958 729 725 705 1388 1871 1802 1758 1304 1438 1409 1439 1422 1387 1367 1358 1360 1375 1387 1417 1462 1140 858 858 1114 1122 894 931 977 722 813 583 576 782 722 969 909 884 850 1210 1189 1176 1160 1146 1152 1178 1221 737 783 807 815 820
1373 1374 1373 1371 1380 1481 1468 1055 1042 1073 1108 1136 1154 1173 875 1235 935 944 975 1169 1063 920 930 946 985 1026 724 771 826 818 1129 1527 1442 1827 1294 1297 1460 1408 1414 1383 1347 1318 1303 1306 1321 1341 1383 1445 1104 1216 855 1230 892 934 983 731 816 587 590 823 742 699 950 910 880 1234 1208 1195 1188 1178 1174 1188 1220 750 768 793 811 818 824
1370 1368 1368 1365 1397 1056 1486 1066 1050 1104 1123 1151 1169 1203 1207 1268 957 929 927 1208 1236 920 904 857 944 999 708 785 808 814 942 1501 1449 1425 1352 1407 1475 1428 1400 1359 1327 1295 1276 1273 1277 1293 1346 1428 1056 1122 1142 878 958 1011 737 820 589 596 569 770 715 988 937 902 867 1228 1211 1209 1207 1199 1199 1219 752 798 792 805 819 826 830
1366 1363 1364 1368 1435 1090 1044 1076 1059 1113 1126 1147 1171 1271 1226 873 883 935 1251 1153 920 922 888 1235 908 977 701 767 778 956 1213 1524 1436 1440 1403 1467 1481 1444 1401 1373 1347 1320 1288 1273 1272 1289 1352 1427 1484 1058 1214 992 709 742 819 596 612 581 806 744 1004 955 919 891 859 1229 1224 1228 1225 1219 1226 1021 829 825 812 819 830 835 838
1361 1359 1363 1376 1483 1114 1063 1091 1073 1092 1092 1147 1259 1214 896 910 1263 943 1259 1210 902 893 876 872 924 946 995 718 745 1240 1663 1606 1056 1435 1460 1038 1030 1455 1434 1418 1397 1363 1330 1324 1338 1379 1427 1462 1042 1224 705 729 748 816 599 618 595 835 773 711 976 940 912 882 854 1239 849 851 846 848 927 845 571 842 829 833 842 845 845
1355 1355 1363 1395 1042 1120 1080 1111 1115 1124 1110 1119 1135 1191 911 1013 931 1287 1267 1245 904 857 853 860 889 907 953 710 1019 1508 1521 1112 1486 1032 1053 1061 1032 1473 1469 1465 1451 1423 1411 1449 1473 1047 1053 1083 869 721 749 754 810 608 627 614 574 800 741 1006 962 932 903 877 864 867 873 875 884 957 571 584 580 571 843 844 570 571 568
1344 1350 1364 1417 1059 1101 1086 1130 1126 1132 1139 1195 1182 1183 962 1039 927 1237 1224 1226 866 1240 1233 1235 1209 1161 1094 1460 1433 1439 1461 1477 1054 1073 1082 1063 1042 1039 1045 1049 1053 1050 1080 1102 1134 1163 1175 899 735 767 763 798 598 632 624 589 811 763 704 985 951 924 900 886 885 890 897 914 992 576 594 593 586 578 572 570 574 574 570
1331 1344 1366 1440 1088 1083 1080 1140 1149 1171 1183 895 988 899 1164 851 1218 1220 1296 1328 1250 1219 1182 1144 1083 1475 1417 1397 1441 1044 1056 1066 1108 1096 1085 1068 1062 1072 1079 1094 1114 1141 1174 1220 856 868 926 742 776 771 790 584 632 630 602 835 771 723 1001 966 941 922 910 907 910 917 940 719 584 602 605 598 591 585 578 573 575 575 571
1323 1341 1379 1464 1111 1090 1089 1128 1147 1260 981 998 780 711 951 994 931 1273 1359 1036 945 1201 1129 1061 1440 1389 1367 1390 1465 1086 1106 1158 1171 1125 1098 1086 1094 1099 1111 1132 1159 1200 860 889 908 963 748 788 785 787 835 625 640 620 584 804 741 1023 981 954 938 930 930 933 942 973 565 592 610 614 609 601 596 591 582 573 575 574 573
1322 1342 1397 1475 1108 1120 1132 1125 922 802 785 1005 1032 968 1011 757 953 971 971 979 1253 1156 1087 1464 1427 1423 1424 1443 1062 1140 1175 1153 1188 1128 1111 1117 1120 1125 1141 1162 1192 852 890 916 967 735 806 803 783 812 600 645 646 613 568 768 716 1000 968 951 942 940 950 975 570 586 606 622 627 621 610 603 599 594 583 572 574 574 575
1330 1360 1413 1484 1105 1137 1183 1226 1002 1007 954 916 930 950 1020 981 951 928 1285 1196 1148 1105 1071 1488 1496 1086 1089 1077 1086 1147 1255 1302 1184 1152 1147 1151 1144 1156 1172 1189 1224 877 922 983 736 798 809 751 782 569 634 652 636 594 808 743 697 991 970 961 956 962 565 582 601 618 630 633 626 612 605 603 602 596 583 572 574 576 578
1359 1385 1432 1043 1134 1151 1190 898 967 1233 1211 920 959 982 979 956 922 1292 1222 1180 1120 1101 1115 1157 1188 1199 1190 1118 1092 1162 1262 1229 1173 1171 1165 1165 1169 1193 1203 1217 864 930 1022 761 807 821 756 772 813 615 664 659 619 575 781 732 1015 988 979 978 566 576 591 613 629 640 643 633 616 611 609 607 605 598 582 572 576 579 583
1381 1408 1454 1077 1143 1125 1234 1031 1228 1155 1265 981 1024 1056 1027 971 1356 1298 1215 1122 1108 1128 1228 894 893 871 852 1186 1141 1190 1236 1227 1182 1197 1182 1172 1175 1197 1207 1232 905 725 793 808 817 795 767 784 576 647 674 634 588 822 767 729 1014 1003 566 577 588 600 616 631 641 643 633 620 606 604 606 606 600 594 581 574 579 583 588
1412 1441 1489 1105 1171 1216 984 912 1148 1171 903 926 944 962 982 1329 1276 1194 1202 1137 1122 1186 990 699 1016 991 898 1243 1203 1220 1253 1226 1203 1227 1221 1221 1224 1219 1223 904 753 566 843 824 793 775 790 581 669 464 667 618 568 794 760 717 1017 588 599 605 619 633 648 657 660 654 637 622 615 615 615 608 598 596 582 577 583 589 593
1438 1468 1049 1115 1181 1262 1215 1140 1090 1124 1137 1146 1182 1269 1355 1303 1227 1233 1225 1208 1220 866 920 946 946 928 895 857 1231 1230 854 871 893 919 944 966 998 711 747 785 816 819 808 782 771 780 814 590 626 621 588 835 790 757 730 727 770 828 576 593 609 622 630 634 632 624 610 600 595 593 592 590 586 586 579 582 588 594 600
1450 1480 1056 1106 1161 1139 1129 1072 1496 1527 1127 1162 1183 1246 1320 1287 1235 1231 1241 852 861 877 898 914 919 911 896 882 876 879 903 931 961 996 716 750 765 766 778 784 785 781 768 761 765 782 805 828 836 828 811 788 771 758 755 769 793 815 835 572 583 589 592 589 584 578 572 847 843 844 845 569 575 578 581 588 596 603 608
1463 1485 1055 1097 1224 1135 1108 1521 1477 1493 1597 1210 1174 1172 1199 1206 1213 1224 1243 858 869 881 896 912 921 921 914 905 908 924 946 969 998 711 747 767 773 771 772 771 766 758 751 753 763 777 789 796 798 795 789 783 777 776 780 791 802 813 823 832 839 842 839 833 828 823 822 821 822 826 836 567 576 583 590 599 607 613 618
1486 1044 1064 1252 1544 1565 1561 1480 1514 1486 1507 1577 1592 1099 1096 1124 1185 1215 1234 852 873 889 905 919 931 937 939 938 950 966 985 1008 709 736 755 764 764 763 760 757 753 747 744 744 750 757 765 771 775 778 782 786 791 795 799 802 804 805 806 806 805 803 801 798 793 792 795 802 812 824 838 571 584 594 603 610 616 622 626
