---
OD Cloudbase where OD Potential > 0 [m] Valid 1200 NZST ~Z75~(0000Z)~Z~ SUN 4 Jan 2026 ~Z75~[24hrFcst@2100z]~Z~
Model= RASP Region= NZ Grid= d2 Reskm= 2.0 Indexs= 1 69 1 69 Proj= lambert 2000 2000 -35.0000 -42.0000 176.0000 -37.7968 175.7263
Day= 2026 1 4 SUN ValidLST= 1200 NZST ValidZ= 000 Fcst= 24.0 Init= 22 Param= zblclmask Unit= m Mult= 1 Min= ****** Max= 2035
1118 -999999 -999999 1403 1335 -999999 1600 1539 1506 1500 1507 1535 1599 -999999 -999999 -999999 -999999 -999999 -999999 -999999 -999999 1564 1666 1687 1655 1641 -999999 -999999 1717 -999999 -999999 -999999 -999999 -999999 -999999 -999999 -999999 -999999 -999999 -999999 -999999 -999999 1651 1706 1720 1663 1645 1669 1662 1651 1700 -999999 1425 1473 1532 1567 1567 1534 1526 1470 -999999 -999999 -999999 -999999 -999999 -999999 -999999 -999999 -999999
1129 1133 -999999 -999999 1350 -999999 1593 1515 1471 1459 1460 1483 1538 1567 1578 -999999 -999999 -999999 -999999 -999999 -999999 1619 1703 1720 1674 1651 -999999 -999999 1676 -999999 -999999 -999999 -999999 -999999 -999999 -999999 -999999 -999999 -999999 -999999 1634 1667 1726 1760 1739 1691 1663 1674 1666 1669 1718 -999999 1412 1456 1502 1537 1547 1525 1527 1491 1426 -999999 -999999 -999999 -999999 -999999 -999999 -999999 -999999
1119 1130 -999999 1415 1338 -999999 1586 1509 1461 1444 1439 1452 1497 1517 1528 1523 -999999 -999999 -999999 -999999 -999999 1584 1668 1694 1657 1628 -999999 1783 -999999 -999999 -999999 -999999 -999999 -999999 -999999 -999999 -999999 -999999 -999999 1595 1676 1725 1779 1807 1770 1717 1684 1685 1677 1681 -999999 1374 1394 1429 1464 1493 1507 1512 1524 1507 1463 -999999 -999999 -999999 -999999 -999999 -999999 -999999 -999999
-999999 1445 1400 1351 1299 1662 1570 1506 1464 1443 1441 1450 1484 1498 1508 1517 1535 1559 -999999 -999999 -999999 1518 1597 1638 1619 1578 1907 1740 -999999 -999999 -999999 -999999 -999999 -999999 -999999 -999999 -999999 -999999 1565 1646 1716 1774 1823 1845 1817 1767 1740 1727 1728 1734 -999999 1377 1398 1402 1413 1431 1453 1487 1508 1511 1492 1468 1449 -999999 -999999 -999999 -999999 -999999 -999999
1426 1426 1381 1330 -999999 1628 1539 1507 1473 1425 1405 1433 1481 1497 1479 1468 1506 -999999 -999999 -999999 1693 1838 1521 1569 1556 1933 1842 1711 -999999 -999999 -999999 -999999 -999999 -999999 -999999 -999999 -999999 1555 1609 1673 1744 1800 1844 1857 1845 1811 1795 1789 -999999 -999999 1382 1397 1404 1400 1389 1390 1427 1477 1507 1514 1509 1507 1489 1447 -999999 -999999 -999999 -999999 -999999
1412 1413 1367 1320 1710 1605 1564 1516 1437 1407 1413 1421 1445 1408 1417 1463 -999999 -999999 -999999 -999999 1623 1721 -999999 1474 -999999 1820 1763 1655 -999999 -999999 -999999 -999999 -999999 -999999 -999999 -999999 1568 1603 1650 1702 1752 1795 1834 1872 1880 1855 1837 -999999 1431 1448 1451 1429 1409 1392 -999999 -999999 1412 1464 1495 1518 1549 1575 1551 1476 -999999 -999999 -999999 -999999 -999999
1400 1408 1360 1324 1711 1594 1542 1482 1401 -999999 1413 -999999 -999999 -999999 -999999 -999999 -999999 -999999 -999999 -999999 -999999 -999999 1699 -999999 1740 1691 1669 -999999 -999999 -999999 -999999 -999999 -999999 -999999 -999999 1572 1609 1652 1698 1718 1735 1776 1806 1842 1873 1451 1464 1507 1539 1541 1516 1472 1424 -999999 -999999 1387 1421 1470 1519 1590 -999999 -999999 1568 1464 -999999 -999999 -999999 -999999 -999999
-999999 1433 1377 1344 1717 1610 1534 1466 1436 -999999 -999999 -999999 -999999 -999999 -999999 -999999 -999999 -999999 -999999 -999999 1464 -999999 1566 1618 1649 1606 -999999 -999999 -999999 -999999 -999999 -999999 -999999 -999999 1570 1592 1630 1685 1710 1695 1702 1738 1769 1815 1864 -999999 1530 1602 1617 1550 1495 1513 1503 1422 1393 1423 1440 1464 1525 1615 1334 1335 1605 1525 1429 -999999 -999999 -999999 -999999
-999999 1491 1428 1385 1743 -999999 1580 1501 1454 -999999 -999999 -999999 -999999 -999999 -999999 -999999 -999999 -999999 -999999 -999999 1428 1462 1483 1526 1609 1577 -999999 -999999 -999999 -999999 -999999 -999999 -999999 1508 1569 1577 1619 1669 1684 1668 1665 1669 1689 1740 1797 1467 1578 1648 1654 1541 1443 1523 1592 1504 1428 1458 1441 1448 1526 1577 1325 1364 1321 1473 -999999 -999999 -999999 -999999 -999999
1191 1202 1523 1451 1371 1334 -999999 -999999 -999999 -999999 -999999 -999999 -999999 -999999 -999999 -999999 -999999 -999999 -999999 -999999 -999999 1402 -999999 -999999 1551 -999999 -999999 1844 -999999 -999999 -999999 -999999 -999999 1509 1547 1563 1616 1647 1653 1630 1607 1608 1661 1705 1776 1503 1599 1634 1651 1587 1512 1573 1647 1547 1456 1467 1428 1455 1534 1560 -999999 1335 -999999 -999999 -999999 -999999 -999999 -999999 -999999
1233 1248 1189 1505 1427 -999999 -999999 -999999 -999999 -999999 -999999 -999999 -999999 -999999 -999999 -999999 -999999 -999999 -999999 -999999 -999999 -999999 -999999 -999999 -999999 1830 1802 1828 -999999 -999999 -999999 -999999 -999999 1509 1545 1585 1630 1637 1622 1582 1558 1609 1677 1711 1806 1516 1568 1588 1629 1663 1691 1716 1668 1566 1516 1478 1416 1439 1509 1587 1312 -999999 -999999 -999999 -999999 -999999 -999999 -999999 -999999
1249 1256 1208 1537 1442 1282 1567 1483 -999999 -999999 -999999 -999999 -999999 -999999 -999999 -999999 1374 -999999 -999999 -999999 -999999 -999999 -999999 -999999 1760 1743 1772 1830 1851 -999999 -999999 -999999 -999999 1508 1541 1583 1592 1598 1580 1538 1547 1622 1699 1751 1833 1487 1526 1558 1627 1735 1817 1783 1673 1605 1609 1557 1468 1408 1437 1574 -999999 -999999 -999999 -999999 -999999 -999999 -999999 -999999 -999999
1236 1243 1186 1151 -999999 -999999 -999999 -999999 1464 -999999 -999999 -999999 -999999 -999999 -999999 -999999 -999999 -999999 -999999 -999999 -999999 -999999 -999999 -999999 1781 1760 1776 1788 1748 1735 1785 -999999 1459 1509 1538 1542 1531 1525 1530 1523 1550 1612 1694 1757 1805 1880 1941 1542 1636 1756 1803 1724 1624 1614 1620 1552 1456 1365 1372 1476 -999999 -999999 -999999 -999999 -999999 -999999 -999999 -999999 -999999
1173 1197 1162 1156 -999999 -999999 -999999 -999999 -999999 -999999 -999999 -999999 -999999 -999999 -999999 -999999 -999999 -999999 -999999 -999999 -999999 -999999 -999999 -999999 -999999 1769 1776 1768 1750 1762 1781 -999999 1944 1486 1504 1512 1490 -999999 -999999 1501 1548 1607 1679 1693 1722 1859 1551 1603 1700 1782 1781 1694 1605 1582 1528 1422 1355 1316 1347 1413 -999999 -999999 -999999 -999999 -999999 -999999 -999999 -999999 -999999
1088 1137 1121 -999999 -999999 -999999 -999999 -999999 -999999 -999999 1457 -999999 -999999 -999999 -999999 -999999 -999999 -999999 -999999 -999999 -999999 -999999 1727 1734 -999999 1747 1763 1798 1857 1862 -999999 -999999 1866 1916 1446 1482 1509 1517 1481 1484 1548 1606 1645 1621 1661 1893 1647 1699 1757 1763 1780 1731 1597 1576 1546 1405 -999999 -999999 1310 -999999 -999999 -999999 -999999 -999999 -999999 -999999 -999999 -999999 -999999
-999999 1051 -999999 -999999 -999999 -999999 -999999 -999999 -999999 -999999 1458 1336 -999999 -999999 -999999 -999999 -999999 -999999 -999999 1683 1685 1718 1773 1789 1786 1745 1753 1799 1850 -999999 -999999 1800 1811 1817 1854 1914 1496 1531 1530 1542 1582 1612 1587 1580 1729 1535 1686 1700 1703 1726 1428 1363 1551 1589 1675 1524 -999999 1672 1271 -999999 -999999 -999999 -999999 -999999 -999999 -999999 -999999 -999999 -999999
-999999 -999999 -999999 -999999 -999999 -999999 -999999 -999999 -999999 -999999 1416 1388 -999999 -999999 -999999 -999999 -999999 -999999 -999999 1743 1670 1699 1801 1838 1836 1803 1782 1780 1789 -999999 -999999 1887 1828 1752 1767 1816 1446 1494 1510 1521 1524 1567 1533 1620 1449 1580 1645 1661 1676 1737 1406 1669 1497 1495 1600 1523 1335 -999999 -999999 -999999 -999999 -999999 -999999 -999999 -999999 -999999 -999999 -999999 -999999
-999999 -999999 -999999 -999999 -999999 -999999 -999999 -999999 -999999 -999999 1381 1415 -999999 -999999 -999999 -999999 -999999 -999999 -999999 -999999 1674 1689 1789 1877 1886 1881 1842 1789 1733 1704 1770 1391 1858 1769 1723 1738 1849 1901 1937 1476 1500 1510 2035 1749 1481 1550 1630 1693 1723 1727 1715 1644 1529 1429 1407 1367 -999999 -999999 -999999 -999999 -999999 -999999 -999999 -999999 -999999 -999999 -999999 -999999 -999999
-999999 -999999 -999999 -999999 -999999 -999999 -999999 -999999 -999999 1412 1360 1366 -999999 -999999 -999999 -999999 -999999 -999999 -999999 -999999 1704 1707 1779 1883 -999999 -999999 -999999 -999999 1749 1660 1707 1820 1857 1836 1709 1686 1735 1759 1820 1879 1919 1962 1556 1745 1465 1548 1648 1715 1725 1731 1724 1695 1604 1461 -999999 -999999 -999999 -999999 -999999 -999999 -999999 -999999 -999999 -999999 -999999 -999999 -999999 -999999 -999999
-999999 -999999 -999999 -999999 -999999 1284 1232 -999999 1591 1471 1354 1311 -999999 -999999 -999999 -999999 -999999 -999999 1313 -999999 1715 1709 1750 1856 -999999 -999999 1548 1596 -999999 1821 1748 1733 1805 1869 1748 1710 1713 1726 1783 1833 1853 1922 1585 1696 1432 1553 1629 1659 1673 1716 1752 1356 -999999 -999999 -999999 -999999 -999999 -999999 -999999 -999999 -999999 -999999 -999999 -999999 -999999 -999999 -999999 -999999 -999999
-999999 -999999 -999999 -999999 1317 -999999 -999999 -999999 1333 1600 1355 1290 -999999 -999999 -999999 -999999 -999999 -999999 1319 -999999 1749 1729 1757 1852 1950 1556 1715 1921 1869 1568 1831 1707 1754 1859 1833 1796 1747 1776 1819 1828 1826 1910 1560 1647 1794 1507 1581 1630 1668 1720 1384 -999999 -999999 -999999 -999999 -999999 -999999 -999999 -999999 -999999 -999999 1318 -999999 -999999 -999999 -999999 -999999 -999999 -999999
-999999 -999999 1221 -999999 -999999 -999999 -999999 -999999 -999999 1293 1390 -999999 1312 1323 -999999 -999999 1740 1757 1788 1781 1746 1714 1723 1763 1826 1932 1668 1951 1898 1619 1886 1727 1724 1828 1889 1844 1781 1825 1838 1822 1847 1475 1571 1647 1410 1531 1598 1671 1716 -999999 -999999 -999999 -999999 -999999 -999999 -999999 -999999 -999999 -999999 -999999 -999999 -999999 -999999 -999999 -999999 -999999 -999999 -999999 -999999
-999999 1119 1233 -999999 -999999 -999999 -999999 -999999 -999999 -999999 1362 -999999 1289 1300 -999999 -999999 1702 1698 1764 1773 1750 1700 1667 1664 1707 1846 1533 1596 1568 1495 1861 1748 1767 1862 1898 1841 1793 1822 1800 1799 1907 1514 1600 1755 1507 1600 1658 1713 1742 -999999 -999999 -999999 -999999 -999999 -999999 -999999 -999999 -999999 -999999 -999999 1346 1340 1322 -999999 -999999 -999999 -999999 -999999 -999999
-999999 1110 1231 -999999 -999999 -999999 -999999 -999999 -999999 -999999 1309 -999999 -999999 1281 -999999 -999999 -999999 1748 1765 1784 1774 1738 1696 1688 1785 1915 1414 1815 1812 1842 1786 1767 1844 1396 1882 1814 1778 1769 1746 1779 1411 1492 1600 1838 1571 1628 1657 1675 1700 -999999 -999999 -999999 -999999 -999999 -999999 -999999 -999999 -999999 -999999 1322 1330 1296 -999999 -999999 -999999 -999999 -999999 -999999 -999999
1367 1465 -999999 -999999 -999999 -999999 -999999 -999999 -999999 1443 -999999 -999999 -999999 -999999 -999999 -999999 -999999 -999999 -999999 -999999 -999999 1780 1758 1783 1405 1468 1839 1720 1731 1760 1761 1780 -999999 1396 -999999 -999999 -999999 1747 1747 1793 1377 1444 1623 1492 1629 1596 1590 1609 1627 1635 -999999 -999999 -999999 -999999 -999999 -999999 -999999 -999999 1329 1324 1317 1259 -999999 -999999 -999999 -999999 -999999 -999999 -999999
1372 1459 -999999 -999999 -999999 -999999 -999999 -999999 1126 1380 -999999 -999999 -999999 -999999 -999999 -999999 -999999 -999999 -999999 -999999 -999999 -999999 -999999 1813 1374 1391 -999999 1691 1713 -999999 -999999 -999999 -999999 -999999 -999999 -999999 -999999 -999999 1778 -999999 1389 1435 1661 1563 1361 1575 1518 1541 1551 1548 1602 -999999 1519 -999999 -999999 -999999 -999999 1355 1339 1311 1300 -999999 -999999 -999999 -999999 -999999 -999999 -999999 -999999
1361 1423 1094 -999999 -999999 -999999 -999999 1148 1444 1333 -999999 -999999 -999999 -999999 -999999 -999999 -999999 -999999 -999999 -999999 -999999 1315 1314 -999999 -999999 -999999 -999999 -999999 -999999 -999999 -999999 -999999 -999999 -999999 -999999 -999999 -999999 -999999 -999999 1332 1356 1442 1705 1604 1391 1584 1479 1490 1498 1480 1525 1551 1490 1477 1496 1440 1372 -999999 1339 1319 1263 -999999 -999999 -999999 -999999 -999999 -999999 -999999 -999999
1355 1379 1371 -999999 -999999 -999999 -999999 1475 1380 1318 -999999 -999999 -999999 -999999 -999999 -999999 -999999 -999999 -999999 -999999 -999999 -999999 -999999 -999999 -999999 -999999 -999999 -999999 -999999 -999999 -999999 -999999 -999999 -999999 -999999 -999999 -999999 -999999 1330 1333 1344 1461 1316 1546 1667 1573 1488 1476 1454 1420 -999999 -999999 1454 1604 1309 1625 1439 1340 1351 1327 -999999 -999999 1401 -999999 -999999 -999999 -999999 -999999 -999999
1334 1328 1304 1266 1202 1155 -999999 1435 1355 1311 -999999 -999999 -999999 -999999 -999999 -999999 -999999 -999999 -999999 -999999 -999999 -999999 -999999 -999999 -999999 -999999 -999999 -999999 -999999 -999999 -999999 -999999 -999999 -999999 -999999 -999999 -999999 1325 1331 1335 1346 1468 1742 1562 1578 1515 1447 1409 1388 -999999 -999999 -999999 1445 1246 1295 1279 1543 1425 1372 1309 -999999 -999999 -999999 -999999 -999999 -999999 -999999 -999999 -999999
1293 1278 1255 1217 1162 -999999 -999999 1465 1366 1297 -999999 -999999 -999999 -999999 -999999 -999999 -999999 -999999 -999999 -999999 -999999 -999999 -999999 -999999 -999999 -999999 -999999 -999999 -999999 -999999 -999999 -999999 -999999 -999999 -999999 -999999 -999999 1319 1325 1342 1368 1476 1350 1577 1527 1390 -999999 -999999 -999999 -999999 -999999 -999999 1436 1547 1217 1224 1572 1497 1387 1281 1221 1180 -999999 -999999 -999999 -999999 -999999 -999999 -999999
1231 1225 1216 1183 1155 -999999 -999999 1469 1353 -999999 -999999 -999999 -999999 -999999 -999999 -999999 -999999 -999999 -999999 -999999 -999999 -999999 -999999 -999999 -999999 1422 -999999 -999999 -999999 -999999 -999999 -999999 -999999 -999999 -999999 -999999 -999999 1325 1332 1355 1417 1630 1527 1659 1471 -999999 1612 1560 1537 1538 -999999 -999999 1412 1430 1433 1471 1432 1399 1347 1276 1234 1181 -999999 -999999 -999999 -999999 -999999 -999999 -999999
1180 1188 1185 1169 1159 -999999 -999999 -999999 1339 -999999 -999999 -999999 -999999 -999999 -999999 -999999 -999999 -999999 -999999 -999999 -999999 -999999 -999999 -999999 -999999 -999999 -999999 -999999 -999999 1508 -999999 -999999 -999999 -999999 -999999 -999999 1319 1344 1353 1388 1476 1330 -999999 -999999 1435 -999999 1548 1493 1508 1563 1604 1261 1325 1324 1324 1397 1367 1304 1274 1246 1208 1156 -999999 -999999 -999999 -999999 -999999 -999999 -999999
1139 1155 1163 1165 1163 -999999 -999999 -999999 1303 -999999 -999999 -999999 -999999 -999999 -999999 -999999 -999999 -999999 -999999 -999999 -999999 -999999 -999999 -999999 -999999 -999999 -999999 1476 1561 1509 -999999 -999999 -999999 -999999 -999999 -999999 1317 1347 1371 1418 1521 1397 -999999 -999999 1443 1267 -999999 -999999 -999999 -999999 -999999 1208 -999999 -999999 -999999 1351 -999999 1363 1226 1164 1161 1112 -999999 -999999 -999999 -999999 -999999 -999999 -999999
1110 1136 1156 1163 -999999 -999999 -999999 -999999 -999999 -999999 -999999 -999999 -999999 -999999 -999999 -999999 -999999 -999999 -999999 -999999 -999999 -999999 -999999 -999999 -999999 1528 1592 1556 1488 -999999 -999999 -999999 -999999 -999999 -999999 -999999 -999999 1342 1378 1406 1522 1428 -999999 -999999 1438 1339 1322 1242 -999999 -999999 -999999 -999999 -999999 -999999 -999999 -999999 -999999 -999999 -999999 -999999 -999999 -999999 -999999 -999999 -999999 -999999 -999999 -999999 -999999
1096 1126 1150 -999999 -999999 -999999 -999999 -999999 -999999 -999999 -999999 -999999 -999999 -999999 -999999 -999999 -999999 -999999 -999999 -999999 -999999 -999999 -999999 -999999 1426 1540 1541 -999999 -999999 -999999 -999999 -999999 -999999 -999999 -999999 -999999 -999999 1321 1356 1355 1477 -999999 -999999 -999999 1482 -999999 -999999 1275 -999999 -999999 -999999 -999999 -999999 -999999 -999999 -999999 -999999 -999999 -999999 -999999 -999999 -999999 -999999 -999999 -999999 -999999 -999999 -999999 -999999
-999999 1116 1136 -999999 -999999 -999999 -999999 -999999 -999999 -999999 -999999 -999999 -999999 -999999 -999999 -999999 -999999 -999999 -999999 -999999 -999999 -999999 1342 1403 1425 1369 -999999 -999999 -999999 -999999 -999999 -999999 -999999 -999999 -999999 -999999 -999999 -999999 1325 1298 1396 -999999 -999999 -999999 -999999 -999999 -999999 1231 -999999 1321 -999999 -999999 -999999 -999999 -999999 -999999 -999999 -999999 -999999 -999999 -999999 -999999 -999999 -999999 -999999 -999999 -999999 -999999 -999999
-999999 -999999 -999999 -999999 -999999 -999999 -999999 -999999 -999999 -999999 -999999 -999999 -999999 -999999 -999999 -999999 -999999 -999999 -999999 -999999 1302 1349 1390 1432 1384 -999999 -999999 -999999 -999999 -999999 -999999 -999999 -999999 -999999 -999999 -999999 -999999 -999999 -999999 1287 1425 -999999 -999999 -999999 -999999 -999999 1251 1178 -999999 1301 1287 1336 1301 -999999 -999999 -999999 -999999 -999999 -999999 -999999 -999999 -999999 -999999 -999999 -999999 -999999 -999999 -999999 -999999
-999999 -999999 -999999 -999999 -999999 -999999 -999999 -999999 -999999 -999999 -999999 -999999 -999999 -999999 -999999 -999999 -999999 -999999 -999999 1287 1309 1320 1323 -999999 -999999 -999999 -999999 -999999 -999999 -999999 -999999 -999999 -999999 -999999 -999999 -999999 -999999 -999999 -999999 1305 -999999 1538 1321 -999999 1380 -999999 -999999 1255 1200 -999999 1379 -999999 1268 -999999 -999999 -999999 -999999 -999999 -999999 -999999 -999999 -999999 -999999 -999999 -999999 -999999 -999999 -999999 -999999
-999999 -999999 -999999 -999999 -999999 -999999 -999999 -999999 -999999 -999999 -999999 -999999 -999999 -999999 -999999 -999999 -999999 -999999 -999999 -999999 -999999 -999999 -999999 -999999 -999999 -999999 -999999 -999999 -999999 -999999 -999999 -999999 -999999 -999999 -999999 -999999 -999999 -999999 -999999 1400 1420 -999999 -999999 1382 -999999 -999999 -999999 1288 1273 1176 1084 -999999 -999999 -999999 -999999 -999999 -999999 -999999 -999999 -999999 -999999 -999999 -999999 -999999 -999999 -999999 -999999 -999999 -999999
-999999 -999999 -999999 -999999 -999999 -999999 -999999 -999999 -999999 -999999 -999999 -999999 -999999 -999999 -999999 -999999 -999999 -999999 -999999 -999999 -999999 -999999 -999999 -999999 -999999 -999999 -999999 -999999 -999999 -999999 -999999 -999999 -999999 -999999 -999999 -999999 -999999 -999999 -999999 -999999 -999999 -999999 -999999 -999999 -999999 -999999 -999999 1151 1179 1160 1118 1046 -999999 -999999 -999999 -999999 -999999 -999999 -999999 -999999 -999999 -999999 -999999 -999999 -999999 -999999 -999999 -999999 -999999
-999999 -999999 -999999 -999999 -999999 -999999 -999999 -999999 -999999 -999999 -999999 -999999 -999999 -999999 -999999 -999999 -999999 -999999 -999999 -999999 -999999 -999999 -999999 -999999 -999999 -999999 -999999 -999999 -999999 -999999 -999999 -999999 -999999 -999999 -999999 -999999 -999999 -999999 -999999 1602 -999999 -999999 -999999 -999999 -999999 -999999 -999999 -999999 1101 1119 1070 -999999 -999999 -999999 -999999 -999999 -999999 -999999 -999999 -999999 -999999 -999999 -999999 -999999 -999999 -999999 -999999 -999999 -999999
-999999 -999999 -999999 -999999 -999999 -999999 -999999 -999999 -999999 -999999 -999999 -999999 -999999 -999999 -999999 -999999 -999999 -999999 -999999 -999999 -999999 -999999 -999999 -999999 -999999 -999999 -999999 -999999 -999999 -999999 -999999 -999999 -999999 -999999 -999999 -999999 -999999 -999999 1303 -999999 -999999 -999999 -999999 -999999 -999999 -999999 -999999 -999999 1068 1069 -999999 -999999 -999999 -999999 -999999 -999999 -999999 -999999 -999999 -999999 -999999 -999999 -999999 -999999 -999999 -999999 -999999 -999999 -999999
-999999 -999999 -999999 -999999 -999999 -999999 -999999 -999999 -999999 -999999 -999999 -999999 -999999 -999999 -999999 -999999 -999999 -999999 -999999 -999999 -999999 -999999 -999999 -999999 -999999 -999999 -999999 -999999 -999999 -999999 -999999 -999999 -999999 -999999 -999999 -999999 1041 1149 1419 -999999 -999999 -999999 -999999 -999999 -999999 -999999 -999999 -999999 -999999 -999999 -999999 -999999 -999999 -999999 -999999 -999999 -999999 -999999 -999999 -999999 -999999 -999999 -999999 -999999 -999999 -999999 -999999 -999999 -999999
-999999 -999999 -999999 -999999 -999999 -999999 -999999 -999999 -999999 -999999 -999999 -999999 -999999 -999999 -999999 -999999 -999999 -999999 -999999 -999999 -999999 -999999 -999999 -999999 -999999 -999999 -999999 -999999 -999999 -999999 -999999 -999999 -999999 -999999 -999999 -999999 1079 1158 1411 -999999 -999999 -999999 -999999 -999999 -999999 -999999 -999999 -999999 -999999 -999999 -999999 -999999 -999999 -999999 -999999 -999999 -999999 -999999 -999999 -999999 -999999 -999999 -999999 -999999 -999999 -999999 -999999 -999999 -999999
-999999 -999999 -999999 -999999 -999999 -999999 -999999 -999999 -999999 -999999 -999999 -999999 -999999 -999999 -999999 -999999 -999999 -999999 -999999 -999999 -999999 -999999 -999999 -999999 -999999 -999999 -999999 -999999 -999999 -999999 -999999 -999999 -999999 -999999 -999999 -999999 -999999 1130 -999999 -999999 -999999 -999999 -999999 -999999 -999999 -999999 -999999 -999999 -999999 -999999 -999999 -999999 -999999 -999999 -999999 -999999 -999999 -999999 -999999 -999999 -999999 -999999 -999999 -999999 -999999 -999999 -999999 -999999 -999999
-999999 -999999 -999999 -999999 -999999 -999999 -999999 -999999 -999999 -999999 -999999 -999999 -999999 -999999 -999999 -999999 -999999 -999999 -999999 -999999 -999999 -999999 -999999 -999999 -999999 -999999 -999999 -999999 -999999 -999999 -999999 -999999 -999999 -999999 -999999 -999999 -999999 -999999 -999999 -999999 -999999 -999999 -999999 -999999 -999999 -999999 -999999 -999999 -999999 -999999 -999999 -999999 -999999 -999999 -999999 -999999 -999999 -999999 -999999 -999999 -999999 -999999 -999999 -999999 -999999 -999999 -999999 -999999 -999999
-999999 -999999 -999999 -999999 -999999 -999999 -999999 -999999 -999999 -999999 -999999 -999999 -999999 -999999 -999999 -999999 -999999 -999999 -999999 -999999 -999999 -999999 -999999 -999999 -999999 -999999 -999999 -999999 -999999 -999999 -999999 -999999 -999999 -999999 -999999 -999999 -999999 -999999 -999999 -999999 -999999 -999999 -999999 -999999 -999999 -999999 -999999 -999999 1090 -999999 -999999 -999999 -999999 -999999 -999999 -999999 -999999 -999999 -999999 -999999 -999999 -999999 -999999 -999999 -999999 -999999 -999999 -999999 -999999
-999999 -999999 -999999 -999999 -999999 -999999 -999999 -999999 -999999 -999999 -999999 -999999 -999999 -999999 -999999 -999999 -999999 -999999 -999999 -999999 -999999 -999999 -999999 -999999 -999999 -999999 -999999 -999999 -999999 -999999 -999999 -999999 -999999 -999999 -999999 -999999 -999999 -999999 -999999 -999999 -999999 -999999 -999999 -999999 -999999 -999999 -999999 -999999 -999999 -999999 -999999 -999999 -999999 -999999 -999999 -999999 -999999 -999999 -999999 -999999 -999999 -999999 -999999 -999999 -999999 -999999 -999999 -999999 -999999
-999999 -999999 -999999 -999999 -999999 -999999 -999999 -999999 -999999 -999999 -999999 -999999 -999999 -999999 -999999 -999999 -999999 -999999 -999999 -999999 -999999 -999999 -999999 -999999 -999999 -999999 -999999 -999999 -999999 -999999 -999999 -999999 -999999 -999999 1403 1318 -999999 -999999 -999999 -999999 -999999 -999999 -999999 -999999 -999999 -999999 -999999 -999999 -999999 -999999 -999999 -999999 -999999 -999999 -999999 -999999 -999999 -999999 -999999 -999999 -999999 -999999 -999999 -999999 -999999 -999999 -999999 -999999 -999999
-999999 -999999 -999999 -999999 -999999 -999999 -999999 -999999 -999999 -999999 -999999 -999999 -999999 -999999 -999999 -999999 -999999 -999999 -999999 -999999 -999999 -999999 -999999 -999999 -999999 -999999 -999999 -999999 -999999 -999999 -999999 -999999 -999999 1263 1292 1386 -999999 -999999 -999999 -999999 -999999 -999999 -999999 -999999 -999999 -999999 -999999 -999999 -999999 -999999 -999999 -999999 -999999 -999999 -999999 -999999 -999999 -999999 -999999 -999999 -999999 -999999 -999999 -999999 -999999 -999999 -999999 -999999 -999999
-999999 -999999 -999999 -999999 -999999 -999999 -999999 -999999 -999999 -999999 -999999 -999999 -999999 -999999 -999999 -999999 -999999 -999999 -999999 -999999 -999999 -999999 -999999 -999999 -999999 -999999 -999999 -999999 -999999 -999999 -999999 -999999 1102 1323 1544 -999999 -999999 -999999 -999999 -999999 -999999 -999999 -999999 -999999 -999999 -999999 -999999 -999999 -999999 -999999 -999999 -999999 -999999 -999999 -999999 -999999 -999999 -999999 -999999 -999999 -999999 -999999 -999999 -999999 -999999 -999999 -999999 -999999 -999999
-999999 -999999 -999999 -999999 -999999 -999999 -999999 -999999 -999999 -999999 -999999 -999999 -999999 -999999 -999999 -999999 -999999 -999999 -999999 -999999 -999999 -999999 -999999 -999999 -999999 -999999 -999999 -999999 -999999 -999999 -999999 -999999 -999999 1068 -999999 1335 1313 -999999 -999999 -999999 -999999 -999999 -999999 -999999 -999999 -999999 -999999 -999999 -999999 -999999 -999999 -999999 -999999 -999999 -999999 -999999 -999999 -999999 -999999 -999999 -999999 -999999 -999999 -999999 -999999 -999999 -999999 -999999 -999999
-999999 -999999 -999999 -999999 -999999 -999999 -999999 -999999 -999999 -999999 -999999 -999999 -999999 -999999 -999999 -999999 -999999 -999999 -999999 -999999 -999999 -999999 -999999 -999999 -999999 -999999 -999999 -999999 -999999 -999999 -999999 -999999 1011 1127 1319 -999999 -999999 -999999 -999999 -999999 -999999 -999999 -999999 -999999 -999999 -999999 -999999 -999999 -999999 -999999 -999999 -999999 -999999 -999999 -999999 -999999 -999999 -999999 -999999 -999999 -999999 -999999 -999999 -999999 -999999 -999999 -999999 -999999 -999999
-999999 -999999 -999999 -999999 -999999 -999999 -999999 -999999 -999999 -999999 -999999 -999999 -999999 -999999 -999999 -999999 -999999 -999999 -999999 -999999 -999999 -999999 -999999 -999999 -999999 -999999 -999999 -999999 -999999 -999999 -999999 1127 -999999 1316 -999999 -999999 -999999 -999999 -999999 -999999 -999999 -999999 -999999 -999999 -999999 -999999 -999999 -999999 -999999 -999999 -999999 -999999 -999999 -999999 -999999 -999999 -999999 -999999 -999999 -999999 -999999 -999999 -999999 -999999 -999999 -999999 -999999 -999999 -999999
-999999 -999999 -999999 -999999 -999999 -999999 -999999 -999999 -999999 -999999 -999999 -999999 -999999 -999999 -999999 -999999 -999999 -999999 -999999 1207 -999999 -999999 -999999 -999999 -999999 -999999 -999999 -999999 -999999 -999999 -999999 -999999 -999999 -999999 -999999 -999999 -999999 -999999 -999999 -999999 -999999 -999999 -999999 -999999 -999999 -999999 -999999 -999999 -999999 -999999 -999999 -999999 -999999 -999999 -999999 -999999 -999999 -999999 -999999 -999999 -999999 -999999 -999999 -999999 -999999 -999999 -999999 -999999 -999999
-999999 -999999 -999999 -999999 -999999 -999999 -999999 -999999 -999999 -999999 -999999 -999999 -999999 -999999 -999999 -999999 -999999 -999999 1153 -999999 -999999 -999999 -999999 -999999 -999999 -999999 -999999 -999999 -999999 -999999 -999999 -999999 -999999 -999999 -999999 -999999 -999999 -999999 -999999 -999999 -999999 -999999 -999999 -999999 -999999 -999999 -999999 -999999 -999999 -999999 -999999 -999999 849 -999999 -999999 -999999 -999999 -999999 -999999 -999999 -999999 -999999 -999999 -999999 -999999 -999999 -999999 -999999 -999999
-999999 -999999 -999999 -999999 -999999 -999999 -999999 -999999 -999999 -999999 -999999 -999999 -999999 -999999 -999999 1093 1282 1113 1367 -999999 -999999 -999999 -999999 -999999 -999999 -999999 -999999 -999999 -999999 -999999 -999999 -999999 -999999 -999999 -999999 -999999 -999999 -999999 -999999 -999999 -999999 -999999 -999999 -999999 -999999 -999999 -999999 -999999 -999999 -999999 -999999 -999999 -999999 -999999 -999999 -999999 -999999 -999999 -999999 -999999 -999999 -999999 -999999 -999999 -999999 -999999 -999999 -999999 -999999
-999999 -999999 -999999 -999999 -999999 -999999 -999999 -999999 -999999 -999999 -999999 -999999 1062 -999999 1105 1159 1214 1247 -999999 -999999 -999999 -999999 -999999 -999999 -999999 -999999 -999999 -999999 -999999 -999999 -999999 -999999 -999999 -999999 -999999 -999999 -999999 -999999 -999999 -999999 -999999 -999999 -999999 -999999 -999999 -999999 -999999 -999999 -999999 -999999 -999999 -999999 -999999 -999999 -999999 -999999 -999999 -999999 -999999 -999999 -999999 -999999 -999999 -999999 -999999 -999999 -999999 -999999 -999999
-999999 -999999 -999999 -999999 -999999 -999999 -999999 -999999 -999999 -999999 -999999 -999999 -999999 -999999 1153 1180 1145 -999999 -999999 -999999 -999999 -999999 -999999 -999999 -999999 -999999 -999999 -999999 -999999 -999999 -999999 -999999 1123 -999999 -999999 -999999 -999999 -999999 -999999 -999999 -999999 -999999 -999999 -999999 -999999 -999999 -999999 -999999 -999999 -999999 -999999 -999999 -999999 -999999 -999999 -999999 -999999 -999999 -999999 -999999 -999999 -999999 -999999 -999999 -999999 -999999 -999999 -999999 -999999
-999999 -999999 -999999 -999999 -999999 -999999 -999999 -999999 -999999 -999999 -999999 1082 -999999 1125 1258 1235 -999999 -999999 -999999 -999999 -999999 -999999 -999999 -999999 -999999 -999999 -999999 -999999 -999999 -999999 -999999 -999999 -999999 -999999 1335 -999999 -999999 -999999 -999999 -999999 -999999 -999999 -999999 -999999 -999999 -999999 -999999 -999999 -999999 -999999 -999999 -999999 -999999 -999999 -999999 -999999 -999999 -999999 -999999 -999999 -999999 -999999 -999999 -999999 -999999 -999999 -999999 -999999 -999999
-999999 -999999 -999999 -999999 -999999 -999999 -999999 -999999 -999999 -999999 1111 -999999 -999999 -999999 1314 1244 -999999 -999999 -999999 -999999 -999999 -999999 -999999 -999999 -999999 -999999 -999999 -999999 -999999 -999999 -999999 -999999 1118 1214 1244 -999999 1422 -999999 1154 -999999 -999999 -999999 -999999 -999999 -999999 -999999 -999999 -999999 -999999 -999999 -999999 -999999 -999999 -999999 -999999 -999999 -999999 -999999 -999999 -999999 -999999 -999999 -999999 -999999 -999999 -999999 -999999 -999999 -999999
-999999 -999999 -999999 -999999 -999999 -999999 -999999 -999999 -999999 1074 1117 -999999 1085 -999999 1272 1190 -999999 -999999 -999999 -999999 -999999 -999999 -999999 -999999 -999999 -999999 -999999 1041 -999999 -999999 -999999 -999999 1135 1185 1230 1316 -999999 1203 -999999 -999999 -999999 -999999 -999999 -999999 -999999 -999999 -999999 -999999 -999999 -999999 -999999 -999999 -999999 -999999 -999999 -999999 -999999 -999999 -999999 -999999 -999999 -999999 -999999 -999999 -999999 -999999 -999999 -999999 -999999
-999999 -999999 -999999 -999999 -999999 -999999 -999999 -999999 -999999 1133 1078 -999999 1154 1267 1269 1170 -999999 -999999 -999999 -999999 1049 1048 1035 -999999 -999999 -999999 1040 1048 -999999 -999999 -999999 1112 1228 1317 1346 1413 -999999 -999999 -999999 -999999 -999999 -999999 -999999 -999999 -999999 -999999 -999999 -999999 -999999 -999999 -999999 -999999 -999999 -999999 -999999 -999999 -999999 -999999 -999999 -999999 -999999 -999999 -999999 -999999 -999999 -999999 -999999 -999999 -999999
-999999 -999999 -999999 -999999 -999999 -999999 -999999 -999999 1074 1156 1084 -999999 1188 1248 1257 1184 -999999 -999999 -999999 -999999 1052 1061 1045 1042 1051 1058 1067 1065 1055 1067 1128 1213 1326 1394 1408 1396 -999999 1281 -999999 -999999 -999999 -999999 -999999 -999999 -999999 -999999 -999999 -999999 -999999 -999999 -999999 -999999 -999999 -999999 -999999 -999999 -999999 -999999 -999999 -999999 -999999 -999999 -999999 -999999 -999999 -999999 -999999 -999999 -999999
-999999 -999999 -999999 -999999 -999999 -999999 -999999 1080 -999999 1176 -999999 -999999 1211 1273 1268 1174 -999999 -999999 -999999 1062 1067 1060 1049 1051 1053 1061 1085 1094 1118 1173 -999999 1308 1339 1370 1371 1325 1283 -999999 -999999 -999999 -999999 -999999 -999999 -999999 -999999 -999999 -999999 -999999 -999999 -999999 -999999 -999999 -999999 -999999 -999999 -999999 -999999 -999999 -999999 -999999 -999999 -999999 -999999 -999999 -999999 -999999 -999999 -999999 -999999
-999999 -999999 -999999 -999999 -999999 -999999 1106 1192 1198 1133 1092 1138 1232 1251 1229 1163 1108 1099 1084 1077 1075 1078 1075 1068 1060 1064 1080 1110 1158 -999999 1318 1371 1386 1392 1379 1314 -999999 -999999 -999999 -999999 -999999 -999999 -999999 -999999 -999999 -999999 -999999 -999999 -999999 -999999 -999999 -999999 -999999 -999999 -999999 -999999 -999999 -999999 -999999 -999999 -999999 -999999 -999999 -999999 -999999 -999999 -999999 -999999 -999999
1159 1221 1264 1225 1201 1191 1190 1174 1164 1134 1126 1153 1204 1212 1190 1144 1113 1109 1091 1083 1089 1098 1085 1083 1074 1074 1095 1145 1215 1303 1396 1448 1426 1387 1362 1290 -999999 -999999 -999999 -999999 -999999 -999999 -999999 -999999 -999999 -999999 -999999 -999999 -999999 -999999 -999999 -999999 -999999 -999999 -999999 -999999 -999999 -999999 -999999 -999999 -999999 -999999 -999999 -999999 -999999 -999999 -999999 -999999 -999999
1247 -999999 991 1001 1000 -999999 -999999 1240 1220 1191 1174 1174 1185 1177 1157 1127 -999999 -999999 -999999 -999999 -999999 -999999 -999999 1099 1081 1087 1127 1186 1261 1342 1436 1474 1428 1368 -999999 -999999 -999999 -999999 -999999 -999999 -999999 -999999 -999999 -999999 -999999 -999999 -999999 -999999 -999999 -999999 -999999 -999999 -999999 -999999 -999999 -999999 -999999 -999999 -999999 -999999 -999999 -999999 -999999 -999999 -999999 -999999 -999999 -999999 -999999
1260 1301 1328 1013 1028 1028 -999999 -999999 -999999 1265 1244 1216 1183 1154 1132 -999999 -999999 -999999 -999999 -999999 -999999 -999999 -999999 -999999 1109 1122 1165 1227 1297 1365 1440 1452 1366 1313 -999999 -999999 -999999 -999999 -999999 -999999 -999999 -999999 -999999 -999999 -999999 -999999 -999999 -999999 -999999 -999999 -999999 -999999 -999999 -999999 -999999 -999999 -999999 -999999 -999999 -999999 -999999 -999999 -999999 -999999 -999999 -999999 -999999 -999999 -999999
