---
OvercastDevelopment Cloudbase (BL CL) [m] Valid 1100 NZST ~Z75~(2300Z)~Z~ SUN 4 Jan 2026 ~Z75~[23hrFcst@2100z]~Z~
Model= RASP Region= NZ Grid= d1 Reskm= 6.0 Indexs= 1 79 1 99 Proj= lambert 6000 6000 -35.0000 -42.0000 176.0000 -38.5000 176.0000
Day= 2026 1 4 SUN ValidLST= 1100 NZST ValidZ= 2300 Fcst= 23.0 Init= 22 Param= zblcl Unit= m Mult= 1 Min= 283 Max= 3825
1436 1357 1328 1311 1414 1410 1276 1367 1243 2807 2729 2730 2908 2842 2557 2464 2426 3220 3215 3196 3205 3223 3236 3223 2992 2980 3825 3284 3255 3782 2885 2937 3009 3047 1268 1350 1335 1375 1350 1174 1092 1186 877 919 928 928 931 940 950 959 965 972 977 981 981 981 982 985 991 997 999 999 997 993 985 974 965 958 956 957 958 959 961 963 966 971 976 978 975
1087 1446 1383 1353 1408 1449 1485 1550 2185 2837 2721 2679 2852 2824 2574 2436 3221 3204 3204 3206 2411 2440 2422 2460 3163 3219 3161 3191 3304 3326 3202 3048 3065 3094 3209 1253 1280 1330 1434 1327 1157 1179 880 927 935 935 939 947 956 964 970 977 983 986 989 990 991 994 998 1000 1001 999 997 992 985 975 967 962 961 961 963 966 969 973 977 984 992 996 992
1173 1046 1371 1316 1288 1266 1308 1397 2118 2845 2716 2591 2581 2561 2456 2415 3206 3190 3199 3212 2439 2497 2497 2602 3133 3226 3269 3295 3536 2923 3530 3257 3133 3090 3130 3200 1214 1308 1400 1366 1206 1174 880 930 940 941 946 955 962 969 975 982 988 993 997 999 1001 1003 1005 1005 1002 1000 997 993 986 977 970 965 965 966 969 972 976 981 986 995 1005 1008 1003
1144 1431 1720 1618 1495 1979 1781 2078 2791 2771 2704 2596 2474 2409 3211 3208 3188 3180 3191 3218 2473 2547 2567 2503 3113 3142 3261 3403 3677 3200 3016 3466 3293 3201 3144 3163 3224 1275 1327 1283 1218 1255 899 931 944 947 955 965 971 976 981 988 993 1002 1006 686 688 690 688 685 1006 1003 999 995 990 983 976 972 971 972 975 978 983 988 994 1004 1007 1009 1001
1445 1254 1592 1468 2009 1938 1746 2761 2829 2148 2813 2643 2486 3217 3192 3186 3175 3182 3200 2416 2492 2565 2625 2598 2715 2758 2585 3431 3561 3062 3212 3042 1372 3322 3263 1179 1230 1291 1357 1328 1298 967 1010 946 958 974 982 986 987 994 997 1001 691 702 709 712 708 704 701 696 692 688 686 1008 1004 998 993 990 990 992 996 1002 1008 689 691 1003 1000 1000 991
1277 1641 1503 2009 1943 1858 2735 2724 2796 2847 2172 2614 2460 3192 3172 3172 3174 3194 3218 2447 2508 2572 2643 2657 2697 2196 2251 2754 3407 2866 3395 2763 1403 1309 1247 1300 1324 1354 1427 1029 995 1056 984 980 976 995 1002 1002 1001 1003 1004 693 709 722 728 723 721 713 705 695 693 692 691 690 688 686 686 685 685 687 692 698 704 709 703 996 988 985 977
1672 1558 2035 1961 1883 1795 2719 2699 2766 2874 2216 2584 3207 3160 3155 3164 3176 3206 2429 2485 2532 2578 2610 2690 2069 2068 2735 2261 1301 2962 3434 1769 1384 1507 1358 1379 1397 1432 1471 1054 1033 1138 1141 1027 968 1005 690 686 687 686 690 702 718 732 732 732 726 716 703 699 698 697 698 698 697 696 698 697 695 697 705 714 721 722 707 986 974 971 965
1582 1490 1978 1889 1816 1761 2753 2784 2163 2200 2189 3228 3165 3142 3149 3167 3186 3213 2439 2504 2546 2565 2614 2726 2756 2742 2052 2121 1271 1512 3236 1648 1535 1380 1447 1389 1388 1407 1460 1464 1086 1196 896 769 999 993 1005 696 694 694 696 706 721 730 735 734 728 714 703 700 700 701 702 704 705 706 706 706 705 704 707 712 724 726 704 976 964 961 957
1495 2011 1916 1827 1784 1754 1742 2218 2170 2165 3221 3177 3133 3138 3154 3184 3208 2425 2477 2500 2524 2560 2679 2722 2715 2749 2059 2672 2266 1233 2820 1555 1682 1432 1435 1347 1328 1320 1371 1424 1112 1215 918 1078 730 982 1000 1005 702 699 699 706 717 723 731 732 726 711 702 700 701 704 708 711 714 715 715 715 713 710 706 708 709 711 694 968 956 954 950
2007 1945 1864 1788 1769 1744 2310 2207 2169 2091 3183 3142 3123 3146 3173 3210 2419 2450 2469 2481 2521 2651 2769 2061 2758 2060 2754 2152 2167 1417 1536 1491 1480 1338 1384 1267 1259 1261 1353 1453 1118 1147 1215 1163 1040 1006 990 691 697 706 701 703 710 717 726 728 723 708 700 699 702 707 716 724 725 723 723 720 716 709 702 695 694 688 999 962 951 948 945
1945 1890 1828 1770 1759 2382 2308 2238 2146 2409 3158 3125 3128 3161 3199 2412 2443 2469 2467 2498 2624 2058 2158 2160 2123 2088 2097 2235 2182 1314 1319 1515 1481 1265 1364 1212 1226 1245 1363 1262 1205 1096 1089 1176 1160 820 1004 993 697 704 701 700 702 711 720 723 719 707 699 698 702 711 727 734 734 731 729 723 715 699 692 1009 1004 995 979 959 947 943 941
1892 1847 1802 1769 1751 2359 2295 2227 2089 3202 3143 3123 3138 3175 3221 2466 2492 2482 2497 2588 2766 2174 2247 2245 2215 2160 2157 2312 2204 1294 1240 3135 2680 2920 2848 1214 1197 1216 1309 1287 1326 1153 1056 1060 1135 1163 884 704 691 695 697 698 697 707 715 719 716 707 697 697 703 718 733 740 741 737 733 724 712 694 1006 1000 993 983 969 957 947 942 941
1847 1810 1778 1761 1742 2319 2246 2160 2678 3196 3150 3136 3156 3208 2466 2502 2522 2535 2591 2720 2133 2229 2290 2298 2289 2260 2252 2302 2387 1252 1250 3040 3208 2701 2793 2624 1152 1166 1247 1233 1380 1298 1049 975 1064 931 896 822 1011 685 688 694 695 702 710 714 713 707 698 696 705 723 737 745 746 743 737 726 708 688 996 992 985 976 965 960 951 947 948
1805 1773 1752 1747 2368 2245 2145 2768 2576 3208 3172 3167 3200 2445 2489 2543 2569 2591 2679 2079 2191 2265 2329 2351 2338 2310 2371 2362 1763 1253 1279 3053 3066 3225 3325 2604 2559 1122 1191 1148 1379 1384 1125 1344 1073 927 883 1102 784 991 1000 691 691 699 705 710 709 706 701 700 709 725 739 747 749 749 742 728 706 1003 990 984 979 973 966 967 961 960 964
1760 2391 2374 2365 2320 2143 2762 2673 2549 2410 3214 3222 2447 2476 2537 2575 2607 2647 2767 2160 2259 2324 2386 2389 2361 2332 1750 1745 1786 1284 1280 3057 3045 3114 3239 2584 2637 1100 1132 1261 1243 1358 1238 1067 1130 1221 1158 1080 803 986 998 1002 687 694 700 705 706 705 702 703 712 726 740 750 754 754 748 732 706 999 985 978 976 974 971 979 977 978 983
2379 2352 2331 2318 2275 2067 2718 2638 2563 2531 2511 2509 2504 2545 2585 2620 2665 2745 2127 2240 2328 2382 1767 1749 2370 2378 1763 1766 1267 1304 1263 3075 3106 3190 3245 2544 2716 2715 1204 1225 1323 1448 1132 1171 1297 1176 1008 964 897 997 983 1004 1000 688 695 702 705 705 704 706 715 728 741 751 755 757 751 736 708 1000 982 976 976 978 978 994 995 997 1001
2349 2321 2296 2279 2238 2791 2712 2644 2632 2622 2606 2581 2590 2622 2658 2703 2772 2131 2228 2315 2375 1758 1788 1754 1747 1745 1781 1794 1033 1277 3141 3149 3200 3246 2482 2554 2824 3049 3002 1251 1276 1350 1419 1210 1357 1189 978 894 895 702 969 974 991 1000 688 699 705 707 708 710 718 731 743 752 753 754 750 736 710 1002 983 978 980 986 988 1007 1010 688 689
2323 2294 2265 2239 2189 2783 2714 2690 2686 2680 2665 2644 2671 2704 2747 2096 2172 2245 2306 2370 1745 1772 1791 1751 1756 1755 1784 1827 2610 3172 3188 3251 3271 2498 2578 2651 2886 2574 2699 1122 1323 1325 1422 1208 1302 1127 960 1280 950 916 1029 979 980 984 1002 697 707 711 713 716 723 734 745 752 753 749 745 730 707 1004 984 981 988 996 1001 694 694 695 695
2297 2267 2235 2211 2169 2074 2754 2727 2717 2710 2702 2703 2731 2783 2129 2195 2247 2301 2345 2390 1763 1770 1782 1742 1753 2402 1816 1059 2516 3246 2483 2488 2524 2591 2715 2853 2936 2502 2856 1211 1208 1438 1484 1228 1252 1087 1336 961 1024 1042 1026 1039 965 977 990 694 709 715 718 721 728 738 746 750 748 742 733 718 699 1000 984 986 997 1008 689 702 700 698 696
2275 2244 2213 2205 2175 2095 2784 2755 2740 2732 2735 2751 2788 2121 2187 2231 2275 2304 2347 2380 1753 1756 1771 2401 1746 1784 1786 1091 2481 2505 2602 2590 2634 2778 2893 2312 2372 2446 2196 2509 1361 1338 1176 1202 1220 1104 1370 1019 1072 1096 1107 958 972 972 983 692 711 720 724 727 733 740 746 746 740 729 716 700 1007 990 985 994 1011 698 702 709 704 699 694
2262 2232 2205 2211 2195 2132 2094 2057 2779 2774 2784 2071 2115 2171 2215 2238 2267 2298 2326 2373 2394 2391 1748 2393 1769 1782 1036 2649 2457 2570 2697 2721 2752 2938 2407 2516 2568 2599 2135 2568 1269 1124 1282 1150 1107 1410 1325 1344 1394 1058 1091 1005 974 964 985 693 714 723 728 731 735 740 743 740 730 714 695 999 986 981 987 1003 698 713 717 715 705 698 693
2261 2236 2217 2231 2237 2197 2179 2155 2143 2140 2142 2152 2175 2208 2227 2244 2254 2278 2304 2332 2360 2402 1752 1745 1748 1869 2107 2574 2515 2605 2767 2885 2911 2260 2480 2636 2715 2140 2196 2609 1485 1177 1109 1133 1398 1320 1277 1285 1289 1358 1084 1076 991 962 988 697 720 727 731 733 735 737 736 731 719 700 1001 982 977 980 988 1008 706 722 728 719 707 699 693
2270 2257 2248 2264 2286 2276 2281 2272 2261 2245 2233 2225 2226 2233 2229 2231 2236 2252 2292 2329 2350 2345 2372 1750 1807 2155 2649 2569 2617 2640 2751 2914 2317 2338 2397 2582 2141 2244 2370 2270 1422 1394 1259 1198 1419 1315 1275 1282 1253 1287 1070 908 846 981 990 700 726 732 733 732 731 729 724 716 704 688 992 979 978 988 998 1011 712 729 735 722 709 700 694
2285 2286 2289 2303 2327 2341 2358 2359 2347 2324 2296 2271 2255 2241 2220 2219 2228 2239 2256 2279 2316 2379 2399 2396 2126 2677 2605 2614 2696 2694 2763 2879 2315 2424 2437 2495 2731 2273 2433 2367 1457 1245 1202 1308 1111 1339 1306 1315 1251 1253 1059 1006 1241 770 986 704 733 736 734 730 725 718 704 692 1006 997 987 981 983 996 1012 696 716 733 741 724 709 701 695
2305 2321 2334 2347 2366 2390 2404 2404 2385 2355 2323 2296 2270 2240 2219 2212 2211 2204 2256 2318 2355 2236 2266 2223 2861 2763 2691 2705 2793 2842 2906 2290 2379 2549 2657 2674 2113 2202 2285 2673 2368 1332 1187 1092 1219 1423 1357 1382 1286 1234 1369 1238 964 871 981 706 736 739 733 726 718 706 1006 988 980 980 986 988 991 1004 695 707 719 736 746 725 710 702 697
2328 2355 2376 2394 1748 1760 1758 1749 2389 2363 2333 2297 2260 2232 2223 2203 2200 2218 2158 2226 2242 2222 2266 2332 2335 2975 2860 2852 2253 2291 2383 2503 2573 2688 2189 2235 2255 1654 2223 2580 2255 1369 1242 1215 1406 1226 1435 1427 1315 1196 1247 1042 1157 1035 998 702 735 738 731 722 712 697 991 973 964 973 987 998 1003 689 702 716 728 743 750 726 711 704 699
2358 2387 1748 1771 1781 1777 1763 2406 2376 2343 2309 2296 2280 2252 2216 2200 2243 2215 2264 2298 2286 2221 2258 2371 2444 2409 2310 2354 2480 2521 2598 2715 2159 2176 2226 2393 2411 1747 1768 1690 2467 1588 1344 1194 1243 1375 1501 1388 1265 1139 1150 1241 978 963 1044 688 725 731 725 717 706 694 989 968 964 973 992 1009 691 699 710 723 737 749 753 727 713 707 702
2396 1758 1780 1802 1810 1786 1758 2386 2355 2330 2320 2301 2272 2235 2229 2283 2267 2324 2349 2378 2335 2283 2271 2325 2428 2493 2435 2466 2624 2681 2703 2172 2260 2283 2342 2450 1801 1776 1806 2376 2727 2595 1563 1429 1208 1310 1478 1309 1188 1511 1463 1059 1171 1271 1047 697 707 716 716 710 702 693 997 978 971 979 999 693 701 709 719 732 744 754 755 730 717 710 706
1776 1790 1806 1823 1826 1785 1750 2380 2356 2330 2312 2298 2306 2316 2327 2253 2343 2398 2406 2388 2415 2378 2302 2338 2490 2545 2460 2493 2661 2129 2169 2226 2307 2375 2474 2494 2442 1883 2329 2404 2226 2576 1535 1391 1287 1142 1379 1262 1172 1083 1451 1433 1058 870 947 993 1006 694 703 704 699 692 1005 991 983 988 1007 699 710 720 730 741 751 759 756 733 721 715 710
1814 1818 1825 1834 1823 1780 1752 2383 2356 2335 2357 2348 2259 2279 2289 2333 2350 2397 2400 2393 2424 2421 2360 2444 2641 2577 2463 2583 2134 2235 2338 2380 2420 2501 2142 2315 2247 2550 2500 2544 2728 1482 1547 1296 1325 1157 1400 1316 1236 1144 1065 1437 1059 862 896 956 971 990 689 697 697 692 687 1003 997 1000 691 706 719 731 741 751 757 762 758 737 727 721 714
1838 1837 1836 1838 1821 1778 2408 2381 2362 2400 2408 2434 2418 2407 2401 2355 2344 2349 2359 2411 2442 2440 2481 2601 2664 2586 2604 2158 2271 2342 2442 2498 2522 2630 2314 2463 2435 2236 2642 2630 2703 1519 1579 1440 1202 1331 1170 1405 1322 1207 1140 1072 1125 1211 880 928 936 959 995 691 696 692 690 688 1011 689 700 715 730 743 753 760 762 765 759 742 733 726 720
1851 1848 1839 1833 1813 1774 2401 2392 1772 2466 1911 1974 1968 2570 2516 2416 2353 2324 2356 2460 2521 2516 2589 2700 2643 2562 2102 2345 2412 2415 2480 2553 2607 2168 2335 2425 2490 2457 2309 2200 2256 1521 1537 1420 1332 1221 1279 1428 1362 1289 1228 1144 1163 1179 864 901 907 931 977 687 696 693 694 695 696 699 709 725 740 753 765 766 772 769 762 747 739 733 725
1863 1861 1848 1829 1797 1775 1761 1784 1822 1940 2129 2313 2286 2115 2621 2476 2374 2348 2390 2490 2587 2615 2672 2743 2651 2560 2058 2288 2435 2485 2589 2206 2365 2454 2485 2510 2141 2327 2246 2471 2345 2363 1465 1391 1289 1139 1124 1196 1078 1400 1315 1257 1179 1173 850 873 886 910 962 1007 697 696 699 703 706 710 720 734 749 761 772 774 776 774 765 753 745 739 732
1867 1865 1849 1831 1813 1799 1802 1852 1855 1995 2439 2329 2697 2262 2671 2518 2410 2372 2380 2426 2521 2631 2714 2084 2644 2603 2042 2187 2363 2558 2237 2544 2541 2167 2455 2276 2411 2162 2496 2237 2440 2462 1536 1393 1397 1201 1124 1152 1271 1109 1059 1055 928 1221 850 864 870 897 957 1010 699 701 706 712 717 720 728 742 757 770 778 783 782 778 767 759 752 746 739
1865 1862 1855 1845 1839 1845 1860 1820 2502 2047 2146 2586 2262 2232 2627 2509 2427 2389 2379 2401 2485 2579 2587 2552 2574 2054 2181 2271 2419 2110 2372 2047 2061 2232 2227 2448 2200 2344 2172 2388 2218 2629 2225 1553 1442 1333 1310 1142 1273 1038 1249 969 1140 1018 878 855 868 896 955 688 703 706 713 721 726 733 750 753 762 774 784 792 790 781 772 766 760 753 746
1860 1865 1860 1859 1868 1886 1897 1823 2412 2012 2065 2248 2455 2692 2542 2459 2406 2389 2406 2457 2539 2570 2523 2520 1997 2170 2333 2439 1980 2158 1994 2080 2166 2014 2219 2399 2075 2381 2273 2493 2431 2353 2324 1599 1547 1473 1276 1203 1233 1092 1156 1079 950 1148 980 873 870 902 962 691 704 709 717 727 735 801 869 801 767 778 792 802 798 786 776 774 767 760 754
1858 1859 1858 1868 1903 1920 1917 1831 2394 1912 2197 2184 2008 2483 2450 2386 2370 2391 2424 2506 2577 2606 2590 2594 2051 2226 2334 2431 1985 2222 2063 1962 1743 1770 2087 2182 2222 2146 2403 2215 2541 2414 2315 2319 1572 1243 1248 1172 1175 1242 1180 965 1013 1171 1059 938 904 929 986 695 691 701 722 735 745 852 693 882 772 782 799 811 806 794 784 782 776 768 763
1852 1848 1850 1874 1911 1919 1901 1860 1896 2066 2012 2455 2389 2412 2379 2362 2373 2395 2445 2539 1996 2020 1963 1984 2064 2206 2285 1805 1924 1671 1999 1865 1572 1786 1803 1737 2063 2245 2217 2345 2555 2397 2196 2517 1415 1266 1215 1249 1117 1192 1094 1181 917 933 1120 1065 1024 982 990 1004 690 700 712 731 745 810 858 835 784 788 815 828 823 804 791 792 785 777 772
1850 1835 1845 1876 1912 1878 1843 1844 1918 1935 1498 1857 2309 2308 2337 2341 2376 2393 2469 2586 2050 2085 2038 2078 2160 2201 2287 1917 2012 1653 1936 1781 1640 1721 1771 1897 1943 1923 2179 2060 2435 2328 2565 1462 1353 1369 1291 1274 1190 1221 1222 1179 1066 863 952 913 859 770 728 1017 698 715 743 770 791 827 789 776 784 799 560 573 567 813 799 802 794 787 780
1853 1834 1840 1871 1854 1811 1823 1872 1932 1974 2001 2020 1984 2268 2276 2290 2327 2379 2484 2006 2132 2183 2200 2236 2248 2269 1941 1601 1667 1677 1837 1624 1667 1973 2008 1726 1893 1801 1973 2047 2094 2166 2503 2335 1380 1312 1231 1281 1147 1198 1027 1179 915 1002 850 813 984 915 835 763 786 861 723 795 796 763 641 775 779 815 581 594 588 832 811 813 805 797 788
1856 1836 1834 1849 1847 1827 1861 1910 1951 1990 1999 1981 1989 1881 2225 2239 2271 2362 1879 2058 2201 2282 1820 1862 1736 1463 1528 1578 1578 1589 1611 1732 1941 1948 2074 1665 1701 1604 1847 1882 2297 2352 2397 2353 1535 1430 1243 1252 1174 1108 1040 1051 964 847 767 715 831 765 703 905 917 804 824 760 738 635 651 866 785 832 599 618 615 579 827 826 816 806 796
1856 1839 1833 1838 1836 1834 1876 1916 1963 1979 1990 1978 1952 1919 2403 2246 2336 2398 1891 2084 2198 1843 2054 1388 1503 1480 1612 1629 1539 1504 1953 1668 1609 2090 2043 1819 2050 1893 1674 1862 2158 2126 2272 2325 2296 1305 1233 1185 1169 1246 1064 1114 943 899 719 679 730 668 678 624 813 753 675 658 692 628 662 665 802 571 616 643 637 608 570 563 826 815 802
1862 1855 1847 1838 1826 1834 1863 1916 1949 1964 1955 1954 1924 1881 1785 2322 2410 1841 1942 2085 2193 1492 1441 1473 1697 1555 1746 1751 1610 1557 1550 1804 1703 1818 2023 1687 2021 1883 1953 1662 2466 2051 2229 2307 2258 2252 1329 1278 1264 1265 1102 1081 944 854 789 685 611 695 687 659 588 551 684 636 640 778 765 653 820 583 631 668 651 632 595 575 837 823 809
1874 1868 1860 1847 1837 1843 1867 1901 1933 1923 1920 1900 1875 1814 2400 2349 1761 1889 2075 2119 1393 1493 1329 1468 1366 1636 1764 1773 1657 1639 1722 1586 1811 1649 1649 2168 2002 1855 1753 2285 2331 1997 2235 2282 2221 2205 1253 1302 2365 1407 1167 1074 910 969 879 819 615 591 600 549 471 507 698 770 898 817 751 597 836 599 641 450 667 644 615 586 567 831 816
1884 1878 1872 1869 1869 1869 1875 1885 1900 1879 1852 1844 1806 2411 2379 2404 1820 1895 2049 2126 1463 1481 1553 1301 1373 1295 1299 1335 1695 1660 1785 1671 1956 1605 1991 2111 1885 1777 2317 2300 2331 1963 2178 2195 2147 2109 1336 1337 2119 2193 1224 1120 1076 1065 1020 994 1017 837 581 618 577 477 685 877 881 804 865 791 837 620 658 463 454 655 629 596 575 838 823
1901 1889 1880 1878 1886 1879 1871 1860 1839 1811 1789 1771 2400 2381 2405 1806 1882 1947 2060 1607 1483 1544 1560 1649 1313 1351 1367 1387 1769 1647 1753 1615 1855 1881 1976 2133 1881 2332 1847 1893 2421 1919 2005 2021 2079 2060 1472 1440 2442 2469 1134 1077 1043 1141 1133 1082 1092 910 753 733 682 639 640 835 945 1043 853 738 843 672 692 484 479 678 644 605 581 565 830
1916 1896 1880 1875 1881 1873 1855 1820 1767 2393 2386 2383 2381 2410 1806 1870 1938 2001 1505 1779 1485 1611 1583 1537 1653 1320 1756 1391 1393 1699 1652 1923 1735 1946 2014 2193 2025 1958 2020 2038 1941 2396 2358 2395 1986 2081 1435 1365 1320 2328 2367 1155 1067 1183 1123 1218 1083 961 893 759 819 680 652 822 876 758 897 785 694 613 577 509 509 462 661 614 585 571 837
1931 1904 1880 1872 1878 1866 1832 1769 2371 2346 2357 2381 2418 1808 1868 1927 1984 2060 1556 1402 1587 1244 1577 1491 1563 1239 1643 1731 1397 1752 1636 1706 1656 1957 2081 2174 2053 2102 2138 2103 1992 2376 2245 2272 2438 2034 1376 1286 1265 2309 2341 1123 1214 2084 2282 2449 1162 1100 993 888 843 829 735 842 884 776 707 899 600 586 533 393 518 485 673 620 589 575 565
1946 1917 1889 1878 1881 1860 1809 2394 2332 2339 2377 2416 1813 1871 1923 1982 2033 1554 1627 1401 1617 1455 1318 1565 1568 1603 1580 1697 1769 1722 1697 1735 1968 1765 1929 2103 1973 2043 2059 2084 2055 2411 2253 2232 2357 1954 1974 2417 2331 2274 2388 2039 2537 2453 2057 2228 2423 1145 1126 1017 961 842 777 745 638 820 552 746 565 537 507 524 384 502 685 626 593 579 571
1966 1941 1915 1896 1884 1863 1809 2399 2359 2383 1765 1817 1875 1934 1981 2039 1526 1618 1705 1366 1605 1613 1555 1672 1585 1590 1612 1596 1668 1701 1724 1786 1897 1893 2109 1892 2409 2447 2440 1990 2010 2420 1430 1365 2270 1938 2028 1958 2308 2159 2309 2012 2490 2324 2382 2084 2264 2242 1178 1022 1004 896 778 803 656 631 482 564 487 538 454 470 485 539 463 633 598 584 577
1989 1979 1960 1928 1896 1898 1859 1811 1784 1807 1848 1894 1948 1999 2042 1519 1602 1696 1756 1374 1572 1472 1536 1717 1685 1642 1565 1533 1561 1684 1744 1882 1942 1727 1846 2221 2249 2345 2354 2393 2409 2389 2440 2344 2245 1914 2075 2028 2350 2101 2134 1873 1968 2332 2300 2526 2148 2632 1301 1181 1098 936 805 638 652 593 459 367 493 501 487 361 376 389 489 642 603 589 582
2017 2027 2019 1975 1919 1949 1933 1916 1902 1915 1941 1976 2025 2067 1525 1593 1671 1752 1284 1439 1474 1203 1287 1266 1324 1701 1512 1427 1491 1536 1705 2023 1992 2085 2302 2170 2232 2373 2394 2315 2328 2358 2434 2426 2354 1897 2053 2014 1855 2165 2061 2327 2017 2409 2265 2407 2090 2158 1255 1106 1200 977 825 736 553 577 455 366 480 506 521 359 382 430 524 655 608 593 587
2047 1491 1498 2040 1976 2009 2009 2011 2009 2016 2033 2060 1524 1570 1612 1676 1744 1288 1360 1433 1084 1075 1133 1664 1309 1634 1445 1371 1822 1895 2015 1764 1827 2054 2287 2244 2326 1876 1906 2396 1824 2385 2370 1884 1926 1921 1976 1967 1876 2267 2107 2290 2002 1897 2257 2321 2020 2077 2441 2483 1114 986 920 910 744 473 451 499 504 491 437 359 296 309 553 667 615 598 592
1495 1545 1568 1538 2066 1493 1500 1510 1513 1522 1542 1585 1634 1675 1710 1247 1311 1355 1431 1462 1111 1159 1222 1277 1314 1613 1420 1765 1699 1727 1834 1934 1577 2035 1833 1791 1916 2003 2004 2048 2057 1995 1914 1962 1985 1912 1962 2002 1880 2342 2180 2231 1913 1902 2299 2278 2443 2420 2261 2409 1186 1065 1033 974 847 580 603 643 660 538 516 446 396 386 397 683 622 604 598
1535 1589 1625 1625 1601 1604 1596 1595 1600 1617 1648 1701 1743 1259 1286 1332 1363 1396 1456 1467 1144 1255 1296 1293 1398 1711 1435 1712 1641 1658 1697 1743 1856 1936 1878 1852 1902 2009 1618 2169 1592 1540 1964 1959 1978 1912 1995 1930 2308 2302 2240 2220 1763 2285 2180 2110 2199 2250 2240 2335 2393 1117 1085 923 911 851 772 798 767 617 588 442 321 289 285 464 632 610 605
1573 1624 1667 1701 1724 1708 1704 1706 1710 1730 1245 1282 1315 1340 1374 1390 1400 1427 1464 1026 1119 1117 1167 1627 1308 1578 1866 1727 1671 1656 1655 1676 1724 1781 1758 1747 1785 1883 2074 1820 1630 2159 1948 1856 1945 2011 2084 2346 2106 2178 2233 2221 2158 2035 1973 1922 1986 2117 2183 2192 2259 1075 1001 1123 1002 925 938 857 843 773 560 464 386 349 333 486 644 617 611
1612 1662 1709 1243 1305 1282 1281 1285 1291 1307 1331 1358 1384 1409 1433 1439 1430 1450 1473 1028 1049 1042 1072 1529 1583 1616 1422 1778 1724 1686 1671 1720 1753 1717 1663 1670 1728 1838 2061 1842 1897 2128 1892 2297 1878 2077 2127 1863 2151 2072 2097 2110 2058 1974 1953 1948 1972 2021 2034 2069 2233 2421 1051 1117 1004 1025 1116 985 861 815 633 523 389 321 373 506 654 625 619
1661 1699 1744 1292 1366 1361 1366 1371 1378 1389 1406 1428 1452 1468 1479 1477 1460 1446 1448 1453 1460 1443 1468 1479 1614 1370 1663 1374 1735 1717 1697 1757 1878 1840 1670 1651 1695 1799 2055 1830 1827 2139 1921 1781 1793 1949 1991 1892 2296 2075 1949 1978 2026 2027 2024 1997 1963 1945 1949 2033 2172 2315 2370 1945 2169 1184 1189 1067 899 768 750 555 513 403 373 521 666 635 627
1716 1743 1269 1338 1428 1432 1445 1455 1460 1467 1478 1037 1058 1069 1059 1480 1460 1438 1425 1420 1386 1397 1390 1587 1298 1440 1382 1401 1681 1663 1644 1690 1836 1803 1646 1618 1618 1744 2052 1812 1821 2176 2006 1877 1815 1837 1834 1776 2318 2182 1964 1921 1968 2011 2011 1972 863 1173 1044 2034 2113 2171 2306 2490 2076 2152 2317 1086 1154 1028 713 725 653 419 283 533 679 647 636
1271 1294 1335 1393 1026 1043 1068 1080 1082 1080 1081 1091 1101 1101 1077 1024 1431 1386 1353 1354 1336 1396 1415 1203 1292 1689 1570 1801 1625 1597 1577 1594 1653 1663 1639 1613 2134 1708 2076 1767 1735 2157 2046 1891 1764 1722 1698 1654 2223 2184 2017 1938 1966 1990 1990 1952 864 854 1174 1096 1513 2090 2192 2339 2418 2038 2246 1146 1182 1074 886 777 668 454 303 541 453 661 646
1357 1376 1409 1456 1086 1112 1139 1149 1143 1129 1116 1112 1108 1092 1050 1449 1389 1331 1284 1250 1261 1379 1165 1208 1233 1557 1327 1660 1609 1580 1549 1556 1636 1723 1709 1605 2099 1710 2058 1614 2055 2073 2023 1859 1666 2152 2128 2111 2108 2089 2025 1984 2013 2024 2005 1988 1988 1996 2015 2026 1029 1553 2115 2185 2344 2039 2288 2451 2045 1334 974 790 669 671 413 365 477 680 659
1436 1453 1480 1064 1142 1171 1196 1200 1183 1157 1133 1111 1082 1027 1423 1369 1320 1258 1733 1699 1696 1754 1145 1533 1504 1450 1744 1667 1623 1588 1540 1583 1752 1845 1753 1586 2094 1779 2073 1983 1845 1928 1966 1817 1582 2060 2032 2050 2054 2046 2046 2054 2062 1479 2052 2048 2037 2026 2015 2024 2061 1096 1384 2171 1773 2005 2146 2162 2160 1164 943 701 679 661 358 394 499 461 675
1038 1056 1084 1124 1194 1224 849 1238 1212 1177 1135 1080 1467 1414 1360 1295 1248 1719 1681 1644 1599 1579 1618 1745 1821 1384 1742 1651 1626 1607 1566 1631 1770 1779 1666 1545 2114 1868 1643 1948 1687 1741 1841 1731 1523 2049 2044 2064 1505 1515 1529 1521 1519 1522 1525 1536 1522 2065 2028 2038 1505 1091 1141 1487 1881 1571 2078 1937 1883 2177 993 854 690 621 547 516 573 481 688
1081 1101 1128 1167 1233 872 890 876 1231 1177 1103 1481 1406 1340 1298 1242 1721 1681 1644 1602 1538 1553 1633 1692 1801 1871 1724 1624 1626 1638 1615 1643 1681 1651 1592 1525 1629 1984 1625 1871 1619 1593 1699 1678 1564 1540 1542 1535 1567 1573 1569 1556 1547 1555 1562 1574 1576 1550 2047 2053 1513 1575 1082 1130 1511 1618 1662 1951 1810 1861 2060 906 668 606 505 424 433 502 458
1111 1131 1157 1191 866 900 914 893 1218 1153 1062 1423 1349 1290 1248 1730 1693 1658 1622 1573 1534 1592 1691 1742 1807 1825 1748 1659 1630 1640 1639 1637 1631 1619 1587 1531 1730 1542 1931 1693 1599 1564 1060 1069 1696 1616 1585 1570 1596 1598 1588 1571 1571 1578 1581 1586 1584 1545 2060 2058 2067 1529 1651 1151 1158 1092 1556 1477 1902 1795 1743 1939 874 807 741 586 578 504 468
1137 1155 1174 1205 877 904 908 848 1189 1097 1470 1387 1314 1260 1742 1709 1676 1645 1612 1557 1539 1640 1736 1772 1820 1796 1763 1706 1639 1616 1654 1681 1654 1627 1595 1631 1870 1963 1722 1591 1614 1653 1115 1070 1734 1633 1595 1592 1609 1612 1602 1591 1594 1594 1591 1581 1563 1524 1484 2064 2063 1489 1550 1165 1232 1196 1190 1114 1529 1390 1758 1732 1906 893 613 470 517 502 477
1155 1173 1187 1209 869 870 1231 1193 1116 1045 1426 1347 1283 1754 1729 1693 1666 1641 1610 1564 1579 1690 1787 1792 1776 1743 1729 1725 1680 1648 1701 1739 1684 1623 1658 1421 1709 1481 1634 1567 1591 1667 1091 1730 1663 1637 1618 1621 1631 1640 1627 1618 1616 1604 1597 1578 1549 1528 1516 1522 1524 1529 1566 1190 851 1227 858 859 1135 1101 1388 1773 1355 785 611 464 505 500 485
1165 1180 1188 1198 1220 1194 1170 1111 1051 1446 1378 1310 1257 1745 1716 1686 1663 1645 1625 1605 1635 1741 1814 1802 1713 1668 1675 1730 1759 1807 1853 1808 1701 1630 1770 1691 1436 1532 1655 1565 1592 1643 1025 1662 1677 1672 1659 1658 1666 1672 1659 1650 1640 1625 1609 1587 1565 1548 1547 1557 1568 1583 1622 1675 1071 1117 862 909 861 1177 1231 873 714 839 630 463 498 501 494
1159 1167 1167 1167 1167 1134 1091 1046 1451 1396 1339 1285 1252 1741 1705 1683 1667 1655 1636 1622 1714 1846 1849 1803 1733 1726 1697 1733 1334 1502 1569 1402 1721 1678 1826 1642 1686 1903 1697 1585 1591 1634 1655 1697 1715 1714 1698 1692 1702 1701 1694 1685 1671 1653 1631 1605 1590 1585 1584 1585 1598 1628 1678 1722 1273 1443 867 936 915 884 918 723 777 585 650 461 494 502 500
1140 1144 1140 1130 1111 1078 1046 1459 1410 1362 1316 1285 1252 1735 1702 1685 1673 1663 1654 1676 1769 1392 1401 1841 1794 1757 1728 1754 1364 1563 1584 1355 1722 1724 1353 1594 1589 1381 1729 1597 1602 1662 1698 1725 1745 1742 1728 1725 1728 1726 1725 1719 1705 1683 1653 1636 1626 1623 1621 1621 1634 1676 1734 1297 1337 1407 865 959 960 955 701 756 813 601 664 461 492 504 507
1120 1114 1103 1088 1082 1042 1468 1425 1382 1344 1316 1284 1250 1732 1706 1692 1683 1680 1691 1750 1789 1803 1363 1363 1338 1772 1744 1258 1351 1479 1430 1768 1735 1274 1509 1369 1132 1548 1754 1622 1652 1710 1736 1253 1282 1261 1753 1752 1750 1748 1751 1747 1734 1712 1686 1671 1663 1662 1661 1664 1684 1730 1381 1404 1369 1398 1197 964 697 720 748 756 802 611 673 464 492 505 513
1099 1084 1067 1058 1050 1468 1437 1399 1365 1340 1315 1282 1249 1735 1715 1702 1694 1698 1730 1072 1383 1746 1792 1317 1336 1299 1286 1342 1405 1451 1380 1322 1403 1065 1162 1368 1447 1565 1737 1659 1711 1748 1265 1307 1323 1327 1307 1293 1284 1276 1275 1266 1755 1739 1721 1713 1709 1710 1710 1716 1741 1037 1078 1037 1388 1406 1117 939 726 762 757 718 754 614 679 469 492 507 517
1082 1065 1048 1033 1477 1441 1414 1383 1356 1342 1313 1282 1252 1742 1727 1716 1710 1715 1475 1112 1514 1777 1320 1360 1441 1458 1464 1078 1234 1147 1063 1068 1094 1128 1268 1435 1347 1323 1699 1719 1755 1284 1322 1348 1374 1375 1367 1360 1349 1336 1327 1318 1307 1284 852 1286 1289 1292 1290 1318 1480 1178 1153 1052 1392 1434 1099 876 702 746 734 708 707 624 685 473 493 508 519
1073 1055 1036 1476 1455 1427 1404 1379 1366 1345 1315 1286 1261 1753 1739 1728 1721 1733 1122 1131 1056 1421 1420 1481 990 1046 1007 965 1212 1093 1080 1108 1089 1223 1469 1461 1601 1359 1733 1257 1309 1348 1374 1384 1403 1415 1428 1436 1429 1413 881 900 903 894 881 860 1438 1424 1427 1468 1225 856 1171 1468 1407 1458 1115 1228 962 702 716 708 584 655 452 478 497 511 519
1064 1047 1029 1470 1449 1429 1407 1393 1378 1352 1322 1297 1275 1253 1755 1749 1741 1344 1183 1148 1118 1092 1469 1154 966 1094 1144 1124 1257 1053 1081 1149 1215 1393 1472 1318 1511 1333 1293 1343 1374 1397 1409 1415 1437 1456 1027 1094 856 950 963 955 937 919 895 875 847 1048 1052 1124 861 866 1138 1448 1420 1028 1117 1221 938 1001 713 574 670 690 461 485 502 514 519
1056 1041 1026 1471 1457 1439 1423 1412 1391 1364 1337 1320 1301 1280 1265 1253 1259 1160 1283 1101 1088 887 1118 1136 1248 1004 1165 1232 1372 1097 1097 1161 1298 1204 1250 1093 1550 1403 1368 880 857 1433 1438 1448 1468 1037 1098 1182 925 975 976 962 945 925 910 893 869 1145 1125 1195 883 868 1074 1446 1440 1031 1097 1193 916 997 574 673 463 464 473 494 508 517 517
1050 1038 1026 1477 1470 1454 1447 1428 1405 1381 1370 1356 1340 1321 1306 1305 1424 1277 1292 1107 1061 1160 1186 1167 1195 1244 1058 1152 1330 1134 1156 1106 1255 1243 1393 1281 1034 1464 869 929 897 1467 1473 1042 1068 1085 1134 1217 937 971 970 960 943 933 926 918 901 1226 1183 857 901 1236 1046 1456 1459 1467 1039 1136 879 582 670 464 473 477 489 503 514 518 514
1046 1036 1027 1483 1029 1478 1463 1442 1421 1411 1400 1388 1377 1366 1361 1385 1120 1396 1194 1153 1142 1098 1133 1188 1228 1203 1229 1209 1124 1132 1172 1115 1296 1174 1153 1268 1235 1492 946 978 942 887 1144 1142 1122 1121 1158 1236 939 962 967 960 950 946 946 947 936 887 846 888 906 1181 1052 1476 1468 1455 1468 1108 863 654 463 473 481 491 503 510 518 520 514
1049 1044 1040 1041 1048 1033 1474 1455 1441 1436 1425 1417 1412 1409 1422 1470 986 1059 1578 1487 1131 1135 1139 1176 1236 1153 1162 1081 1111 1180 1117 1178 1426 1099 1259 1449 1470 1478 699 696 1012 970 1206 1195 1165 1158 1188 876 947 965 971 970 967 967 974 979 975 950 911 921 890 1161 1071 1047 1034 1482 1039 1129 878 683 468 477 491 506 515 516 523 522 514
1059 1057 1055 1058 1061 1044 1026 1468 1462 1453 1442 1442 1452 1463 1481 1201 939 1317 1130 1076 1129 1139 1118 854 1225 1167 1155 1179 1203 870 1076 1148 1386 1082 1311 1465 1396 1472 721 707 706 695 907 1236 1208 1202 1231 919 963 980 987 991 995 1002 1011 1014 1020 697 1015 969 875 1167 1107 1089 1086 1091 1114 1186 911 453 473 490 507 519 523 526 528 525 512
1069 1068 1068 1071 1070 1056 1039 1481 1477 1462 1459 1473 1043 1079 1120 921 1268 1193 1120 1071 1114 1182 1183 1206 859 1128 1067 1175 850 1017 1064 1476 1311 1063 965 923 1435 706 729 716 712 1017 971 933 886 874 912 960 989 1005 1014 1023 702 709 712 712 717 725 727 702 903 1191 1152 1137 1144 1163 1197 868 969 466 490 508 521 529 534 532 530 522 501
1078 1078 1080 1084 1082 1071 1056 1047 1027 1469 1478 1053 1093 1128 1236 910 1241 1212 1206 1153 1108 1199 1189 1194 853 1244 1169 1201 868 968 1088 1537 1001 1007 912 957 723 739 732 722 715 1020 998 972 956 954 974 1001 697 707 717 727 733 734 731 732 742 754 763 750 969 1231 1204 1191 1203 1231 887 959 463 488 507 521 532 540 545 537 525 507 476
1092 1089 1092 1097 1095 1090 1083 1072 1043 1478 1056 1107 1155 1192 945 957 1254 1254 1246 1177 1092 1222 1184 1212 1228 876 1236 1224 866 941 1147 1208 1057 957 907 1002 765 748 735 728 717 699 1018 1004 1003 1010 699 713 729 744 754 759 758 752 748 754 768 782 807 565 572 930 881 860 876 917 613 461 483 502 519 533 544 555 556 524 499 468 667
1111 1104 1106 1111 1109 1114 1114 1098 1073 1055 1114 1149 1176 878 969 912 1197 1243 1250 1207 1130 853 1203 1224 1235 862 857 1240 859 915 908 1160 1302 942 942 710 764 754 737 731 720 707 704 702 709 719 735 752 766 774 783 785 775 771 772 781 797 814 574 594 605 598 566 945 569 649 455 471 490 509 526 543 564 374 553 489 690 647 597
1128 1120 1121 1124 1131 1145 1141 1133 1128 1130 1167 1188 855 1007 962 1230 1216 1229 1267 1208 915 1237 1236 848 859 871 871 869 889 990 958 1215 1115 879 990 740 760 750 735 732 721 716 716 720 732 747 761 779 796 810 810 803 797 796 806 821 834 577 603 623 637 641 649 654 675 694 459 474 494 513 531 563 387 378 524 678 621 575 808
1141 1133 1136 1144 1154 1170 1171 1179 1196 1215 1235 851 982 979 872 1218 1221 1248 1321 1209 940 866 878 882 900 910 907 900 919 1096 1112 1301 1228 854 708 746 750 742 733 732 723 724 727 738 753 768 787 809 827 835 831 822 821 833 570 582 594 610 631 650 667 680 692 459 462 462 471 487 508 530 361 393 398 559 478 614 834 788 756
1144 1143 1150 1162 1174 1197 1212 1236 863 880 922 988 991 1266 1196 1238 1233 1297 1322 1203 972 895 915 926 948 960 956 950 976 1031 1340 1235 1167 902 721 747 746 736 733 732 728 733 741 754 770 796 821 842 577 576 565 566 571 588 605 618 629 643 659 676 692 463 472 478 482 488 499 517 548 385 414 413 378 515 664 839 782 751 729
1140 1148 1162 1179 1195 1228 855 879 904 925 977 1033 940 1207 1174 867 1232 1329 1273 1165 1011 923 960 969 994 1011 1018 701 709 936 1170 1140 1148 940 735 748 744 736 736 735 736 746 759 782 809 837 572 586 587 581 583 584 597 622 643 657 666 672 681 453 468 479 488 497 506 516 535 562 396 433 439 395 539 466 604 804 758 735 719
1131 1150 1171 1196 1214 856 874 886 917 971 978 955 907 867 1199 1266 1259 1273 1329 1264 1214 970 987 1004 714 739 758 770 722 918 1206 1184 1237 1000 742 749 744 740 741 742 750 762 792 829 584 595 591 592 589 594 600 607 628 656 680 693 456 457 461 470 480 491 502 513 525 545 361 381 405 422 402 551 491 654 839 785 752 730 718
1120 1147 1174 1204 1223 854 859 881 938 727 1008 937 908 929 886 1248 1249 1274 1008 1024 1310 1036 1011 715 760 792 819 805 1021 897 1227 891 988 710 749 749 745 745 747 751 758 781 828 602 630 622 603 597 600 608 618 633 659 689 467 477 480 481 479 480 490 502 516 527 541 555 362 368 370 363 539 495 683 598 812 780 756 737 725
1109 1141 1170 1201 1215 1235 1227 850 954 761 988 909 925 974 908 879 894 1265 972 1004 931 748 720 763 821 611 603 787 985 942 1022 1022 1020 722 754 752 750 752 755 758 774 807 589 642 658 632 608 604 610 623 641 662 689 472 490 499 499 497 495 495 501 518 530 541 547 547 542 538 524 506 479 680 617 832 796 775 760 742 728
1094 1129 1160 1194 1205 1205 1208 1233 977 933 943 956 928 874 940 928 915 935 950 897 1012 735 764 803 619 715 630 748 981 1053 874 868 731 752 761 760 758 762 768 777 803 573 633 669 669 632 612 611 620 641 668 453 472 492 508 516 517 513 513 513 517 530 540 544 541 532 519 504 485 461 664 615 841 801 784 772 758 742 727
1073 1109 1147 1202 862 1241 1218 884 889 1213 1236 934 977 928 954 947 974 972 904 960 696 769 801 568 642 673 582 728 997 779 892 816 762 772 771 770 770 777 790 819 579 632 682 457 671 630 619 623 636 663 454 475 490 505 518 525 529 526 524 523 524 527 529 526 519 505 488 466 684 650 608 842 803 778 768 762 754 742 728
1047 1087 1135 1202 864 1242 854 987 1258 1205 1256 927 960 979 1026 1078 1094 1001 977 948 702 787 830 604 641 614 801 723 709 787 831 792 802 791 791 787 786 797 831 596 637 681 479 478 673 632 627 638 653 680 466 486 499 511 520 526 531 527 523 521 517 514 510 502 488 470 690 662 630 596 839 796 768 754 749 749 748 738 726
1032 1076 1131 1206 863 863 957 1262 1189 1205 1271 916 958 1035 1056 1057 1051 948 1011 988 736 799 573 632 648 583 778 740 724 751 744 794 794 785 790 789 799 826 595 659 481 525 537 502 678 639 644 660 674 455 475 489 497 503 508 511 513 514 512 507 500 490 478 464 686 662 636 606 575 817 781 753 733 729 726 733 736 729 718
1026 1068 1117 1172 1214 873 1185 1146 1125 1169 1196 1240 909 993 1070 1010 931 1013 731 783 833 580 599 617 609 838 794 773 758 738 756 806 809 813 822 830 570 597 637 687 489 514 520 484 673 645 648 661 672 687 456 464 470 472 476 480 481 481 480 477 469 458 682 659 633 606 577 821 781 751 734 726 723 720 715 717 716 710 697
1031 1068 1107 1132 1156 1126 1126 1094 1084 1135 1230 1284 931 987 1039 993 978 703 767 834 605 625 618 603 583 839 815 802 792 793 811 830 839 569 581 594 609 629 654 676 693 458 456 682 657 643 643 651 660 670 677 684 689 694 454 456 456 454 694 689 683 671 655 632 612 587 840 804 771 743 723 713 705 699 1021 1015 1009 999 982
1046 1080 1102 1107 1145 1084 1087 1090 1083 1131 1284 1373 959 946 956 948 991 721 797 589 645 657 632 600 578 842 828 818 813 819 833 845 574 588 602 615 626 637 646 653 654 652 648 642 635 631 633 638 644 651 657 663 669 674 676 676 674 671 668 663 656 647 633 617 599 581 838 807 775 746 720 697 1001 980 964 953 946 937 919
1060 1089 1086 1120 1532 1552 1169 1134 1124 1137 1195 1297 1328 1289 878 906 988 729 816 612 678 686 649 606 578 841 824 811 806 810 819 830 843 577 592 604 611 614 613 612 610 607 604 603 604 605 606 608 609 611 614 618 624 630 634 634 633 630 627 622 616 609 602 594 585 573 835 811 781 748 712 992 941 903 878 863 851 1237 1232
