---
Cu Potential [m] Valid 1500 NZST ~Z75~(0300Z)~Z~ SUN 4 Jan 2026 ~Z75~[27hrFcst@2100z]~Z~
Model= RASP Region= NZ Grid= d1 Reskm= 6.0 Indexs= 1 79 1 99 Proj= lambert 6000 6000 -35.0000 -42.0000 176.0000 -38.5000 176.0000
Day= 2026 1 4 SUN ValidLST= 1500 NZST ValidZ= 300 Fcst= 27.0 Init= 22 Param= zsfclcldif Unit= m Mult= 1 Min= -943 Max= 580
-117 -153 -132 -169 -278 110 -487 -585 -447 -191 -179 -269 -188 -376 -575 -410 -392 -393 -418 -404 -386 -428 -527 -602 -161 231 194 -274 -260 107 129 194 152 102 -153 -209 -127 -166 -89 -23 38 -60 -122 -145 -136 -136 -133 -120 -108 -98 -91 -89 -88 -87 -83 -77 -68 -55 -38 -19 -11 -5 -1 3 13 32 69 120 158 175 184 196 212 233 252 260 269 278 285
-176 -184 -191 -183 -184 -215 -276 -287 -436 -340 -399 -476 -527 -538 -468 -373 -385 -400 -435 -417 -413 -439 -505 -547 -602 -517 -187 -116 -155 -126 4 167 -33 -9 -95 -93 -101 -88 -79 15 33 -66 -148 -150 -140 -135 -126 -112 -100 -93 -88 -87 -87 -85 -79 -69 -55 -35 -11 5 19 27 30 36 50 83 146 220 243 235 231 242 256 263 268 273 279 287 286
-223 -228 -233 -237 -263 -289 -323 -325 -349 -453 -460 -504 -672 -534 -479 -355 -396 -422 -449 -447 -440 -459 -499 -519 -547 -472 -56 -66 -4 -107 33 18 11 59 74 -37 26 -51 -84 91 165 -67 -157 -189 -147 -140 -128 -113 -103 -96 -93 -94 -95 -93 -85 -72 -53 -26 -2 19 35 43 46 53 72 121 222 271 269 263 257 256 259 264 269 272 277 285 282
-232 -238 -246 -284 -302 -324 -359 -334 -436 -514 -547 -549 -549 -498 -461 -404 -419 -434 -451 -453 -452 -467 -506 -539 -691 -314 -327 -211 116 111 31 113 119 131 138 112 84 35 73 135 164 -26 -111 -198 -147 -134 -119 -104 -93 -88 -86 -88 -90 -88 -78 -61 -37 -10 13 36 52 60 65 75 113 181 264 266 265 261 258 257 258 261 265 269 274 265 251
-242 -258 -272 -319 -330 -382 -438 -325 -511 -516 -472 -541 -556 -512 -461 -440 -441 -446 -455 -460 -463 -485 -522 -621 -662 -405 -415 -247 -20 290 32 102 130 100 -69 -28 11 83 139 170 140 105 -83 -116 -127 -89 -82 -27 -21 -17 -22 -28 -26 -19 -12 8 29 51 78 109 131 130 134 158 198 256 254 255 257 258 259 258 257 259 264 266 247 227 213
-256 -285 -307 -353 -353 -457 -519 -544 -376 -278 -399 -563 -554 -513 -487 -461 -453 -456 -461 -465 -477 -495 -522 -529 -524 -542 -363 -157 -41 282 261 194 157 208 183 75 125 161 84 161 160 167 190 -19 -73 -61 -23 1 10 8 2 1 5 18 39 63 96 135 153 167 178 187 201 225 260 252 250 252 257 260 261 260 259 262 266 262 212 196 184
-273 -312 -345 -385 -449 -526 -545 -617 -423 -309 -379 -539 -532 -502 -490 -478 -471 -465 -466 -473 -488 -498 -511 -542 -506 -468 -388 -230 60 236 279 216 227 290 281 128 177 230 262 262 230 154 181 2 4 -50 1 22 22 19 15 17 28 47 73 116 152 170 185 197 213 229 246 271 259 252 251 254 259 263 262 261 261 265 268 235 189 177 167
-293 -334 -376 -449 -495 -539 -550 -582 -554 -520 -398 -461 -524 -489 -486 -480 -480 -479 -481 -479 -491 -498 -500 -533 -556 -502 -570 -374 41 28 156 294 286 294 331 302 204 225 246 252 178 131 185 57 31 -64 41 16 30 31 27 35 50 73 120 154 170 186 201 214 230 251 285 271 260 254 254 258 262 264 264 263 264 267 268 208 178 169 161
-306 -354 -397 -497 -509 -529 -522 -521 -503 -477 -465 -491 -508 -481 -482 -478 -483 -484 -487 -486 -492 -495 -491 -502 -552 -526 -504 -410 -26 266 123 169 229 211 106 132 290 194 206 251 118 102 143 185 15 23 22 16 45 33 43 53 73 117 157 172 186 198 210 221 233 250 284 272 263 258 258 262 265 267 266 266 267 269 269 194 176 170 164
-325 -377 -440 -514 -508 -513 -491 -493 -468 -461 -471 -492 -486 -475 -478 -475 -482 -485 -489 -491 -493 -494 -486 -489 -522 -522 -511 -610 -231 160 261 232 246 257 294 316 295 146 181 238 174 89 108 152 183 96 25 41 28 47 54 71 109 158 172 187 202 213 218 222 233 262 285 276 266 262 263 268 272 273 271 271 271 273 248 189 179 178 174
-350 -395 -463 -518 -493 -501 -478 -471 -465 -470 -480 -481 -475 -473 -475 -472 -480 -483 -489 -491 -493 -491 -484 -477 -509 -522 -519 -525 -350 146 78 255 190 225 338 273 295 294 201 33 201 271 176 121 186 63 112 -35 56 43 61 89 153 169 185 197 207 217 227 232 242 289 287 277 271 268 272 276 279 280 278 277 277 278 210 186 184 187 186
-377 -424 -476 -512 -474 -487 -465 -459 -454 -463 -472 -471 -468 -471 -473 -471 -477 -479 -483 -485 -489 -485 -479 -463 -491 -517 -497 -482 -340 186 124 219 165 119 296 268 238 282 163 51 90 302 217 71 85 178 159 111 38 42 69 103 160 177 190 202 208 215 228 241 250 249 282 282 277 276 276 274 274 278 288 283 282 224 204 185 187 195 197
-396 -449 -481 -507 -466 -486 -456 -448 -439 -452 -459 -460 -461 -466 -470 -468 -470 -470 -474 -476 -482 -482 -481 -468 -484 -513 -488 -480 -559 206 119 211 293 133 217 212 195 239 156 32 90 239 176 122 51 155 174 68 102 52 64 99 166 178 190 200 219 264 226 227 245 255 294 288 278 274 271 277 277 274 287 291 238 208 208 183 186 196 199
-422 -457 -482 -498 -462 -472 -460 -453 -443 -439 -445 -448 -452 -460 -463 -461 -463 -461 -464 -468 -472 -470 -486 -478 -452 -505 -475 -484 -451 213 124 151 213 209 105 178 183 155 250 167 70 82 208 141 147 117 122 170 147 30 74 107 150 178 184 199 272 241 264 222 238 297 289 280 275 275 282 285 286 280 290 219 210 208 212 178 180 190 194
-444 -460 -478 -485 -452 -469 -451 -444 -433 -432 -434 -435 -434 -439 -446 -448 -453 -454 -455 -435 -446 -450 -458 -453 -440 -469 -463 -491 -397 202 124 131 167 172 168 112 150 108 112 187 99 31 222 179 232 115 126 135 58 108 79 87 155 172 182 206 319 309 304 267 261 293 282 276 282 275 287 292 295 291 249 199 202 210 213 170 170 182 186
-453 -458 -472 -465 -433 -460 -439 -423 -409 -415 -421 -422 -422 -421 -420 -420 -424 -425 -427 -428 -435 -440 -445 -447 -430 -477 -463 -477 -418 170 70 103 111 104 159 30 97 109 90 114 223 53 79 157 259 269 166 57 88 145 63 129 116 174 186 217 314 305 300 297 297 296 268 279 284 281 296 305 306 301 212 197 200 209 211 157 158 174 180
-455 -454 -464 -455 -425 -431 -414 -398 -384 -385 -388 -400 -410 -409 -406 -409 -414 -417 -417 -415 -425 -431 -433 -443 -426 -470 -471 -475 -342 19 15 44 50 60 129 3 67 12 201 137 132 226 205 157 198 216 140 100 79 126 96 88 139 178 193 227 266 243 300 297 298 301 293 288 292 300 316 323 315 308 200 199 201 208 207 136 151 170 177
-450 -446 -454 -441 -408 -416 -402 -387 -374 -380 -385 -384 -388 -394 -359 -394 -403 -404 -403 -407 -420 -424 -422 -463 -450 -463 -472 -451 -515 3 -52 -27 9 61 136 180 58 41 108 228 147 211 202 162 181 145 114 80 59 118 166 167 118 183 202 233 236 304 297 302 307 307 304 296 315 325 337 337 317 236 199 203 203 208 203 124 146 170 177
-437 -434 -440 -426 -393 -404 -393 -382 -375 -379 -384 -380 -372 -360 -372 -387 -398 -399 -405 -407 -412 -415 -416 -453 -452 -460 -474 -459 -599 42 -101 -79 -12 76 122 -49 21 -39 -12 146 51 302 144 210 229 133 105 56 8 60 142 157 118 189 208 225 229 307 288 314 320 318 255 307 333 341 347 344 322 216 204 207 206 211 204 130 154 172 178
-419 -418 -425 -412 -384 -396 -386 -378 -373 -373 -375 -399 -397 -382 -383 -391 -397 -400 -402 -403 -409 -430 -439 -457 -465 -466 -515 -369 -600 -18 -127 -83 -6 -86 -120 -71 12 17 -7 98 109 195 224 233 239 162 82 51 -9 27 80 126 220 188 207 213 215 242 265 328 313 241 222 262 353 334 300 343 324 216 209 211 211 217 208 156 159 174 180
-406 -401 -408 -398 -374 -384 -375 -368 -364 -365 -377 -404 -398 -386 -382 -390 -397 -403 -420 -413 -427 -445 -456 -464 -471 -478 -390 -535 -580 -74 -124 -42 -8 -113 -124 -46 -8 62 101 17 143 169 186 219 241 224 3 10 58 21 27 93 174 187 200 198 201 214 238 291 251 226 228 253 288 331 362 345 315 219 211 216 219 225 214 163 164 177 183
-400 -391 -395 -386 -359 -370 -360 -359 -358 -362 -400 -409 -403 -392 -391 -401 -411 -422 -427 -449 -458 -458 -459 -452 -476 -384 -529 -623 -512 -156 -114 -25 -14 52 -113 2 75 202 182 82 185 135 268 182 279 246 187 209 64 65 39 106 165 182 191 188 193 201 211 236 234 238 238 247 260 282 356 351 246 215 211 220 227 235 219 169 168 180 187
-393 -384 -383 -374 -344 -359 -353 -357 -361 -387 -420 -427 -424 -417 -420 -433 -443 -460 -473 -471 -472 -487 -479 -465 -363 -576 -537 -607 -157 -188 -97 -33 -143 64 137 124 139 223 216 79 142 163 188 187 254 166 136 171 175 103 74 112 144 239 184 184 192 198 200 216 232 239 244 250 262 263 299 364 230 216 213 222 236 244 224 175 173 186 195
-385 -377 -374 -368 -339 -359 -356 -367 -391 -423 -440 -450 -452 -448 -451 -458 -472 -487 -501 -504 -479 -376 -375 -347 -385 -431 -463 -525 -100 -164 -96 -64 -9 -25 158 259 380 283 226 168 142 191 186 185 214 141 138 164 183 164 76 19 120 280 144 186 193 201 202 213 234 235 239 259 271 255 273 277 259 214 217 221 241 248 229 181 180 194 204
-377 -370 -370 -371 -342 -366 -366 -395 -422 -442 -455 -486 -482 -457 -460 -465 -481 -477 -423 -360 -358 -350 -336 -307 -331 -364 -400 -472 4 -114 -64 -31 -134 -79 46 265 259 312 184 201 164 181 246 166 174 160 174 156 133 153 51 -48 77 229 166 189 194 205 208 217 235 231 241 261 270 254 271 246 305 209 218 221 243 248 232 187 187 202 212
-370 -365 -375 -378 -346 -373 -387 -421 -442 -455 -481 -476 -469 -463 -456 -451 -447 -375 -386 -371 -356 -300 -325 -298 -282 -308 -350 -401 -69 -87 -170 -158 -111 10 169 328 205 182 48 50 111 221 210 188 65 112 211 122 122 170 57 -28 11 133 224 176 191 207 212 221 237 230 241 249 281 270 257 252 338 213 211 224 239 246 235 193 193 209 218
-365 -362 -384 -385 -348 -392 -411 -438 -452 -460 -471 -480 -467 -437 -438 -430 -360 -353 -312 -309 -298 -265 -297 -272 -244 -260 -295 -240 -84 -168 -114 -84 -26 103 279 213 140 135 -24 159 127 114 222 205 63 133 62 -69 -1 108 169 -16 -31 57 175 140 160 205 212 222 238 232 241 263 276 297 263 277 324 253 198 226 234 244 236 197 197 212 220
-360 -360 -391 -394 -367 -417 -426 -447 -454 -455 -450 -455 -466 -457 -410 -325 -307 -256 -259 -268 -242 -200 -237 -200 -194 -213 -225 -140 -72 -111 -75 -57 36 226 281 157 156 71 -31 131 166 141 104 116 54 120 -5 -81 25 39 162 84 -70 -2 178 166 120 178 210 222 237 233 245 253 248 255 439 414 280 329 189 224 228 240 238 199 200 214 221
-356 -358 -397 -404 -385 -426 -433 -449 -450 -455 -462 -431 -370 -309 -312 -349 -254 -218 -199 -203 -171 -159 -147 -114 -128 -158 -208 -154 -96 -78 -33 -17 89 257 220 159 198 209 161 91 242 78 164 185 138 94 -37 0 101 94 164 39 61 73 103 110 100 141 167 220 234 237 249 244 257 246 260 398 319 299 184 216 223 235 237 200 202 216 224
-355 -368 -403 -415 -393 -432 -433 -441 -441 -418 -332 -374 -410 -382 -371 -265 -231 -174 -187 -190 -153 -131 -109 -55 -90 -166 -155 -57 -78 -103 3 24 117 304 171 66 111 35 118 167 72 46 170 145 162 156 163 199 219 110 126 184 139 12 64 95 89 124 143 182 235 251 249 249 257 251 254 294 365 258 178 209 220 231 233 199 205 220 228
-366 -382 -408 -420 -396 -430 -422 -412 -399 -360 -415 -367 -378 -346 -318 -262 -183 -125 -153 -141 -108 -111 -87 14 -62 -170 -161 -116 -104 -96 -41 62 180 365 167 98 129 57 59 174 3 36 119 168 129 197 254 269 271 171 117 166 -111 -9 76 92 86 113 127 160 235 256 244 257 255 258 247 254 295 224 171 202 217 226 230 200 207 222 231
-395 -395 -411 -422 -390 -413 -397 -394 -370 -426 -391 -346 -305 -317 -265 -209 -147 -97 -134 -113 -87 -95 -79 -7 -112 -213 -176 -130 -107 -59 39 158 281 152 153 45 84 196 189 172 191 29 200 169 159 178 154 31 133 223 139 -2 -29 24 82 86 92 113 120 153 236 260 245 251 255 245 237 247 251 213 170 195 215 222 228 201 207 223 233
-417 -405 -427 -423 -374 -397 -395 -380 -415 -410 -364 -291 -265 -273 -236 -173 -103 -88 -114 -98 -89 -93 -64 -43 -149 -178 -180 -90 -109 -47 84 184 221 106 164 263 225 264 279 281 261 74 111 139 164 191 153 126 139 181 161 153 3 76 85 83 106 115 117 148 235 260 248 247 252 248 243 237 240 219 176 188 210 219 227 201 206 223 234
-444 -428 -432 -424 -384 -402 -378 -374 -435 -477 -461 -300 -257 -293 -239 -161 -86 -68 -88 -62 -65 -44 -38 -107 -212 -125 -85 -56 -28 28 143 253 309 370 174 119 186 167 172 138 282 117 175 168 181 224 213 150 126 194 219 211 120 86 80 86 116 124 129 163 238 259 245 254 255 261 253 232 234 229 186 168 177 217 226 200 204 220 233
-466 -437 -432 -425 -400 -399 -401 -472 -513 -610 -428 -202 -325 -356 -267 -175 -99 -89 -80 -34 -55 -67 4 -87 -172 -110 -49 -28 -12 70 173 242 335 358 86 122 109 157 102 223 153 170 142 177 173 237 243 232 185 223 255 224 273 185 125 105 135 133 141 178 239 256 263 264 260 260 262 253 244 238 199 163 148 204 226 199 201 218 232
-479 -440 -432 -426 -406 -408 -426 -544 -598 -534 178 148 -407 -412 -292 -173 -108 -121 -87 23 30 44 -9 -143 -184 -86 -24 2 14 58 176 215 270 400 169 201 93 163 83 51 73 79 105 130 262 178 226 262 230 223 239 269 304 311 198 131 125 149 190 236 244 257 266 273 270 315 316 285 236 238 212 167 134 175 228 199 200 216 230
-501 -453 -444 -440 -425 -420 -439 -584 -589 -64 107 281 -392 -419 -300 -224 -131 -138 -56 16 28 34 -25 -152 -169 -84 -48 -19 -2 159 333 72 -41 75 162 155 85 74 102 64 107 57 41 90 157 172 227 279 244 221 258 243 311 321 233 159 120 182 216 241 244 255 265 277 277 335 321 321 223 233 221 166 127 157 229 199 200 215 227
-514 -466 -456 -453 -426 -433 -460 -563 -722 -829 -244 175 -290 -419 -279 -198 -159 -116 -22 5 4 4 -62 -155 -84 -46 61 127 194 267 -226 -201 65 121 139 287 187 127 90 110 131 106 52 86 198 229 205 197 261 247 226 291 242 293 309 311 185 240 231 239 242 251 257 257 271 308 365 355 213 227 227 154 120 149 231 202 201 213 223
-520 -475 -465 -456 -425 -442 -462 -542 -644 -706 -764 37 -353 -366 -253 -184 -177 -66 -20 -7 16 53 38 -14 12 64 85 154 241 214 -340 -162 59 93 98 27 -126 -279 177 105 82 55 51 69 228 238 171 184 221 266 331 224 192 309 324 313 314 324 307 298 257 264 286 294 298 203 324 263 201 222 230 149 114 148 233 205 203 213 220
-522 -480 -470 -454 -413 -443 -462 -531 -593 -594 -665 -728 -329 -291 -239 -212 -120 -73 -19 115 109 83 -62 -116 41 69 112 218 258 231 43 -26 200 -46 -39 39 -156 -244 -109 159 70 -36 -19 104 220 215 168 299 279 191 177 188 181 241 333 317 312 312 326 355 337 347 349 326 356 306 254 237 137 218 232 153 112 149 235 208 206 214 219
-520 -480 -470 -450 -401 -437 -470 -514 -571 -571 -598 -584 -665 -754 -711 -248 -612 16 90 85 118 128 -41 -35 85 99 137 238 227 241 -55 -318 -41 -85 21 -4 -287 -404 -284 68 215 147 44 132 174 229 222 228 236 288 222 184 315 196 322 319 324 310 332 370 364 345 341 319 300 327 184 267 121 219 230 165 119 151 226 212 209 217 221
-516 -477 -467 -446 -402 -430 -470 -507 -595 -566 -601 -613 -576 -614 -606 -659 -696 64 0 69 91 107 -44 -55 108 160 180 235 241 152 268 -91 243 138 150 -139 -436 -473 -481 -265 95 54 113 130 184 228 224 219 229 292 322 176 369 329 303 288 350 332 320 363 355 318 329 272 221 294 176 277 108 178 233 177 133 154 211 215 212 220 224
-510 -472 -464 -444 -391 -420 -453 -485 -543 -590 -583 -580 -565 -590 -605 -578 -626 -622 261 271 342 243 245 300 295 281 282 266 -167 -548 360 355 401 272 34 -229 -427 -525 -466 -516 30 76 129 127 182 241 220 163 162 247 291 359 256 270 265 328 376 359 339 354 320 321 282 307 271 293 184 253 103 161 210 197 153 160 207 218 216 224 229
-501 -465 -460 -443 -373 -413 -440 -480 -504 -525 -516 -529 -554 -586 -618 -620 -596 -604 -520 -137 182 -140 286 297 308 419 261 256 -639 -110 272 361 385 281 -23 -227 -378 -504 -529 -473 -592 96 120 144 241 276 237 151 117 177 225 259 250 256 232 284 324 295 321 325 305 298 259 302 295 282 179 249 88 133 205 206 170 168 215 220 221 228 232
-490 -455 -456 -445 -353 -419 -433 -445 -460 -469 -491 -516 -552 -579 -599 -620 -595 -632 -403 -384 -303 -172 360 356 322 320 393 234 -444 -233 10 259 313 189 -51 -171 -265 -359 -416 -360 -463 -322 115 169 239 275 273 202 90 52 135 202 196 236 348 330 296 308 308 274 254 251 258 270 275 240 154 249 77 128 178 217 184 180 241 229 227 232 234
-473 -448 -447 -445 -336 -375 -408 -419 -420 -448 -488 -517 -543 -567 -581 -591 -576 -559 -425 -351 -292 -237 35 316 378 385 213 275 -15 -8 26 185 215 144 -15 -65 -175 -255 -241 -144 -304 112 73 112 218 251 307 249 126 15 62 110 135 191 269 328 296 262 280 283 274 257 244 263 250 157 141 168 111 149 199 197 189 192 273 240 233 236 234
-449 -434 -441 -435 -318 -342 -372 -404 -444 -473 -499 -539 -559 -570 -572 -565 -527 -482 -420 -321 -320 -299 -63 164 315 264 94 -490 -151 -45 -44 115 260 86 57 5 -104 -211 -192 -158 -254 -27 132 194 310 363 282 239 150 59 -6 47 83 52 93 209 277 334 246 261 301 261 260 319 238 146 244 240 237 275 219 231 207 212 283 253 239 240 235
-410 -402 -409 -430 -304 -320 -411 -455 -490 -513 -534 -549 -563 -570 -548 -519 -493 -455 -466 -306 -333 -369 -179 65 229 313 387 -548 -103 -86 -62 -63 177 21 -5 -55 -155 -181 -162 56 -189 -26 107 275 285 278 192 185 114 66 41 55 70 -39 -73 24 203 293 243 276 234 299 259 214 155 123 271 286 301 306 287 254 231 250 282 220 241 245 237
-362 -356 -377 -405 -307 -360 -426 -487 -517 -534 -549 -555 -551 -545 -523 -488 -482 -463 -480 -350 -320 -266 -59 152 254 365 441 -525 -46 -47 -40 -59 -13 -48 -146 -197 -253 -255 -291 -519 -123 94 127 293 180 194 231 169 124 83 37 97 107 64 -114 -107 18 154 245 242 230 270 278 161 116 106 307 318 301 278 317 292 240 284 282 218 244 250 240
-354 -348 -355 -389 -362 -398 -439 -489 -516 -530 -537 -538 -514 -475 -466 -466 -439 -469 -487 -413 -318 -183 62 391 399 403 372 -417 -51 -17 45 40 41 -77 -280 -408 -400 -327 -344 -783 172 275 188 213 204 256 182 167 138 67 47 36 56 131 37 -122 -62 31 167 303 284 239 277 106 92 74 339 344 253 262 304 319 266 296 284 229 249 255 238
-356 -350 -358 -381 -411 -436 -460 -486 -507 -515 -516 -501 -488 -462 -430 -433 -455 -492 -479 -432 -328 -219 -24 260 290 322 -239 206 -269 -87 56 67 32 -136 -423 -569 -601 -448 -554 168 107 223 295 223 230 284 175 160 121 121 132 69 72 134 140 58 -24 54 175 279 286 293 180 105 117 117 323 352 241 207 303 311 314 301 300 246 254 258 237
-364 -360 -370 -400 -444 -457 -476 -478 -484 -489 -482 -465 -448 -427 -428 -451 -467 -478 -487 -395 -353 -295 -180 -163 65 203 274 126 181 333 -100 17 -10 -173 -465 -516 -716 -523 -690 151 296 247 318 311 304 292 214 145 88 145 184 193 140 160 260 159 54 139 209 234 270 305 182 213 162 178 331 292 224 217 228 296 369 285 276 262 259 260 237
-374 -373 -384 -426 -461 -465 -478 -477 -477 -473 -454 -416 -405 -418 -436 -461 -463 -466 -479 -491 -472 -407 -383 -337 -180 162 273 5 -150 67 209 308 -438 -448 -269 -548 -274 -605 199 462 508 487 447 429 379 340 249 124 83 172 218 217 183 203 230 143 57 123 164 186 254 301 286 306 191 179 266 207 209 189 245 283 339 272 285 270 262 262 237
-379 -382 -395 -446 -454 -468 -455 -449 -442 -429 -412 -399 -399 -419 -420 -424 -429 -462 -488 -534 -442 -406 -363 -247 -114 46 -202 -265 -311 -268 -172 -207 -258 -134 190 108 -858 -687 350 452 484 463 384 281 299 286 261 124 117 205 244 256 333 287 229 165 57 80 148 202 247 311 323 298 275 181 172 197 197 185 235 232 307 251 274 272 262 263 238
-377 -383 -399 -452 -458 -440 -422 -439 -433 -417 -403 -395 -381 -403 -414 -416 -438 -478 -512 -526 -424 -396 -296 -217 57 46 -341 -289 -303 -275 -221 -103 95 244 254 -219 -728 -800 361 352 355 324 241 240 291 263 276 181 150 201 275 177 263 299 182 174 16 61 142 183 248 265 292 287 302 199 162 229 249 221 255 227 341 240 283 270 263 266 241
-372 -381 -398 -444 -420 -442 -434 -418 -405 -391 -382 -383 -352 -362 -408 -420 -467 -482 -499 -530 -385 -403 -260 -99 115 166 -402 -476 -439 -337 -235 16 233 307 -124 -565 -658 -645 230 197 16 44 181 212 204 177 323 224 228 369 374 335 202 304 228 116 -7 68 129 135 209 244 278 260 336 234 326 280 270 265 270 196 351 194 273 272 264 271 244
-365 -376 -394 -428 -418 -418 -437 -424 -408 -376 -345 -347 -359 -389 -417 -436 -461 -463 -473 -504 -374 -390 -402 -282 -121 76 109 -654 -577 -386 -166 175 389 331 -650 -861 -635 -690 -191 0 -222 -301 -95 97 202 287 286 262 309 329 356 341 182 114 269 146 60 52 105 56 106 184 221 217 247 359 397 275 277 293 270 191 282 301 280 267 264 276 247
-360 -372 -388 -409 -338 -401 -394 -381 -360 -345 -348 -359 -397 -410 -424 -429 -440 -450 -449 -441 -395 -358 -335 -258 -176 52 94 -404 -400 -60 153 411 452 300 -501 -797 -749 -737 -222 67 -3 -10 -35 27 273 377 301 327 394 330 202 174 174 119 292 160 97 80 74 -15 24 80 134 151 68 116 276 425 231 166 249 191 322 231 266 282 264 279 250
-359 -368 -382 -394 -292 -332 -353 -363 -358 -357 -384 -400 -408 -405 -408 -418 -435 -430 -420 -392 -372 -283 -184 -104 -65 -143 -271 -341 25 179 345 397 252 176 -670 -723 -744 -591 -286 -196 187 247 200 197 324 397 264 348 294 351 157 145 200 173 267 -12 156 114 74 2 -10 -47 6 28 -16 -81 25 281 445 580 233 198 349 296 272 287 266 283 258
-365 -369 -379 -381 -310 -349 -366 -369 -383 -391 -397 -395 -389 -387 -399 -409 -427 -408 -383 -349 -320 -225 -194 -119 -13 -260 -451 -417 56 228 326 390 240 174 -585 -750 -757 -414 -318 -273 -162 230 318 359 392 421 284 351 430 217 138 161 186 -644 -219 -50 85 14 -4 21 43 -77 -135 -52 -65 -156 -115 83 272 341 371 246 304 319 250 292 281 303 280
-374 -373 -380 -382 -339 -339 -357 -362 -387 -387 -380 -371 -369 -379 -388 -413 -399 -371 -334 -311 -257 -167 -145 -144 -62 -216 -470 -327 46 262 370 423 377 266 60 -406 -160 -181 -315 -216 -143 -267 -425 382 400 400 430 -530 -599 -569 60 -709 -589 -424 -228 -176 -164 -132 -19 21 15 -90 -144 -89 -120 -194 -190 -70 73 223 342 254 255 300 216 302 301 321 302
-381 -375 -382 -402 -344 -335 -374 -369 -379 -365 -346 -345 -355 -366 -382 -380 -346 -324 -295 -279 -245 -291 -199 17 245 283 156 100 161 351 391 488 278 -240 -401 247 241 -137 -380 -226 -90 -181 -369 -689 340 344 -579 -532 -567 -511 -645 -631 -508 -796 -789 -285 -289 -165 -86 -52 -139 -314 -143 -27 -97 -213 -298 -219 -10 267 400 256 221 337 285 310 310 337 319
-383 -373 -381 -413 -362 -346 -371 -347 -342 -323 -320 -328 -334 -338 -347 -324 -305 -289 -287 -293 -286 -279 -363 -386 64 234 354 327 273 286 455 379 -510 -554 -614 -356 153 -223 -353 -241 -141 -239 -344 -565 -671 -644 -555 -583 -645 -650 -637 -804 -812 -759 -346 -397 -298 -222 -130 -143 -319 -576 -417 -97 199 290 -187 -234 -96 105 309 312 309 357 324 340 320 356 333
-373 -363 -369 -401 -341 -303 -325 -290 -281 -291 -298 -298 -297 -292 -296 -280 -276 -274 -277 -285 -284 -274 -241 -187 -38 121 283 316 181 -166 183 -186 -874 -706 -726 -354 83 -419 -323 -296 -224 -343 -471 -512 -525 -559 -579 -632 -657 -673 -655 -657 -754 -533 -416 -392 -334 -263 -223 -259 -439 -624 -811 -756 -486 15 -42 -168 -207 -160 54 296 349 351 308 323 287 344 324
-355 -344 -344 -364 -299 -248 -261 -247 -248 -261 -265 -264 -262 -261 -261 -263 -265 -278 -276 -283 -289 -214 -188 -82 69 205 318 317 -766 -759 -593 -359 -819 -850 -726 33 -234 -476 -440 -514 -392 -447 -586 -543 -550 -588 -582 -625 -687 -713 -685 -606 -537 -420 -393 -395 -359 -308 -285 -352 -480 -605 -686 -660 -573 -330 -7 -177 -221 -260 -124 127 264 293 241 246 270 319 307
-332 -320 -313 -309 -258 -207 -214 -203 -217 -231 -239 -243 -245 -249 -272 -285 -289 -297 -288 -289 -288 -145 -173 -44 129 294 385 246 -810 -674 -720 -202 -665 -497 169 59 -588 -476 -548 -659 -647 -684 -615 -574 -577 -602 -614 -650 -703 -729 -694 -581 -373 -419 -410 -420 -369 -342 -339 -411 -499 -582 -629 -640 -680 -612 -633 -84 -168 -206 -142 -46 86 193 160 215 263 296 287
-315 -295 -283 -253 -196 -171 -170 -169 -188 -213 -227 -237 -243 -263 -285 -297 -302 -310 -307 -304 -264 -184 -192 -57 252 448 350 193 -943 -812 -889 40 -77 -152 64 -170 -455 -462 -580 -647 -627 -640 -607 -607 -609 -616 -626 -662 -712 -729 -685 -557 -326 -425 -433 -434 -376 -356 -375 -431 -499 -559 -593 -587 -673 -638 -598 -478 -71 -187 -220 -175 -48 95 123 218 258 278 271
-300 -279 -260 -210 -132 -151 -151 -161 -178 -210 -229 -241 -252 -284 -303 -319 -330 -341 -341 -332 -246 -174 -142 60 313 380 299 186 151 -228 -150 148 277 294 -350 -367 -310 -476 -594 -615 -631 -644 -636 -631 -630 -633 -643 -673 -704 -711 -660 -527 -314 -425 -444 -434 -393 -376 -401 -439 -487 -537 -550 -541 -656 -626 -629 -555 -46 -133 -221 -142 -44 38 93 194 244 263 260
-281 -260 -245 -199 -134 -152 -161 -175 -189 -223 -245 -262 -276 -319 -339 -355 -364 -375 -372 -362 -241 -183 -17 239 376 180 112 -64 193 218 120 167 335 424 -100 -471 -437 -565 -607 -596 -629 -662 -658 -645 -639 -639 -652 -680 -695 -683 -621 -486 -305 -412 -434 -415 -398 -384 -400 -429 -473 -514 -480 -560 -624 -599 -582 -551 -416 -115 -192 -144 -35 30 90 170 241 260 263
-263 -247 -234 -195 -146 -163 -185 -198 -215 -253 -281 -303 -335 -371 -385 -399 -408 -411 -411 -364 -270 -237 163 305 273 242 75 -565 124 216 120 263 410 453 255 -102 -143 -458 -601 -616 -641 -653 -651 -648 -644 -638 -651 -676 -678 -650 -575 -452 -291 -374 -410 -371 -372 -363 -382 -403 -445 -445 -393 -616 -617 -544 -507 -522 -160 -70 -144 -137 -32 41 98 156 239 262 270
-250 -235 -223 -193 -157 -180 -215 -229 -251 -299 -332 -356 -401 -421 -431 -442 -449 -451 -440 -367 -325 -219 280 365 361 226 128 132 262 227 195 343 482 460 305 191 39 -414 -583 -621 -657 -652 -636 -634 -641 -641 -646 -659 -640 -609 -537 -421 -280 -332 -370 -341 -335 -311 -339 -368 -371 -341 -320 -605 -609 -424 -456 -352 -57 -59 -106 -108 -9 61 106 151 238 265 278
-238 -223 -215 -193 -167 -204 -254 -270 -300 -352 -383 -405 -448 -459 -465 -471 -472 -469 -480 -340 -339 177 426 326 269 212 239 379 308 294 325 341 395 444 244 5 -153 -457 -573 -626 -652 -653 -640 -626 -623 -631 -635 -624 -600 -560 -489 -403 -288 -259 -331 -300 -297 -272 -274 -286 -264 -148 -468 -607 -382 -357 -248 -147 -83 -49 -75 -68 28 81 115 150 239 269 285
-229 -215 -210 -199 -190 -241 -299 -315 -361 -398 -423 -455 -480 -486 -492 -491 -490 -472 -407 -366 -379 271 408 398 350 329 366 248 346 182 -607 -196 284 160 -144 -62 -268 -520 -629 -593 -663 -654 -645 -614 -618 -615 -613 -580 -547 -528 -465 -391 -298 -218 -286 -251 -227 -205 -188 -170 -33 -215 -564 -532 -228 -108 -90 -147 -95 -42 -45 -24 62 101 122 155 241 274 290
-222 -211 -210 -212 -234 -289 -341 -355 -411 -430 -449 -484 -498 -502 -506 -504 -493 -491 -326 -331 -254 276 478 476 434 468 432 292 379 -603 -757 -799 285 250 3 -117 -320 -536 -575 -615 -656 -627 -612 -606 -597 -590 -569 -532 -502 -487 -455 -377 -294 -173 -242 -228 -139 -106 70 38 -108 -479 -516 -104 38 13 -133 -140 -73 -30 -13 30 86 119 133 166 244 278 293
-216 -210 -215 -232 -294 -332 -372 -398 -439 -448 -463 -493 -503 -508 -508 -505 -500 -432 -311 -340 -513 -631 95 -343 -504 -211 141 409 362 -745 -865 -640 -428 347 125 -161 -271 -330 -560 -624 -635 -590 -579 -578 -562 -561 -523 -492 -484 -470 -428 -346 -267 -149 1 -19 64 77 52 -79 -383 -438 -73 85 187 -77 -134 -104 -48 -9 31 73 112 136 147 185 249 282 294
-213 -213 -224 -255 -344 -360 -411 -426 -454 -460 -482 -501 -508 -511 -505 -499 -488 -356 -285 -26 -382 -526 -144 66 -500 -200 -258 126 253 -773 -889 -629 254 261 33 -77 -148 -214 -487 -594 -572 -513 -512 -514 -505 -515 -498 -491 -486 -460 -408 -320 -238 -175 59 54 55 19 -81 -287 -337 -87 57 184 73 -99 -109 -69 -23 33 67 104 135 155 167 213 255 286 294
-213 -218 -237 -276 -373 -376 -430 -439 -460 -466 -497 -504 -508 -510 -500 -487 -363 -316 -430 -504 -479 -553 -599 73 14 -108 -238 111 277 -809 -833 -681 201 245 19 -17 -109 -396 -481 -463 -465 -413 -428 -437 -443 -464 -479 -491 -480 -441 -385 -306 -232 -177 -55 4 -55 -119 -194 -217 -63 18 172 223 -35 -88 -78 -38 17 63 100 134 158 178 201 221 260 290 294
-218 -228 -251 -297 -386 -383 -437 -445 -461 -467 -498 -500 -503 -501 -490 -463 -340 -204 -216 -507 -354 86 47 86 26 -591 -42 195 -679 -866 -813 -550 127 128 21 -69 -142 -375 -346 -363 -368 -323 -348 -363 -382 -409 -430 -441 -435 -403 -351 -292 -236 -196 -149 -78 -95 -120 -86 17 8 159 223 101 -43 -66 -46 0 58 99 138 164 184 216 223 229 265 291 290
-231 -244 -269 -329 -390 -385 -439 -445 -459 -468 -489 -487 -486 -485 -478 -444 -311 138 185 89 108 134 212 59 -450 -626 -474 -807 -799 -792 -658 275 147 162 -30 -148 -187 -336 -261 -317 -301 -265 -286 -295 -310 -311 -326 -338 -342 -323 -292 -254 -214 -163 -90 -9 -9 20 79 115 150 215 229 3 -28 -37 -7 51 98 144 178 199 223 231 233 238 268 288 283
-248 -262 -287 -348 -389 -384 -439 -443 -453 -463 -478 -475 -474 -466 -458 -391 -397 98 110 47 -99 32 91 -690 -417 -507 -438 -694 -700 -666 -589 154 152 231 -55 -150 -179 -293 -232 -278 -233 -222 -244 -252 -261 -260 -265 -270 -269 -256 -241 -214 -147 -51 49 59 89 99 127 153 208 245 129 24 4 6 49 96 149 197 225 233 237 244 245 245 270 284 277
-265 -279 -302 -359 -384 -399 -440 -437 -443 -440 -461 -455 -452 -450 -436 -299 -352 172 93 12 -49 -672 -369 -708 -676 167 217 -604 -632 -625 -645 68 139 9 -147 -370 -237 -219 -209 -237 -201 -212 -228 -232 -238 -235 -234 -232 -232 -228 -210 -150 -38 82 115 119 113 130 151 204 244 204 53 42 36 52 91 152 216 238 242 242 251 260 256 252 270 280 272
-277 -290 -311 -364 -380 -410 -436 -427 -429 -424 -426 -430 -426 -404 -369 -371 82 203 183 153 47 -503 -652 -223 -660 -506 -439 -373 -601 -560 -567 110 188 -80 -179 -204 -194 -188 -232 -203 -184 -207 -212 -215 -215 -211 -210 -211 -213 -198 -137 -28 93 131 154 134 139 150 198 238 231 140 65 56 60 87 146 220 244 253 253 259 271 277 266 257 270 275 268
-284 -295 -318 -367 -385 -413 -430 -414 -411 -402 -403 -404 -398 -396 -301 -242 151 141 186 160 45 -505 -693 -660 -585 -707 -817 -693 -636 -541 -490 258 116 -132 -219 -167 -172 -207 -209 -185 -181 -201 -197 -201 -194 -190 -191 -193 -171 -115 -17 103 124 173 159 162 175 185 231 248 199 98 74 71 87 131 215 245 261 266 270 280 293 294 277 264 268 271 265
-288 -297 -325 -369 -394 -413 -421 -401 -394 -383 -382 -379 -388 -343 -319 224 30 139 234 207 -164 -623 -648 -627 -534 -475 -522 -530 -591 -565 -461 230 -112 -250 -277 -228 -156 -217 -186 -177 -183 -190 -183 -187 -176 -170 -160 -133 -70 -21 97 125 183 173 173 185 180 225 259 269 170 99 83 89 119 192 241 263 275 282 294 310 317 308 280 257 266 267 262
-290 -297 -330 -366 -383 -406 -418 -385 -374 -361 -361 -365 -325 -297 -10 163 120 157 146 -87 -484 -596 -610 -506 -431 -402 -394 -406 -485 -442 179 4 -169 -253 -260 -214 -190 -190 -174 -170 -178 -175 -171 -170 -152 -135 -89 -17 -10 1 113 188 195 188 197 186 212 256 270 270 144 105 96 114 169 234 261 278 293 306 316 327 333 315 278 249 264 262 259
-291 -296 -332 -359 -368 -394 -403 -365 -349 -335 -333 -313 -229 -305 -348 -449 178 178 64 -83 -398 -525 -498 -434 -421 -422 -428 -458 -485 235 107 -94 -211 -239 -231 -200 -178 -165 -161 -159 -167 -159 -154 -136 -107 -60 -8 6 -10 87 180 202 211 219 203 219 246 272 261 217 138 112 113 155 226 257 277 293 310 325 328 316 326 322 275 246 252 258 255
-292 -299 -333 -350 -356 -378 -372 -343 -332 -325 -334 -349 -205 175 -427 -437 184 266 39 -53 -384 -481 -484 -458 -436 -452 -468 -503 -569 -213 -152 -168 -206 -209 -200 -172 -150 -144 -143 -149 -153 -141 -123 -74 -30 -8 9 -4 93 140 187 205 217 219 222 242 266 252 275 186 139 122 143 219 251 274 291 309 324 327 330 328 323 315 273 242 243 254 252
-289 -305 -331 -352 -341 -370 -348 -327 -317 -296 -274 -298 -124 2 -488 -453 221 191 -23 -79 -328 -339 -212 -465 -411 -417 -354 -372 -395 -340 -253 -191 -176 -173 -163 -140 -126 -124 -127 -134 -129 -107 -57 -12 3 11 11 126 182 135 171 202 216 233 236 268 257 264 233 175 142 141 196 246 270 287 305 319 319 324 323 331 311 296 273 241 242 253 249
-293 -308 -327 -350 -328 -354 -328 -314 -295 -296 -211 -21 -25 -605 260 -470 209 97 94 93 -15 -271 -387 -349 -281 -227 -278 -316 -307 -245 -200 -131 -91 -143 -123 -110 -104 -103 -108 -109 -88 -36 -1 19 28 70 182 215 140 99 148 211 237 238 265 252 270 263 210 166 150 175 237 266 283 299 313 312 319 321 317 317 318 303 271 241 243 253 247
-301 -308 -320 -340 -316 -337 -311 -294 -289 -309 331 302 -261 -433 237 243 329 256 231 123 -38 -183 -263 -213 -160 -222 -284 -298 -280 -222 -108 -25 -31 -62 -86 -86 -82 -82 -81 -63 -4 13 32 49 102 158 218 200 100 100 184 247 234 267 298 279 313 242 197 165 169 227 259 280 294 307 305 310 317 322 316 310 306 294 271 245 254 253 245
-309 -307 -322 -329 -325 -339 -310 -301 -275 -315 218 -539 -425 -615 236 230 208 387 246 89 32 -119 -116 -109 -123 -200 -245 -292 -239 -148 -38 57 -15 -37 -60 -62 -56 -55 -29 19 33 48 70 134 157 231 227 130 98 133 236 239 274 293 314 334 272 216 183 173 206 252 276 292 303 299 300 308 314 320 322 306 299 290 272 247 257 252 242
-317 -306 -328 -318 -313 -337 -330 -307 -245 133 -536 -522 135 -85 161 304 302 186 -32 -81 -190 -92 -104 -161 -182 -188 -217 -267 -215 -98 66 23 -4 -5 -34 -19 -17 13 31 37 97 128 162 161 251 216 208 120 131 229 254 207 290 333 337 313 247 203 187 200 243 270 287 300 307 299 298 310 317 318 322 314 301 286 268 243 254 248 238
-332 -323 -327 -309 -296 -319 -305 -301 -68 332 122 267 175 96 199 309 -6 -94 -140 -247 -121 -61 -114 -170 -159 -167 -200 -245 -215 -83 50 103 19 7 -15 32 43 59 59 155 173 195 188 264 246 250 169 151 232 260 327 281 329 326 308 264 216 195 195 228 263 284 299 312 315 316 319 327 326 313 319 313 301 301 265 247 247 241 233
-347 -328 -323 -311 -297 -339 -341 -298 248 263 324 216 145 137 304 206 -40 -145 -231 -195 -65 -54 -157 -231 -241 -247 -256 -212 -94 -24 30 -6 26 -4 32 70 90 119 152 178 217 211 261 257 236 237 174 229 259 335 318 339 336 322 291 245 209 209 236 265 286 301 312 309 316 326 330 329 329 320 321 312 308 297 259 241 237 233 227
-348 -324 -325 -315 -275 -303 -236 -325 186 299 277 304 274 199 230 65 -35 -90 -222 -134 -72 -168 -259 -259 -247 -244 -239 -123 -206 -172 -95 -50 11 -7 73 123 136 165 173 208 261 249 275 281 236 202 243 313 315 322 346 344 326 296 259 223 212 222 261 285 301 313 322 325 334 338 338 335 321 322 315 315 313 302 252 228 226 225 221
-347 -329 -329 -317 -300 -324 -295 78 126 192 246 290 248 165 71 -62 -95 -216 -196 -146 -150 -164 -190 -192 -163 -132 -116 -144 -147 -119 -54 -17 38 43 67 106 158 164 175 196 218 219 252 257 225 227 276 301 307 299 299 290 278 255 229 211 214 235 259 282 296 306 315 321 322 322 319 315 310 312 309 307 295 272 237 219 217 217 216
-315 -304 -312 -323 -339 -344 -252 61 125 135 174 211 237 157 18 -142 -191 -186 -163 -148 -149 -138 -140 -136 -117 -88 -85 -81 -67 -41 3 40 49 61 84 126 147 154 163 178 196 214 240 247 241 245 256 259 254 247 246 244 238 227 216 212 218 232 248 256 271 291 295 296 293 289 285 285 287 287 282 273 259 241 224 214 210 211 213
-288 -279 -304 -339 -435 -276 -60 160 160 295 254 230 210 155 2 -97 -179 -171 -148 -130 -139 -126 -123 -117 -91 -73 -63 -51 -30 10 34 47 58 72 96 135 145 155 167 185 206 229 246 246 235 226 222 219 217 217 218 218 218 217 218 221 226 235 245 254 266 276 276 274 270 266 264 265 266 264 257 248 238 228 219 211 207 207 210
-270 -270 -314 -636 -504 -462 -255 80 277 275 286 219 185 181 79 -50 -147 -118 -121 -114 -125 -118 -114 -102 -72 -57 -41 -21 10 27 36 48 62 78 104 133 149 170 198 228 243 242 237 225 209 196 188 186 185 185 187 191 198 205 210 210 208 206 208 215 225 234 240 244 247 249 248 246 244 241 239 236 233 230 224 217 210 207 206
