---
Cu Cloudbase where Cu Potential > 0 [m] Valid 1500 NZST ~Z75~(0300Z)~Z~ SUN 4 Jan 2026 ~Z75~[27hrFcst@2100z]~Z~
Model= RASP Region= NZ Grid= d1 Reskm= 6.0 Indexs= 1 79 1 99 Proj= lambert 6000 6000 -35.0000 -42.0000 176.0000 -38.5000 176.0000
Day= 2026 1 4 SUN ValidLST= 1500 NZST ValidZ= 300 Fcst= 27.0 Init= 22 Param= zsfclclmask Unit= m Mult= 1 Min= ****** Max= 2066
-999999 -999999 -999999 -999999 -999999 1113 -999999 -999999 -999999 -999999 -999999 -999999 -999999 -999999 -999999 -999999 -999999 -999999 -999999 -999999 -999999 -999999 -999999 -999999 -999999 1821 2018 -999999 -999999 2065 1914 1845 1803 1807 -999999 -999999 -999999 -999999 -999999 -999999 877 -999999 -999999 -999999 -999999 -999999 -999999 -999999 -999999 -999999 -999999 -999999 -999999 -999999 -999999 -999999 -999999 -999999 -999999 -999999 -999999 -999999 -999999 706 710 717 725 732 738 742 746 751 756 759 759 753 743 734 730
-999999 -999999 -999999 -999999 -999999 -999999 -999999 -999999 -999999 -999999 -999999 -999999 -999999 -999999 -999999 -999999 -999999 -999999 -999999 -999999 -999999 -999999 -999999 -999999 -999999 -999999 -999999 -999999 -999999 -999999 2013 1874 -999999 -999999 -999999 -999999 -999999 -999999 -999999 1079 905 -999999 -999999 -999999 -999999 -999999 -999999 -999999 -999999 -999999 -999999 -999999 -999999 -999999 -999999 -999999 -999999 -999999 -999999 698 697 697 697 699 705 714 725 734 739 743 746 751 757 761 760 751 738 727 729
-999999 -999999 -999999 -999999 -999999 -999999 -999999 -999999 -999999 -999999 -999999 -999999 -999999 -999999 -999999 -999999 -999999 -999999 -999999 -999999 -999999 -999999 -999999 -999999 -999999 -999999 -999999 -999999 -999999 -999999 2031 1927 1830 1737 1683 -999999 1537 -999999 -999999 1138 1009 -999999 -999999 -999999 -999999 -999999 -999999 -999999 -999999 -999999 -999999 -999999 -999999 -999999 -999999 -999999 -999999 -999999 -999999 697 697 697 698 702 710 722 735 744 748 751 754 758 765 769 766 755 739 727 727
-999999 -999999 -999999 -999999 -999999 -999999 -999999 -999999 -999999 -999999 -999999 -999999 -999999 -999999 -999999 -999999 -999999 -999999 -999999 -999999 -999999 -999999 -999999 -999999 -999999 -999999 -999999 -999999 1828 2033 1986 1893 1804 1708 1638 1568 1477 1354 1238 1143 1003 -999999 -999999 -999999 -999999 -999999 -999999 -999999 -999999 -999999 -999999 -999999 -999999 -999999 -999999 -999999 -999999 -999999 697 697 697 699 702 708 719 734 749 756 759 759 761 765 771 774 769 756 739 725 726
-999999 -999999 -999999 -999999 -999999 -999999 -999999 -999999 -999999 -999999 -999999 -999999 -999999 -999999 -999999 -999999 -999999 -999999 -999999 -999999 -999999 -999999 -999999 -999999 -999999 -999999 -999999 -999999 -999999 1779 1887 1769 1654 1536 -999999 -999999 1246 1166 1096 1010 966 827 -999999 -999999 -999999 -999999 -999999 -999999 -999999 -999999 -999999 -999999 -999999 -999999 -999999 704 703 701 700 700 702 704 710 721 737 756 767 771 769 767 768 772 777 777 769 754 737 723 723
-999999 -999999 -999999 -999999 -999999 -999999 -999999 -999999 -999999 -999999 -999999 -999999 -999999 -999999 -999999 -999999 -999999 -999999 -999999 -999999 -999999 -999999 -999999 -999999 -999999 -999999 -999999 -999999 -999999 1485 1860 1780 1623 1504 1426 1354 1278 1197 1127 1059 988 896 783 -999999 -999999 -999999 -999999 697 695 694 696 698 701 702 702 701 700 699 699 700 703 708 718 733 753 768 775 775 771 768 769 773 776 772 763 751 734 720 721
-999999 -999999 -999999 -999999 -999999 -999999 -999999 -999999 -999999 -999999 -999999 -999999 -999999 -999999 -999999 -999999 -999999 -999999 -999999 -999999 -999999 -999999 -999999 -999999 -999999 -999999 -999999 -999999 1190 1319 1721 1756 1613 1498 1431 1372 1309 1231 1146 1071 1003 933 821 634 697 -999999 692 683 687 687 690 693 695 695 694 694 693 693 694 697 702 710 723 741 759 770 774 771 767 764 767 770 770 765 757 747 731 718 719
-999999 -999999 -999999 -999999 -999999 -999999 -999999 -999999 -999999 -999999 -999999 -999999 -999999 -999999 -999999 -999999 -999999 -999999 -999999 -999999 -999999 -999999 -999999 -999999 -999999 -999999 -999999 -999999 1149 1226 1500 1713 1559 1468 1406 1338 1261 1203 1141 1079 1022 942 813 619 695 -999999 675 679 682 681 686 688 688 687 689 689 688 686 687 691 698 710 727 745 760 768 769 765 761 759 762 765 762 757 751 742 727 715 716
-999999 -999999 -999999 -999999 -999999 -999999 -999999 -999999 -999999 -999999 -999999 -999999 -999999 -999999 -999999 -999999 -999999 -999999 -999999 -999999 -999999 -999999 -999999 -999999 -999999 -999999 -999999 -999999 -999999 1201 1353 1578 1506 1382 1332 1283 1240 1176 1149 1118 1065 1001 906 786 638 682 667 678 672 681 682 682 683 685 686 685 682 680 680 685 694 709 728 744 757 763 763 759 756 755 757 757 754 750 746 736 723 712 714
-999999 -999999 -999999 -999999 -999999 -999999 -999999 -999999 -999999 -999999 -999999 -999999 -999999 -999999 -999999 -999999 -999999 -999999 -999999 -999999 -999999 -999999 -999999 -999999 -999999 -999999 -999999 -999999 -999999 1185 1351 1463 1426 1318 1301 1294 1246 1194 1180 1161 1109 1045 981 889 782 628 669 669 673 675 677 680 683 683 682 679 675 674 675 681 693 709 727 741 753 757 755 749 746 747 750 749 746 743 739 730 718 709 711
-999999 -999999 -999999 -999999 -999999 -999999 -999999 -999999 -999999 -999999 -999999 -999999 -999999 -999999 -999999 -999999 -999999 -999999 -999999 -999999 -999999 -999999 -999999 -999999 -999999 -999999 -999999 -999999 -999999 1250 1356 1394 1350 1319 1309 1321 1283 1251 1233 1196 1149 1079 1016 933 801 608 658 -999999 667 673 676 679 681 679 676 673 669 668 674 683 696 711 726 738 745 747 743 741 739 739 740 741 738 735 729 722 712 706 709
-999999 -999999 -999999 -999999 -999999 -999999 -999999 -999999 -999999 -999999 -999999 -999999 -999999 -999999 -999999 -999999 -999999 -999999 -999999 -999999 -999999 -999999 -999999 -999999 -999999 -999999 -999999 -999999 -999999 1320 1400 1370 1377 1372 1346 1301 1314 1288 1254 1203 1153 1084 1076 1011 908 748 626 654 666 676 673 678 677 673 670 668 669 670 674 685 697 707 719 731 736 739 742 743 742 739 730 732 731 724 720 714 706 702 707
-999999 -999999 -999999 -999999 -999999 -999999 -999999 -999999 -999999 -999999 -999999 -999999 -999999 -999999 -999999 -999999 -999999 -999999 -999999 -999999 -999999 -999999 -999999 -999999 -999999 -999999 -999999 -999999 -999999 1310 1448 1397 1400 1409 1398 1366 1339 1302 1262 1218 1198 1169 1145 1053 957 888 780 624 647 673 674 675 669 668 667 669 675 682 679 684 695 705 715 726 739 742 742 739 739 739 731 721 720 713 712 706 701 699 705
-999999 -999999 -999999 -999999 -999999 -999999 -999999 -999999 -999999 -999999 -999999 -999999 -999999 -999999 -999999 -999999 -999999 -999999 -999999 -999999 -999999 -999999 -999999 -999999 -999999 -999999 -999999 -999999 -999999 1289 1485 1430 1422 1417 1411 1385 1309 1300 1261 1246 1234 1191 1164 1105 1054 952 898 786 640 680 670 669 664 664 668 676 689 694 692 687 697 717 725 733 739 740 734 731 731 734 724 709 708 703 704 700 697 697 703
-999999 -999999 -999999 -999999 -999999 -999999 -999999 -999999 -999999 -999999 -999999 -999999 -999999 -999999 -999999 -999999 -999999 -999999 -999999 -999999 -999999 -999999 -999999 -999999 -999999 -999999 -999999 -999999 -999999 1296 1473 1449 1443 1428 1411 1395 1314 1274 1259 1288 1273 1230 1209 1151 1093 1017 963 821 588 656 662 663 660 663 668 679 693 700 709 702 705 720 731 737 733 737 729 724 722 724 710 697 697 695 697 693 692 694 702
-999999 -999999 -999999 -999999 -999999 -999999 -999999 -999999 -999999 -999999 -999999 -999999 -999999 -999999 -999999 -999999 -999999 -999999 -999999 -999999 -999999 -999999 -999999 -999999 -999999 -999999 -999999 -999999 -999999 1329 1528 1478 1499 1486 1453 1419 1367 1303 1298 1315 1305 1285 1263 1201 1156 1076 1014 918 824 629 656 661 655 662 666 674 695 707 711 716 715 717 727 734 730 731 719 712 712 717 696 686 686 687 690 686 688 692 701
-999999 -999999 -999999 -999999 -999999 -999999 -999999 -999999 -999999 -999999 -999999 -999999 -999999 -999999 -999999 -999999 -999999 -999999 -999999 -999999 -999999 -999999 -999999 -999999 -999999 -999999 -999999 -999999 -999999 1326 1579 1557 1591 1563 1513 1460 1433 1406 1351 1290 1293 1285 1290 1229 1195 1089 1058 1017 881 580 676 644 657 658 666 680 696 707 712 715 714 711 720 725 720 714 700 695 702 705 683 676 676 680 683 680 684 690 700
-999999 -999999 -999999 -999999 -999999 -999999 -999999 -999999 -999999 -999999 -999999 -999999 -999999 -999999 -999999 -999999 -999999 -999999 -999999 -999999 -999999 -999999 -999999 -999999 -999999 -999999 -999999 -999999 -999999 1403 -999999 -999999 1666 1601 1539 1498 1471 1443 1380 1305 1307 1325 1304 1258 1214 1130 1112 1069 949 804 615 665 649 655 663 681 694 708 715 711 705 705 709 710 700 690 680 681 696 691 671 666 668 673 677 676 683 690 700
-999999 -999999 -999999 -999999 -999999 -999999 -999999 -999999 -999999 -999999 -999999 -999999 -999999 -999999 -999999 -999999 -999999 -999999 -999999 -999999 -999999 -999999 -999999 -999999 -999999 -999999 -999999 -999999 -999999 1502 -999999 -999999 -999999 1620 1566 -999999 1511 -999999 -999999 1355 1316 1315 1288 1262 1218 1159 1146 1118 1041 965 830 594 655 649 657 672 684 697 701 698 692 693 694 688 680 673 669 674 691 681 660 657 661 666 671 676 684 691 701
-999999 -999999 -999999 -999999 -999999 -999999 -999999 -999999 -999999 -999999 -999999 -999999 -999999 -999999 -999999 -999999 -999999 -999999 -999999 -999999 -999999 -999999 -999999 -999999 -999999 -999999 -999999 -999999 -999999 -999999 -999999 -999999 -999999 -999999 -999999 -999999 1549 1471 -999999 1404 1327 1293 1281 1266 1239 1212 1212 1190 -999999 1066 959 838 619 650 652 663 674 683 684 680 677 678 680 669 659 659 661 671 689 671 650 649 655 661 667 678 687 693 701
-999999 -999999 -999999 -999999 -999999 -999999 -999999 -999999 -999999 -999999 -999999 -999999 -999999 -999999 -999999 -999999 -999999 -999999 -999999 -999999 -999999 -999999 -999999 -999999 -999999 -999999 -999999 -999999 -999999 -999999 -999999 -999999 -999999 -999999 -999999 -999999 -999999 1477 1434 1430 1364 1273 1247 1264 1262 1274 1290 1270 1237 1143 1054 923 588 650 651 661 668 673 672 665 664 662 660 651 647 647 653 664 677 663 645 643 649 656 664 681 689 694 700
-999999 -999999 -999999 -999999 -999999 -999999 -999999 -999999 -999999 -999999 -999999 -999999 -999999 -999999 -999999 -999999 -999999 -999999 -999999 -999999 -999999 -999999 -999999 -999999 -999999 -999999 -999999 -999999 -999999 -999999 -999999 -999999 -999999 1750 -999999 1668 1574 1504 1466 1468 1428 1305 1259 1272 1287 1334 1367 1318 1303 1213 1128 936 577 657 650 661 662 665 665 656 653 649 649 638 630 636 649 660 663 656 644 639 643 652 664 684 690 693 697
-999999 -999999 -999999 -999999 -999999 -999999 -999999 -999999 -999999 -999999 -999999 -999999 -999999 -999999 -999999 -999999 -999999 -999999 -999999 -999999 -999999 -999999 -999999 -999999 -999999 -999999 -999999 -999999 -999999 -999999 -999999 -999999 -999999 1787 1753 1671 1584 1513 1518 1504 1458 1361 1284 1289 1338 1404 1467 1422 1338 1268 1135 904 541 614 652 659 657 657 658 650 642 640 640 625 611 618 632 649 654 652 645 637 637 648 664 684 688 689 690
-999999 -999999 -999999 -999999 -999999 -999999 -999999 -999999 -999999 -999999 -999999 -999999 -999999 -999999 -999999 -999999 -999999 -999999 -999999 -999999 -999999 -999999 -999999 -999999 -999999 -999999 -999999 -999999 -999999 -999999 -999999 -999999 -999999 -999999 1755 1663 1587 1549 1548 1554 1471 1375 1306 1311 1370 1456 1513 1472 1377 1248 1107 975 848 617 649 655 652 648 649 643 633 632 627 614 600 604 609 623 646 654 646 637 632 645 664 683 685 684 682
-999999 -999999 -999999 -999999 -999999 -999999 -999999 -999999 -999999 -999999 -999999 -999999 -999999 -999999 -999999 -999999 -999999 -999999 -999999 -999999 -999999 -999999 -999999 -999999 -999999 -999999 -999999 -999999 1633 -999999 -999999 -999999 -999999 -999999 1737 1659 1577 1583 1554 1568 1568 1402 1326 1343 1394 1468 1558 1484 1353 1235 1138 -999999 914 569 659 647 649 641 640 634 626 626 621 609 603 597 594 598 647 664 649 639 630 643 664 681 681 677 673
-999999 -999999 -999999 -999999 -999999 -999999 -999999 -999999 -999999 -999999 -999999 -999999 -999999 -999999 -999999 -999999 -999999 -999999 -999999 -999999 -999999 -999999 -999999 -999999 -999999 -999999 -999999 -999999 -999999 -999999 -999999 -999999 -999999 1743 1726 1688 1603 1567 1534 1555 1542 1446 1382 1382 1428 1517 1562 1455 1347 1265 1192 -999999 959 784 618 641 646 635 632 626 620 623 618 608 600 593 580 586 654 677 654 639 632 641 663 678 676 670 664
-999999 -999999 -999999 -999999 -999999 -999999 -999999 -999999 -999999 -999999 -999999 -999999 -999999 -999999 -999999 -999999 -999999 -999999 -999999 -999999 -999999 -999999 -999999 -999999 -999999 -999999 -999999 -999999 -999999 -999999 -999999 -999999 -999999 1719 1717 1675 1613 1568 -999999 1591 1607 1511 1445 1430 1457 1540 1521 -999999 -999999 1271 1247 -999999 -999999 862 593 646 641 632 627 621 614 619 617 603 598 585 573 587 656 684 663 640 635 641 662 675 670 662 653
-999999 -999999 -999999 -999999 -999999 -999999 -999999 -999999 -999999 -999999 -999999 -999999 -999999 -999999 -999999 -999999 -999999 -999999 -999999 -999999 -999999 -999999 -999999 -999999 -999999 -999999 -999999 -999999 -999999 -999999 -999999 -999999 1705 1720 1712 1684 1650 1615 -999999 1596 1610 1574 1512 1474 1486 1517 -999999 -999999 1316 1258 1199 1115 -999999 -999999 560 609 637 629 624 617 611 617 611 602 602 582 576 600 650 685 670 643 638 640 659 671 664 652 641
-999999 -999999 -999999 -999999 -999999 -999999 -999999 -999999 -999999 -999999 -999999 -999999 -999999 -999999 -999999 -999999 -999999 -999999 -999999 -999999 -999999 -999999 -999999 -999999 -999999 -999999 -999999 -999999 -999999 -999999 -999999 -999999 1720 1741 1738 1729 1705 1691 1668 1667 1668 1629 1566 1532 1463 1441 -999999 -999999 1303 1239 1204 1205 958 632 549 631 630 626 622 615 608 612 607 602 601 597 584 608 643 681 675 647 638 639 656 666 657 642 629
-999999 -999999 -999999 -999999 -999999 -999999 -999999 -999999 -999999 -999999 -999999 -999999 -999999 -999999 -999999 -999999 -999999 -999999 -999999 -999999 -999999 -999999 -999999 -999999 -999999 -999999 -999999 -999999 -999999 -999999 1701 1737 1753 1787 1771 1772 1765 1720 1721 1723 1671 1602 1583 1543 1446 1435 1428 1341 1273 1194 1135 1082 876 566 601 632 626 622 618 612 604 601 607 600 601 606 602 611 640 682 678 649 637 638 653 662 650 632 618
-999999 -999999 -999999 -999999 -999999 -999999 -999999 -999999 -999999 -999999 -999999 -999999 -999999 -999999 -999999 -999999 -999999 -999999 -999999 -999999 -999999 -999999 -999999 1371 -999999 -999999 -999999 -999999 -999999 -999999 -999999 1766 1801 1845 1823 1840 1797 1740 1732 1730 1692 1651 1581 1513 1453 1413 1377 1238 1147 1056 960 844 -999999 -999999 621 626 625 617 616 609 602 594 605 603 603 605 611 618 642 679 680 649 634 636 650 658 644 626 611
-999999 -999999 -999999 -999999 -999999 -999999 -999999 -999999 -999999 -999999 -999999 -999999 -999999 -999999 -999999 -999999 -999999 -999999 -999999 -999999 -999999 -999999 -999999 -999999 -999999 -999999 -999999 -999999 -999999 -999999 1744 1768 1817 1840 1861 1851 1816 1801 1810 1784 1728 1650 1564 1491 1429 1332 1222 1093 1025 957 870 -999999 -999999 614 621 625 622 611 613 607 600 589 598 608 602 607 613 620 644 670 677 650 631 633 647 654 641 623 608
-999999 -999999 -999999 -999999 -999999 -999999 -999999 -999999 -999999 -999999 -999999 -999999 -999999 -999999 -999999 -999999 -999999 -999999 -999999 -999999 -999999 -999999 -999999 -999999 -999999 -999999 -999999 -999999 -999999 -999999 1746 1786 1822 1844 1892 1920 1913 1877 1831 1786 1746 1661 1585 1482 1388 1257 1109 1004 989 940 863 771 596 623 617 627 618 608 611 605 601 587 593 609 598 603 610 620 641 657 671 650 629 629 642 651 640 623 609
-999999 -999999 -999999 -999999 -999999 -999999 -999999 -999999 -999999 -999999 -999999 -999999 -999999 -999999 -999999 -999999 -999999 -999999 -999999 -999999 -999999 -999999 -999999 -999999 -999999 -999999 -999999 -999999 -999999 1726 1766 1832 1920 1975 1940 1913 1929 1875 1807 1755 1717 1681 1615 1514 1386 1244 1102 984 938 911 854 761 586 633 624 628 612 607 608 603 600 588 594 601 593 593 603 615 633 643 661 648 629 625 635 649 640 624 611
-999999 -999999 -999999 -999999 -999999 -999999 -999999 -999999 -999999 -999999 -999999 -999999 -999999 -999999 -999999 -999999 -999999 -999999 -999999 -999999 -999999 -999999 1485 -999999 -999999 -999999 -999999 -999999 -999999 1740 1792 1898 2062 2066 1691 1606 1687 1786 1777 1737 1700 1658 1620 1583 1422 1250 1132 1060 990 959 917 827 755 594 601 625 613 608 605 600 599 589 589 587 588 596 609 610 623 631 650 645 629 621 628 647 640 627 615
-999999 -999999 -999999 -999999 -999999 -999999 -999999 -999999 -999999 -999999 1670 1738 -999999 -999999 -999999 -999999 -999999 -999999 -999999 1417 1459 1477 -999999 -999999 -999999 -999999 -999999 1697 1726 1757 1813 1899 1945 1900 1462 1400 1455 1553 1588 1694 1738 1727 1697 1596 1363 1199 1150 1136 1071 1027 946 834 766 696 607 625 609 610 608 602 599 592 587 580 583 564 580 590 626 624 639 642 628 617 622 645 641 629 619
-999999 -999999 -999999 -999999 -999999 -999999 -999999 -999999 -999999 -999999 1406 1492 -999999 -999999 -999999 -999999 -999999 -999999 -999999 1455 1494 1518 -999999 -999999 -999999 -999999 -999999 -999999 -999999 1768 1814 1626 -999999 1428 1437 1375 1384 1349 1418 1475 1539 1500 1535 1453 1299 1200 1187 1178 1104 1048 956 821 764 700 586 596 630 618 605 600 596 591 585 577 576 557 682 572 634 622 628 637 626 613 616 643 641 632 626
-999999 -999999 -999999 -999999 -999999 -999999 -999999 -999999 -999999 -999999 -999999 1411 -999999 -999999 -999999 -999999 -999999 -999999 -999999 1489 1537 1562 -999999 -999999 -999999 -999999 1686 1701 1725 1754 -999999 -999999 1145 1211 1366 1322 1442 1529 1459 1313 1301 1308 1365 1403 1326 1257 1204 1150 1085 993 939 825 780 748 715 702 589 587 628 615 610 607 605 601 592 565 756 705 641 624 618 631 623 608 611 641 642 636 633
-999999 -999999 -999999 -999999 -999999 -999999 -999999 -999999 -999999 -999999 -999999 1318 -999999 -999999 -999999 -999999 -999999 -999999 -999999 -999999 1575 1595 1649 -999999 1705 1677 1684 1694 1701 1708 -999999 -999999 1100 958 1033 1108 -999999 -999999 1547 1359 1269 1334 1430 1425 1410 1296 1193 1123 1069 999 917 847 793 785 763 762 717 694 588 578 599 593 569 567 564 548 736 643 640 625 612 621 620 602 607 638 642 640 640
-999999 -999999 -999999 -999999 -999999 -999999 -999999 -999999 -999999 -999999 -999999 -999999 -999999 -999999 -999999 -999999 -999999 -999999 -999999 1569 1608 1620 -999999 -999999 1691 1664 1667 1664 1685 1669 1532 -999999 1169 -999999 -999999 1190 -999999 -999999 -999999 1438 1448 -999999 -999999 1497 1440 1296 1185 1124 1064 953 863 833 838 845 796 782 775 768 705 679 708 714 708 702 688 688 651 651 634 623 608 610 616 596 602 635 641 642 644
-999999 -999999 -999999 -999999 -999999 -999999 -999999 -999999 -999999 -999999 -999999 -999999 -999999 -999999 -999999 -999999 -999999 1503 1559 1626 1630 1638 -999999 -999999 1678 1648 1658 1614 1606 1537 -999999 -999999 -999999 -999999 1105 -999999 -999999 -999999 -999999 1399 1523 1592 1585 1534 1429 1325 1234 1183 1101 977 879 864 885 878 831 844 826 822 778 744 762 784 803 780 766 785 703 617 628 619 607 599 609 592 596 630 638 641 645
-999999 -999999 -999999 -999999 -999999 -999999 -999999 -999999 -999999 -999999 -999999 -999999 -999999 -999999 -999999 -999999 -999999 1527 -999999 1603 1614 1639 -999999 -999999 1670 1635 1636 1627 1557 1266 1306 -999999 1268 1147 1146 -999999 -999999 -999999 -999999 -999999 1496 1580 1586 1524 1424 1369 1315 1280 1209 1065 953 917 928 904 883 884 858 845 843 825 818 875 864 823 791 852 717 602 623 612 605 592 600 588 589 625 634 638 643
-999999 -999999 -999999 -999999 -999999 -999999 -999999 -999999 -999999 -999999 -999999 -999999 -999999 -999999 -999999 -999999 -999999 -999999 1570 1662 1640 1662 1710 1710 1670 1655 1656 1649 -999999 -999999 1272 1326 1339 1256 1076 -999999 -999999 -999999 -999999 -999999 1381 1543 1550 1519 1457 1401 1381 1362 1309 1182 1036 971 948 956 964 942 938 901 930 885 895 953 922 834 788 895 717 588 624 608 603 588 591 584 582 618 627 633 640
-999999 -999999 -999999 -999999 -999999 -999999 -999999 -999999 -999999 -999999 -999999 -999999 -999999 -999999 -999999 -999999 -999999 -999999 -999999 -999999 1425 -999999 1480 1539 1563 1585 1614 1559 -999999 -999999 1234 1306 1289 1156 -999999 -999999 -999999 -999999 -999999 -999999 -999999 1486 1556 1547 1506 1425 1403 1419 1360 1249 1098 1034 1043 1066 1062 1014 988 955 954 972 949 950 951 873 882 912 696 570 615 595 596 587 583 580 576 610 620 626 635
-999999 -999999 -999999 -999999 -999999 -999999 -999999 -999999 -999999 -999999 -999999 -999999 -999999 -999999 -999999 -999999 -999999 -999999 -999999 -999999 -999999 -999999 1217 1348 1454 1472 1507 1477 -999999 -999999 1147 1176 1176 1033 -999999 -999999 -999999 -999999 -999999 -999999 -999999 -999999 1562 1564 1543 1474 1477 1437 1349 1248 1161 1125 1149 1121 988 968 1017 991 996 1040 1015 947 938 906 930 866 670 556 634 606 595 583 578 576 570 602 613 620 630
-999999 -999999 -999999 -999999 -999999 -999999 -999999 -999999 -999999 -999999 -999999 -999999 -999999 -999999 -999999 -999999 -999999 -999999 -999999 -999999 -999999 -999999 1132 1227 1357 1441 1407 1388 -999999 -999999 956 1025 1009 907 -999999 -999999 -999999 -999999 -999999 -999999 -999999 1386 1520 1553 1531 1509 1501 1424 1322 1233 1191 1185 1200 1165 1047 1035 1057 1027 1060 1066 1032 955 934 940 965 810 639 558 559 537 547 584 572 570 567 595 605 613 624
-999999 -999999 -999999 -999999 -999999 -999999 -999999 -999999 -999999 -999999 -999999 -999999 -999999 -999999 -999999 -999999 -999999 -999999 -999999 -999999 -999999 -999999 -999999 1166 1236 1286 1290 -999999 -999999 -999999 -999999 921 990 930 776 649 -999999 -999999 -999999 -999999 -999999 -999999 1522 1559 1587 1560 1470 1392 1309 1245 -999999 1225 1223 1199 1207 1213 1115 1069 1078 1074 1011 966 944 952 918 738 652 676 711 683 528 538 569 566 561 587 597 606 616
-999999 -999999 -999999 -999999 -999999 -999999 -999999 -999999 -999999 -999999 -999999 -999999 -999999 -999999 -999999 -999999 -999999 -999999 -999999 -999999 -999999 -999999 -999999 1148 1170 1207 1277 -999999 -999999 -999999 -999999 -999999 915 951 -999999 -999999 -999999 -999999 -999999 1341 -999999 -999999 1547 1592 1579 1513 1425 1368 1315 1276 1255 1264 1251 -999999 -999999 1277 1131 1030 1053 1047 991 974 948 921 819 669 691 741 789 762 682 510 562 558 560 581 590 598 609
-999999 -999999 -999999 -999999 -999999 -999999 -999999 -999999 -999999 -999999 -999999 -999999 -999999 -999999 -999999 -999999 -999999 -999999 -999999 -999999 -999999 -999999 -999999 1196 1203 1193 1248 -999999 -999999 -999999 -999999 -999999 -999999 -999999 -999999 -999999 -999999 -999999 -999999 -999999 -999999 1575 1591 1573 1487 1445 1406 1356 1333 1308 1302 1313 1292 1281 -999999 -999999 1216 1142 1080 1027 996 986 959 879 707 643 739 792 830 794 755 685 536 559 557 574 583 591 601
-999999 -999999 -999999 -999999 -999999 -999999 -999999 -999999 -999999 -999999 -999999 -999999 -999999 -999999 -999999 -999999 -999999 -999999 -999999 -999999 -999999 -999999 1262 1253 1231 1216 1167 -999999 -999999 -999999 464 547 640 -999999 -999999 -999999 -999999 -999999 -999999 -999999 1622 1657 1608 1498 1416 1430 1402 1370 1340 1321 1323 1346 1324 1310 1294 -999999 -999999 1189 1087 1027 973 1010 965 791 634 663 779 811 849 804 779 733 520 506 549 567 576 584 595
-999999 -999999 -999999 -999999 -999999 -999999 -999999 -999999 -999999 -999999 -999999 -999999 -999999 -999999 -999999 -999999 -999999 -999999 -999999 -999999 -999999 -999999 -999999 1293 1240 1228 -999999 909 -999999 -999999 539 606 646 -999999 -999999 -999999 -999999 -999999 -999999 1493 1624 1614 1523 1423 1423 1433 1415 1389 1359 1337 1324 1356 1354 1325 1318 1319 -999999 1184 1085 1047 1023 1037 882 613 593 710 803 855 847 805 764 738 634 490 541 559 570 579 589
-999999 -999999 -999999 -999999 -999999 -999999 -999999 -999999 -999999 -999999 -999999 -999999 -999999 -999999 -999999 -999999 -999999 -999999 -999999 -999999 -999999 -999999 -999999 -999999 1246 1097 869 774 886 998 -999999 926 -999999 -999999 -999999 -999999 -999999 -999999 -999999 1580 1585 1554 1474 1468 1453 1445 1432 1411 1389 1352 1333 1371 1380 1337 1333 1330 1282 1197 1112 1095 1077 985 728 597 581 736 828 845 822 774 770 738 671 487 531 551 565 574 583
-999999 -999999 -999999 -999999 -999999 -999999 -999999 -999999 -999999 -999999 -999999 -999999 -999999 -999999 -999999 -999999 -999999 -999999 -999999 -999999 -999999 -999999 -999999 -999999 -999999 1119 781 668 -999999 891 1080 1276 -999999 -999999 -999999 -999999 -999999 -999999 1567 1608 1542 1516 1499 1494 1477 1461 1453 1440 1420 1375 1348 1382 1388 1350 1339 1314 1272 1206 1124 1114 1082 920 737 727 637 734 849 832 768 723 747 722 677 488 524 542 560 570 578
-999999 -999999 -999999 -999999 -999999 -999999 -999999 -999999 -999999 -999999 -999999 -999999 -999999 -999999 -999999 -999999 -999999 -999999 -999999 -999999 -999999 -999999 -999999 -999999 -999999 1092 -999999 -999999 -999999 -999999 -999999 -999999 -999999 -999999 1400 1392 -999999 -999999 1596 1620 1603 1545 1505 1480 1459 1430 1488 1478 1435 1348 1360 1386 1395 1370 1345 1312 1269 1197 1120 1119 1064 934 825 755 696 703 807 757 699 652 718 718 690 493 514 532 554 564 572
-999999 -999999 -999999 -999999 -999999 -999999 -999999 -999999 -999999 -999999 -999999 -999999 -999999 -999999 -999999 -999999 -999999 -999999 -999999 -999999 -999999 -999999 -999999 -999999 1323 1105 -999999 -999999 -999999 -999999 -999999 -999999 1246 1358 1382 -999999 -999999 -999999 1617 1636 1618 1551 1490 1473 1466 1443 1543 1505 1437 1384 1374 1367 1377 1367 1335 1294 1241 1184 1130 1115 1037 946 885 822 757 726 725 723 682 629 677 688 679 506 520 524 546 558 565
-999999 -999999 -999999 -999999 -999999 -999999 -999999 -999999 -999999 -999999 -999999 -999999 -999999 -999999 -999999 -999999 -999999 -999999 -999999 -999999 -999999 -999999 -999999 -999999 1179 1127 -999999 -999999 -999999 -999999 -999999 951 1158 1255 -999999 -999999 -999999 -999999 1560 1574 1539 1492 1467 1460 1466 1496 1551 1478 1415 1394 1381 1366 1341 1330 1304 1257 -999999 1174 1131 1085 1010 961 946 927 889 794 787 749 697 643 643 650 659 501 472 511 537 550 558
-999999 -999999 -999999 -999999 -999999 -999999 -999999 -999999 -999999 -999999 -999999 -999999 -999999 -999999 -999999 -999999 -999999 -999999 -999999 -999999 -999999 -999999 -999999 -999999 -999999 1054 984 -999999 -999999 -999999 -999999 979 1146 1262 -999999 -999999 -999999 -999999 -999999 -999999 -999999 -999999 -999999 1423 1492 1501 1535 1470 1409 1368 1380 1355 1275 1268 1291 1234 1158 1152 1092 1038 1006 996 983 960 951 929 949 810 713 691 634 585 649 614 465 496 527 541 550
-999999 -999999 -999999 -999999 -999999 -999999 -999999 -999999 -999999 -999999 -999999 -999999 -999999 -999999 -999999 -999999 -999999 -999999 -999999 -999999 -999999 -999999 -999999 -999999 -999999 1054 1055 -999999 -999999 -999999 985 1072 1210 1327 -999999 -999999 -999999 -999999 -999999 1525 -999999 -999999 -999999 1443 1503 1487 1476 1485 1435 1373 1285 1265 1254 1264 1289 1222 1120 1074 1013 -999999 998 1012 1007 1008 1050 1094 1065 900 735 637 602 561 652 575 459 484 515 532 542
-999999 -999999 -999999 -999999 -999999 -999999 -999999 -999999 -999999 -999999 -999999 -999999 -999999 -999999 -999999 -999999 -999999 -999999 -999999 -999999 -999999 -999999 -999999 -999999 -999999 -999999 -999999 -999999 865 953 1051 1194 1283 1330 -999999 -999999 -999999 -999999 -999999 -999999 1495 1522 1522 1531 1492 1438 1444 1450 1385 1327 1228 1242 1190 1180 1174 -999999 1103 1024 981 955 -999999 -999999 1055 1093 -999999 -999999 1109 991 923 777 640 554 659 644 460 471 504 521 532
-999999 -999999 -999999 -999999 -999999 -999999 -999999 -999999 -999999 -999999 -999999 -999999 -999999 -999999 -999999 -999999 -999999 -999999 -999999 -999999 -999999 -999999 -999999 -999999 -999999 -999999 -999999 -999999 823 902 1058 1239 1323 1330 -999999 -999999 -999999 -999999 -999999 -999999 -999999 1420 1531 1541 1475 1425 1414 1409 1351 1246 1216 1153 1073 -999999 -999999 -999999 935 919 -999999 876 839 -999999 -999999 -999999 -999999 -999999 -999999 1121 1011 907 748 591 671 681 474 466 491 508 520
-999999 -999999 -999999 -999999 -999999 -999999 -999999 -999999 -999999 -999999 -999999 -999999 -999999 -999999 -999999 -999999 -999999 -999999 -999999 -999999 -999999 -999999 -999999 -999999 -999999 -999999 -999999 -999999 889 970 1065 1207 1340 1331 1224 -999999 -999999 -999999 -999999 -999999 -999999 -999999 -999999 1451 1469 1397 1377 -999999 -999999 -999999 1047 -999999 -999999 -999999 -999999 -999999 -999999 -999999 -999999 850 846 -999999 -999999 -999999 -999999 -999999 -999999 -999999 1143 974 782 640 680 684 454 428 477 493 506
-999999 -999999 -999999 -999999 -999999 -999999 -999999 -999999 -999999 -999999 -999999 -999999 -999999 -999999 -999999 -999999 -999999 -999999 -999999 -999999 -999999 -999999 -999999 950 965 999 968 976 1040 1077 1108 1220 1281 -999999 -999999 1192 1271 -999999 -999999 -999999 -999999 -999999 -999999 -999999 1333 1273 -999999 -999999 -999999 -999999 -999999 -999999 -999999 -999999 -999999 -999999 -999999 -999999 -999999 -999999 -999999 -999999 -999999 -999999 -999999 -999999 -999999 -999999 -999999 956 758 670 677 684 574 428 461 478 494
-999999 -999999 -999999 -999999 -999999 -999999 -999999 -999999 -999999 -999999 -999999 -999999 -999999 -999999 -999999 -999999 -999999 -999999 -999999 -999999 -999999 -999999 -999999 -999999 861 966 1015 1090 1171 1173 1187 1236 -999999 -999999 -999999 -999999 1234 -999999 -999999 -999999 -999999 -999999 -999999 -999999 -999999 -999999 -999999 -999999 -999999 -999999 -999999 -999999 -999999 -999999 -999999 -999999 -999999 -999999 -999999 -999999 -999999 -999999 -999999 -999999 1260 1347 -999999 -999999 -999999 979 850 718 690 722 633 555 446 462 483
-999999 -999999 -999999 -999999 -999999 -999999 -999999 -999999 -999999 -999999 -999999 -999999 -999999 -999999 -999999 -999999 -999999 -999999 -999999 -999999 -999999 -999999 -999999 -999999 -999999 966 1068 1147 1138 -999999 1161 -999999 -999999 -999999 -999999 -999999 1223 -999999 -999999 -999999 -999999 -999999 -999999 -999999 -999999 -999999 -999999 -999999 -999999 -999999 -999999 -999999 -999999 -999999 -999999 -999999 -999999 -999999 -999999 -999999 -999999 -999999 -999999 -999999 -999999 1172 -999999 -999999 -999999 -999999 906 789 722 728 666 601 463 454 476
-999999 -999999 -999999 -999999 -999999 -999999 -999999 -999999 -999999 -999999 -999999 -999999 -999999 -999999 -999999 -999999 -999999 -999999 -999999 -999999 -999999 -999999 -999999 -999999 927 999 1125 1157 -999999 -999999 -999999 -999999 -999999 -999999 -999999 1156 -999999 -999999 -999999 -999999 -999999 -999999 -999999 -999999 -999999 -999999 -999999 -999999 -999999 -999999 -999999 -999999 -999999 -999999 -999999 -999999 -999999 -999999 -999999 -999999 -999999 -999999 -999999 -999999 -999999 -999999 -999999 -999999 -999999 -999999 -999999 828 783 751 684 626 449 449 472
-999999 -999999 -999999 -999999 -999999 -999999 -999999 -999999 -999999 -999999 -999999 -999999 -999999 -999999 -999999 -999999 -999999 -999999 -999999 -999999 -999999 -999999 -999999 -999999 948 1029 1149 1165 -999999 -999999 -999999 -999999 -999999 -999999 1248 1201 -999999 -999999 -999999 -999999 -999999 -999999 -999999 -999999 -999999 -999999 -999999 -999999 -999999 -999999 -999999 -999999 -999999 -999999 -999999 -999999 -999999 -999999 -999999 -999999 -999999 -999999 -999999 -999999 -999999 -999999 -999999 -999999 -999999 -999999 -999999 -999999 798 752 559 502 448 448 470
-999999 -999999 -999999 -999999 -999999 -999999 -999999 -999999 -999999 -999999 -999999 -999999 -999999 -999999 -999999 -999999 -999999 -999999 -999999 -999999 -999999 -999999 -999999 -999999 976 1073 1163 1196 -999999 -999999 -999999 1337 -999999 -999999 1246 -999999 -999999 -999999 -999999 -999999 -999999 -999999 -999999 -999999 -999999 -999999 -999999 -999999 -999999 -999999 -999999 -999999 -999999 -999999 -999999 -999999 -999999 -999999 -999999 -999999 -999999 -999999 -999999 -999999 -999999 -999999 -999999 -999999 -999999 -999999 -999999 -999999 -999999 617 539 484 448 448 469
-999999 -999999 -999999 -999999 -999999 -999999 -999999 -999999 -999999 -999999 -999999 -999999 -999999 -999999 -999999 -999999 -999999 -999999 -999999 -999999 -999999 -999999 -999999 931 1025 1137 1196 1233 1255 -999999 -999999 1419 1395 1284 -999999 -999999 -999999 -999999 -999999 -999999 -999999 -999999 -999999 -999999 -999999 -999999 -999999 -999999 -999999 -999999 -999999 -999999 -999999 -999999 -999999 -999999 -999999 -999999 -999999 -999999 -999999 -999999 -999999 -999999 -999999 -999999 -999999 -999999 -999999 -999999 -999999 -999999 -999999 580 525 480 449 449 469
-999999 -999999 -999999 -999999 -999999 -999999 -999999 -999999 -999999 -999999 -999999 -999999 -999999 -999999 -999999 -999999 -999999 -999999 -999999 -999999 -999999 -999999 -999999 1004 1121 1213 1249 -999999 1332 1376 1415 1471 1439 1303 -999999 -999999 -999999 -999999 -999999 -999999 -999999 -999999 -999999 -999999 -999999 -999999 -999999 -999999 -999999 -999999 -999999 -999999 -999999 -999999 -999999 -999999 -999999 -999999 -999999 -999999 -999999 -999999 -999999 -999999 -999999 -999999 -999999 -999999 -999999 -999999 -999999 -999999 -999999 555 508 477 451 451 470
-999999 -999999 -999999 -999999 -999999 -999999 -999999 -999999 -999999 -999999 -999999 -999999 -999999 -999999 -999999 -999999 -999999 -999999 -999999 -999999 -999999 -999999 1007 1171 1268 1315 1343 -999999 1331 1351 1428 1485 1406 1297 1242 -999999 -999999 -999999 -999999 -999999 -999999 -999999 -999999 -999999 -999999 -999999 -999999 -999999 -999999 -999999 -999999 -999999 -999999 -999999 -999999 -999999 -999999 -999999 -999999 -999999 -999999 -999999 -999999 -999999 -999999 -999999 -999999 -999999 -999999 -999999 -999999 -999999 -999999 530 492 474 455 455 472
-999999 -999999 -999999 -999999 -999999 -999999 -999999 -999999 -999999 -999999 -999999 -999999 -999999 -999999 -999999 -999999 -999999 -999999 -999999 -999999 -999999 -999999 1198 1387 1362 1369 1408 1379 1325 1357 1444 1462 1369 1303 1303 1335 1404 -999999 -999999 -999999 -999999 -999999 -999999 -999999 -999999 -999999 -999999 -999999 -999999 -999999 -999999 -999999 -999999 -999999 -999999 -999999 -999999 -999999 -999999 -999999 -999999 -999999 -999999 -999999 -999999 -999999 -999999 -999999 -999999 -999999 -999999 -999999 -999999 508 481 473 460 461 474
-999999 -999999 -999999 -999999 -999999 -999999 -999999 -999999 -999999 -999999 -999999 -999999 -999999 -999999 -999999 -999999 -999999 -999999 -999999 -999999 -999999 1104 1394 1428 1451 1421 1387 1354 1300 1336 1402 1383 1321 1299 1283 1319 -999999 -999999 -999999 -999999 -999999 -999999 -999999 -999999 -999999 -999999 -999999 -999999 -999999 -999999 -999999 -999999 -999999 -999999 -999999 -999999 -999999 -999999 -999999 -999999 -999999 -999999 -999999 -999999 -999999 -999999 -999999 -999999 -999999 -999999 -999999 -999999 523 491 474 473 466 467 477
-999999 -999999 -999999 -999999 -999999 -999999 -999999 -999999 -999999 -999999 -999999 -999999 -999999 -999999 -999999 -999999 -999999 -999999 -999999 -999999 -999999 1202 1399 1366 1407 1375 1317 1209 1301 1289 -999999 -999999 1277 1241 -999999 -999999 -999999 -999999 -999999 -999999 -999999 -999999 -999999 -999999 -999999 -999999 -999999 -999999 -999999 -999999 -999999 -999999 -999999 -999999 -999999 -999999 -999999 -999999 -999999 -999999 -999999 -999999 -999999 -999999 -999999 -999999 -999999 -999999 -999999 -999999 -999999 -999999 504 478 470 474 471 472 480
-999999 -999999 -999999 -999999 -999999 -999999 -999999 -999999 -999999 -999999 -999999 -999999 -999999 -999999 -999999 -999999 -999999 -999999 -999999 -999999 -999999 1261 1339 1327 1320 1357 1285 1177 1238 -999999 -999999 -999999 1261 1272 1255 -999999 -999999 -999999 -999999 -999999 -999999 -999999 -999999 -999999 -999999 -999999 -999999 -999999 -999999 -999999 -999999 -999999 -999999 -999999 -999999 -999999 -999999 -999999 784 787 -999999 -999999 -999999 -999999 738 660 -999999 -999999 -999999 -999999 -999999 514 488 470 469 475 475 476 483
-999999 -999999 -999999 -999999 -999999 -999999 -999999 -999999 -999999 -999999 -999999 -999999 -999999 -999999 -999999 -999999 -999999 -999999 -999999 -999999 -999999 -999999 1104 -999999 -999999 -999999 1130 1237 1215 -999999 -999999 -999999 -999999 1335 1330 -999999 -999999 -999999 -999999 -999999 -999999 -999999 -999999 -999999 -999999 -999999 -999999 -999999 -999999 -999999 -999999 -999999 -999999 -999999 853 -999999 808 801 797 -999999 -999999 -999999 -999999 756 669 -999999 -999999 -999999 -999999 -999999 522 496 475 466 470 478 479 480 486
-999999 -999999 -999999 -999999 -999999 -999999 -999999 -999999 -999999 -999999 -999999 -999999 -999999 -999999 -999999 -999999 -999999 -999999 -999999 -999999 -999999 -999999 -999999 1019 -999999 -999999 -999999 1071 1271 -999999 -999999 -999999 1355 1399 1345 -999999 -999999 -999999 -999999 -999999 -999999 -999999 -999999 -999999 -999999 -999999 -999999 -999999 -999999 -999999 -999999 -999999 -999999 -999999 793 819 802 793 -999999 -999999 -999999 -999999 771 685 620 -999999 -999999 -999999 -999999 528 504 481 467 465 472 480 482 483 488
-999999 -999999 -999999 -999999 -999999 -999999 -999999 -999999 -999999 -999999 -999999 -999999 -999999 -999999 -999999 -999999 -999999 -999999 -999999 -999999 -999999 -999999 -999999 1199 941 -999999 -999999 1074 1260 -999999 -999999 -999999 1248 1420 1352 -999999 -999999 -999999 -999999 -999999 -999999 -999999 -999999 -999999 -999999 -999999 -999999 -999999 -999999 -999999 -999999 -999999 -999999 -999999 -999999 778 -999999 -999999 -999999 -999999 -999999 781 698 633 -999999 -999999 -999999 -999999 530 510 487 470 463 466 475 483 485 486 489
-999999 -999999 -999999 -999999 -999999 -999999 -999999 -999999 -999999 -999999 -999999 -999999 -999999 -999999 -999999 -999999 -999999 -999999 -999999 -999999 -999999 1056 1160 1163 913 -999999 -999999 1135 -999999 -999999 -999999 -999999 1084 1296 1281 -999999 -999999 -999999 -999999 -999999 -999999 -999999 -999999 -999999 -999999 -999999 -999999 -999999 -999999 -999999 -999999 -999999 -999999 -999999 -999999 -999999 -999999 -999999 -999999 809 788 710 643 598 -999999 -999999 -999999 532 515 493 474 463 463 469 477 485 487 487 488
-999999 -999999 -999999 -999999 -999999 -999999 -999999 -999999 -999999 -999999 -999999 -999999 -999999 -999999 -999999 -999999 -999999 1035 1152 1256 1190 1234 1215 1121 -999999 -999999 -999999 -999999 -999999 -999999 -999999 1018 1115 1203 -999999 -999999 -999999 -999999 -999999 -999999 -999999 -999999 -999999 -999999 -999999 -999999 -999999 -999999 -999999 -999999 -999999 -999999 -999999 -999999 -999999 -999999 -999999 780 805 791 724 647 606 574 -999999 -999999 -999999 519 499 478 465 462 465 471 479 486 488 486 484
-999999 -999999 -999999 -999999 -999999 -999999 -999999 -999999 -999999 -999999 -999999 -999999 -999999 -999999 -999999 -999999 -999999 1082 1246 1352 -999999 1247 1208 -999999 -999999 -999999 -999999 -999999 -999999 -999999 -999999 1000 1111 1144 -999999 -999999 -999999 -999999 -999999 -999999 -999999 -999999 -999999 -999999 -999999 -999999 -999999 -999999 -999999 -999999 -999999 -999999 -999999 -999999 684 724 771 796 792 740 653 606 579 556 546 534 521 504 484 468 462 463 467 472 480 487 487 484 480
-999999 -999999 -999999 -999999 -999999 -999999 -999999 -999999 -999999 -999999 -999999 -999999 -999999 -999999 -999999 -999999 -999999 1141 1277 1314 -999999 -999999 -999999 -999999 -999999 1023 1081 -999999 -999999 -999999 -999999 932 1059 1069 -999999 -999999 -999999 -999999 -999999 -999999 -999999 -999999 -999999 -999999 -999999 -999999 -999999 -999999 -999999 -999999 -999999 -999999 -999999 656 698 758 791 790 754 668 606 580 557 543 535 521 507 490 473 463 461 464 467 473 481 487 487 482 476
-999999 -999999 -999999 -999999 -999999 -999999 -999999 -999999 -999999 -999999 -999999 -999999 -999999 -999999 -999999 -999999 1028 1218 1227 1203 1232 -999999 -999999 -999999 -999999 -999999 -999999 -999999 -999999 -999999 -999999 938 1096 -999999 -999999 -999999 -999999 -999999 -999999 -999999 -999999 -999999 -999999 -999999 -999999 -999999 -999999 -999999 -999999 -999999 -999999 -999999 627 664 730 776 784 766 695 614 580 559 538 532 522 508 494 477 465 460 462 464 467 474 482 487 485 480 474
-999999 -999999 -999999 -999999 -999999 -999999 -999999 -999999 -999999 -999999 -999999 -999999 -999999 -999999 -999999 -999999 1024 1210 1221 1209 1250 -999999 -999999 -999999 -999999 -999999 -999999 -999999 -999999 -999999 -999999 1034 1080 -999999 -999999 -999999 -999999 -999999 -999999 -999999 -999999 -999999 -999999 -999999 -999999 -999999 -999999 -999999 -999999 -999999 -999999 610 641 700 755 773 765 722 635 580 560 538 527 522 510 495 481 467 461 461 462 464 467 474 482 486 484 478 473
-999999 -999999 -999999 -999999 -999999 -999999 -999999 -999999 -999999 -999999 -999999 -999999 -999999 -999999 -999999 934 987 1175 1212 1141 -999999 -999999 -999999 -999999 -999999 -999999 -999999 -999999 -999999 -999999 -999999 1016 -999999 -999999 -999999 -999999 -999999 -999999 -999999 -999999 -999999 -999999 -999999 -999999 -999999 -999999 -999999 -999999 -999999 -999999 603 634 685 737 763 762 737 664 590 556 539 524 519 512 498 483 469 461 460 461 462 464 468 475 483 486 483 477 473
-999999 -999999 -999999 -999999 -999999 -999999 -999999 -999999 -999999 -999999 -999999 -999999 -999999 -999999 -999999 873 1002 1190 1191 -999999 -999999 -999999 -999999 -999999 -999999 -999999 -999999 -999999 -999999 -999999 805 917 -999999 -999999 -999999 -999999 -999999 -999999 -999999 -999999 -999999 -999999 -999999 -999999 -999999 -999999 -999999 -999999 -999999 602 637 682 727 754 757 741 689 611 560 540 526 515 511 501 486 472 461 459 459 460 461 463 469 476 483 485 481 477 473
-999999 -999999 -999999 -999999 -999999 -999999 -999999 -999999 -999999 -999999 -999999 -999999 -999999 -999999 -999999 -999999 1056 1240 1185 -999999 -999999 -999999 -999999 -999999 -999999 -999999 -999999 -999999 -999999 874 982 -999999 -999999 -999999 -999999 -999999 -999999 -999999 -999999 -999999 -999999 -999999 -999999 -999999 -999999 -999999 -999999 581 -999999 639 680 718 741 747 737 699 634 570 539 530 516 508 502 489 475 462 458 458 459 458 459 463 469 477 482 483 480 476 474
-999999 -999999 -999999 -999999 -999999 -999999 -999999 -999999 -999999 -999999 -999999 -999999 -999999 894 -999999 -999999 1079 1244 1149 -999999 -999999 -999999 -999999 -999999 -999999 -999999 -999999 -999999 -999999 -999999 -999999 -999999 -999999 -999999 -999999 -999999 -999999 -999999 -999999 -999999 -999999 -999999 -999999 -999999 -999999 -999999 582 -999999 638 675 706 724 730 725 699 646 584 540 530 522 509 501 491 477 464 457 456 456 455 456 460 462 469 476 480 482 479 476 474
-999999 -999999 -999999 -999999 -999999 -999999 -999999 -999999 -999999 -999999 -999999 -999999 -999999 876 -999999 -999999 1115 1247 -999999 -999999 -999999 -999999 -999999 -999999 -999999 -999999 -999999 -999999 -999999 -999999 -999999 -999999 -999999 -999999 -999999 -999999 -999999 -999999 -999999 -999999 -999999 -999999 -999999 -999999 581 580 598 632 668 692 704 709 710 692 648 591 544 527 524 513 501 493 480 465 457 454 453 453 456 456 457 461 468 473 478 479 477 475 475
-999999 -999999 -999999 -999999 -999999 -999999 -999999 -999999 -999999 -999999 -999999 -999999 -999999 -999999 1005 -999999 1176 1242 1136 1044 -999999 -999999 -999999 -999999 -999999 -999999 -999999 -999999 -999999 -999999 -999999 -999999 -999999 -999999 -999999 -999999 -999999 -999999 -999999 -999999 -999999 -999999 -999999 573 573 588 620 655 678 686 689 694 681 642 593 548 524 522 518 504 493 481 466 455 452 450 449 453 456 455 452 459 465 471 475 476 475 474 476
-999999 -999999 -999999 -999999 -999999 -999999 -999999 -999999 -999999 -999999 937 971 -999999 -999999 1134 1107 1255 1234 1147 1061 -999999 -999999 -999999 -999999 -999999 -999999 -999999 -999999 -999999 -999999 -999999 -999999 -999999 -999999 -999999 -999999 -999999 -999999 -999999 -999999 -999999 570 565 564 578 606 644 661 667 670 674 667 631 585 551 527 519 520 511 496 483 468 455 450 448 447 450 453 451 448 450 457 462 467 472 474 471 472 477
-999999 -999999 -999999 -999999 -999999 -999999 -999999 -999999 -999999 -999999 961 -999999 -999999 -999999 1153 1102 1162 1138 1033 902 728 -999999 -999999 -999999 -999999 -999999 -999999 -999999 -999999 -999999 -999999 710 -999999 -999999 -999999 -999999 -999999 -999999 -999999 557 557 557 558 570 594 626 645 649 650 654 651 622 576 546 530 518 517 516 503 485 468 454 446 444 443 444 446 445 443 442 448 453 458 463 469 471 469 472 478
-999999 -999999 -999999 -999999 -999999 -999999 -999999 -999999 -999999 858 -999999 -999999 888 -999999 989 1074 1012 972 -999999 -999999 -999999 -999999 -999999 -999999 -999999 -999999 -999999 -999999 -999999 -999999 754 539 -999999 -999999 -999999 -999999 -999999 550 550 550 549 555 568 587 615 637 634 635 637 635 613 568 541 528 518 515 518 512 494 473 456 445 442 440 437 437 438 437 436 441 447 450 454 460 467 471 470 473 478
-999999 -999999 -999999 -999999 -999999 -999999 -999999 -999999 -999999 1018 947 917 840 924 1010 998 -999999 -999999 -999999 -999999 -999999 -999999 -999999 -999999 -999999 -999999 -999999 -999999 -999999 -999999 804 670 532 560 -999999 541 538 537 539 544 552 564 580 600 619 623 618 620 618 600 560 535 523 514 509 512 513 500 477 455 441 435 433 427 423 422 424 426 431 437 441 445 451 457 466 473 474 476 479
-999999 -999999 -999999 -999999 -999999 -999999 -999999 -999999 984 1086 1083 1011 953 977 1030 982 -999999 -999999 -999999 -999999 -999999 -999999 -999999 -999999 -999999 -999999 -999999 -999999 -999999 -999999 751 -999999 543 -999999 533 531 533 539 549 559 567 576 589 603 610 610 610 608 591 556 534 525 515 508 510 516 510 490 465 446 437 434 429 425 421 419 423 428 434 438 441 445 450 457 468 477 479 480 481
-999999 -999999 -999999 -999999 -999999 -999999 -999999 -999999 1119 1247 1159 1073 1007 1007 996 924 -999999 -999999 -999999 -999999 -999999 -999999 -999999 -999999 -999999 -999999 -999999 -999999 -999999 -999999 -999999 -999999 541 -999999 520 525 533 542 549 552 558 565 580 589 592 592 587 570 546 524 513 506 500 501 506 503 485 459 438 426 420 415 408 403 401 405 412 419 425 429 433 434 442 456 471 483 485 485 483
-999999 -999999 -999999 -999999 -999999 -999999 -999999 1035 1187 1237 1184 1130 1081 1054 973 -999999 -999999 -999999 -999999 -999999 -999999 -999999 -999999 -999999 -999999 -999999 -999999 -999999 -999999 -999999 -999999 -999999 536 531 535 542 548 554 559 564 572 581 589 592 590 585 574 558 543 531 523 517 515 516 514 503 485 466 451 441 434 427 423 423 427 432 438 441 444 445 446 448 456 468 480 489 491 489 486
-999999 -999999 -999999 -999999 -999999 -999999 -999999 1102 1195 1228 1221 1185 1126 1062 978 -999999 -999999 -999999 -999999 -999999 -999999 -999999 -999999 -999999 -999999 -999999 -999999 -999999 -999999 -999999 533 536 542 544 549 556 562 568 574 580 587 594 597 597 592 584 574 563 553 544 538 533 530 528 523 514 504 493 484 476 468 461 460 464 469 473 474 474 472 471 470 471 475 481 488 493 495 492 489
-999999 -999999 -999999 -999999 -999999 -999999 -999999 1200 1231 1260 1267 1231 1177 1106 1002 -999999 -999999 -999999 -999999 -999999 -999999 -999999 -999999 -999999 -999999 -999999 -999999 -999999 -999999 541 542 545 548 552 558 564 571 578 585 590 596 599 601 598 591 583 573 565 557 550 544 538 533 528 523 519 515 510 505 499 493 490 491 494 498 500 498 494 490 487 486 486 487 490 493 496 497 495 492
-999999 -999999 -999999 -999999 -999999 -999999 -999999 1297 1316 1325 1338 1318 1276 1183 1030 -999999 -999999 -999999 -999999 -999999 -999999 -999999 -999999 -999999 -999999 -999999 -999999 -999999 543 545 548 551 555 560 566 572 580 589 598 604 607 609 608 605 598 588 579 571 564 557 551 542 532 523 517 516 518 521 522 523 523 523 524 526 527 526 522 516 508 502 499 497 495 495 496 497 498 498 496
