---
Cu Potential [m] Valid 1300 NZST ~Z75~(0100Z)~Z~ SUN 4 Jan 2026 ~Z75~[25hrFcst@2100z]~Z~
Model= RASP Region= NZ Grid= d2 Reskm= 2.0 Indexs= 1 69 1 69 Proj= lambert 2000 2000 -35.0000 -42.0000 176.0000 -37.7968 175.7263
Day= 2026 1 4 SUN ValidLST= 1300 NZST ValidZ= 100 Fcst= 25.0 Init= 22 Param= zsfclcldif Unit= m Mult= 1 Min= -1304 Max= 798
208 230 240 237 245 341 361 377 375 283 225 -246 -459 -393 -351 -247 -121 120 210 252 72 -321 -367 -368 -278 -164 -94 77 197 235 238 231 229 222 249 291 355 362 375 367 357 328 333 349 381 371 361 346 302 271 267 265 271 279 286 298 324 310 313 301 278 275 282 289 284 277 280 292 234
234 272 288 273 298 385 375 399 439 552 291 -349 -371 -290 -192 -61 70 165 240 177 -169 -381 -408 -401 -316 -88 35 232 288 389 302 241 212 198 229 297 367 368 386 399 401 378 374 381 394 383 369 344 304 284 284 290 289 291 289 300 321 307 305 310 311 317 323 317 303 285 277 282 239
210 261 281 298 328 383 409 430 516 328 -488 -523 -333 -227 -219 -208 -158 -134 -152 -273 -350 -380 -398 -390 -324 -34 134 230 394 379 298 241 216 209 260 320 341 380 405 429 438 429 420 411 403 387 368 345 313 302 302 309 299 297 286 291 295 297 300 311 318 322 326 325 310 290 274 271 253
177 216 244 267 303 392 450 542 527 -452 -603 -539 -472 -368 -148 -231 -286 -374 -454 -434 -386 -352 -362 -351 -164 92 144 222 421 375 311 269 257 276 325 351 370 400 429 454 468 469 455 425 387 371 351 332 329 327 323 323 310 306 281 277 277 290 293 306 315 323 328 329 316 293 271 262 258
82 180 214 245 287 401 478 544 290 -473 -451 -453 -470 -316 -272 -242 -386 -409 -479 -449 -533 -81 -380 -348 -207 -11 344 447 439 381 346 323 309 314 327 351 398 431 448 472 495 499 485 443 385 350 333 334 341 343 347 342 330 311 287 270 276 284 293 298 305 318 330 336 320 293 268 256 252
40 92 190 240 291 450 501 315 -322 -496 -481 -228 -391 -313 -251 -319 -434 -461 -479 -522 -543 -249 -452 -444 -444 -196 245 315 377 369 373 344 324 320 340 407 463 453 485 516 512 508 481 407 368 336 327 336 350 364 372 353 330 306 287 270 280 289 281 288 301 323 342 338 315 291 265 253 250
31 75 124 246 394 447 191 -513 -525 -415 -466 -513 -457 -383 -329 -360 -375 -464 -510 -551 -518 -542 -281 -547 -540 -559 406 422 419 400 368 347 327 346 399 454 463 490 523 518 517 507 473 390 371 335 339 363 393 388 362 349 328 314 297 318 326 300 276 290 312 351 349 324 315 287 264 262 243
4 76 103 254 282 393 -457 -490 -327 -309 -464 -455 -523 -364 -414 -436 -425 -469 -513 -585 -579 -578 -362 -558 -624 -591 310 461 451 424 404 367 354 406 458 473 508 547 490 483 508 487 456 389 363 340 379 408 413 380 361 344 343 343 367 376 344 298 284 296 312 333 332 334 320 295 264 255 248
9 50 94 249 270 -190 -406 -228 -269 -273 -341 -256 -393 -601 -599 -593 -607 -566 -560 -303 -470 -663 -119 -561 -707 272 420 419 467 461 442 384 373 443 484 499 559 482 379 439 476 482 464 428 406 402 419 420 396 368 352 363 361 365 429 400 348 326 344 332 335 352 354 329 186 292 268 262 256
49 61 101 248 429 -373 -299 -165 -179 -220 -334 -371 -319 -335 -445 -460 -744 -655 -619 -80 259 -711 84 -660 -701 297 390 406 461 453 422 373 394 535 565 594 598 378 384 408 448 477 477 457 460 464 418 395 374 368 365 380 394 393 468 426 374 388 383 333 336 332 320 283 271 278 281 277 272
70 82 123 255 492 -344 -228 -214 -208 -186 -211 -354 -334 -24 -151 -484 -431 -515 -691 -595 190 -236 -353 -893 126 227 305 458 416 434 409 387 448 593 573 624 470 395 364 424 475 501 498 476 501 488 401 382 379 387 398 415 416 426 469 432 411 434 383 335 357 327 284 252 203 279 270 281 292
93 109 178 294 477 -341 -217 -168 -153 -244 -279 -255 -294 -27 -106 -471 -593 -621 -659 -663 -167 188 -609 -780 288 105 258 410 438 431 403 408 554 614 583 602 363 413 466 466 481 508 477 469 503 490 421 384 379 398 422 430 429 425 432 434 419 406 396 349 349 304 267 157 158 246 303 304 307
152 186 272 336 303 -232 -296 -139 -180 -189 -316 -413 -266 31 -49 -415 -605 -617 -635 -674 -421 -321 -606 -784 266 100 233 443 458 413 457 529 583 584 588 474 442 446 448 463 518 491 438 438 434 467 470 435 425 423 435 407 405 394 444 440 395 357 385 396 367 307 243 12 95 190 325 339 315
183 231 293 331 320 274 246 -338 -292 -298 -453 -530 -156 25 51 -230 -640 -662 -610 -594 -615 -742 -787 -814 -519 200 215 243 448 493 490 188 567 563 551 263 415 432 423 468 522 437 361 415 475 462 455 475 478 452 369 350 409 478 398 383 381 344 374 434 330 -205 -133 -97 186 259 313 339 320
146 189 230 293 300 277 119 44 -619 -593 -645 -637 -107 -114 -95 -268 -629 -692 -579 -688 -731 -716 -736 -754 -764 -547 193 220 503 466 -274 -384 614 510 402 383 383 410 411 476 510 451 459 469 456 448 333 334 399 402 357 389 502 510 421 378 200 231 381 385 228 132 102 144 236 278 335 352 322
87 123 146 163 140 131 101 -11 -474 -622 -653 -243 -118 -372 -359 -619 -694 -660 -535 -689 -665 -613 -458 -321 -456 -615 181 287 499 296 -865 439 556 472 421 386 371 368 396 541 464 489 566 505 500 513 464 232 236 277 392 305 281 408 299 373 186 248 367 326 158 132 121 -47 158 285 347 346 323
21 74 132 156 141 147 -2 2 -238 -607 -299 -308 -359 -584 -517 -670 -674 -483 -633 -693 -606 -548 -587 -334 -292 281 472 435 443 298 333 619 486 450 459 428 401 402 492 504 349 515 388 544 328 429 156 149 161 244 319 338 433 414 340 250 306 -593 -185 5 170 143 171 187 163 308 348 341 318
-23 34 84 119 130 278 23 63 -395 -702 -664 -609 -459 -541 -329 -708 -670 -449 -667 -652 -576 -560 -990 -583 -516 378 308 409 414 401 520 471 215 369 369 453 466 543 283 226 426 291 297 196 -180 -2 124 172 210 249 189 160 107 43 -243 -398 -567 -431 -271 29 240 162 181 219 256 321 351 331 313
-55 10 84 165 249 326 332 103 -381 -698 -729 -668 -603 -506 -641 -684 -620 -563 -606 -547 -429 -639 -1004 -682 -658 406 245 328 369 416 556 177 -320 258 67 457 481 174 206 178 340 455 137 192 69 103 239 282 363 196 22 -249 -226 -139 -24 -534 -426 -400 -233 -7 138 215 263 287 305 332 345 334 303
-76 16 104 200 314 334 424 371 100 -478 -628 -660 -605 -545 -568 -554 -569 -617 -655 24 -639 -585 -887 -652 -626 378 277 385 366 407 559 449 -23 183 123 479 113 139 459 537 575 264 197 198 190 246 430 429 357 308 298 170 150 175 0 -435 -313 -352 -135 2 111 278 299 327 360 349 342 328 287
-58 5 110 232 364 368 435 433 378 33 -258 -477 -562 -519 -453 -446 -586 -651 -637 44 -647 -561 -794 -427 -460 450 300 352 495 470 439 570 445 299 300 401 123 -97 -108 208 308 367 188 293 289 151 268 429 318 327 297 286 230 231 192 46 -346 -282 -231 -65 51 267 387 435 302 293 295 294 270
-30 8 107 233 406 414 449 342 -221 -317 -473 -338 -531 -585 -435 -433 -571 -668 -329 -239 -922 -772 -865 -736 -580 352 401 416 518 449 323 372 459 371 413 464 237 -475 -701 15 316 297 391 372 281 86 161 326 332 320 307 284 282 273 244 213 56 -252 108 142 221 235 317 276 238 255 267 288 245
-4 50 125 264 397 472 458 -12 -127 -247 -416 -384 -371 -463 -341 -393 -541 99 115 -209 -799 -724 -587 -764 -724 222 326 343 444 394 306 311 478 463 460 526 504 234 -563 -890 -604 -482 -249 422 382 227 99 238 351 308 306 299 292 277 248 211 103 90 159 216 294 321 414 349 283 292 300 280 233
56 92 164 300 407 569 466 227 -369 -424 -475 -397 -262 -260 -344 -453 -477 130 -98 -335 -774 -758 -662 -801 -720 269 -442 -663 359 383 306 339 492 449 423 461 391 388 -706 -671 -667 -671 -658 -606 -231 212 196 236 328 311 293 331 307 283 246 197 150 178 291 288 323 335 368 266 259 272 293 273 229
94 247 315 426 334 549 510 164 -14 -600 -365 -212 -211 -307 -400 -524 -390 197 -309 -445 -724 -715 -619 -797 -397 -129 -958 -1111 257 435 299 381 488 509 425 473 376 459 583 -707 -405 -549 -501 -455 -387 214 290 329 327 350 327 366 326 283 236 212 218 322 385 340 378 355 263 221 257 261 287 275 237
206 396 402 429 355 372 195 -59 -226 -430 -263 22 77 15 -461 -584 -483 -64 -45 -4 -397 -532 -507 -129 -271 128 -981 -1304 329 439 356 471 397 176 298 455 461 464 490 -338 -542 -509 -400 -355 -280 253 353 318 296 303 336 367 314 268 247 256 324 443 443 395 393 285 220 231 266 256 275 261 226
103 213 233 217 210 94 49 -80 -299 -386 -100 200 296 364 -344 -621 -369 197 253 362 274 196 297 239 -71 122 -603 -1197 489 481 520 444 -80 -741 237 388 536 -427 -734 -736 -410 -525 -490 -328 -232 -402 228 250 211 258 332 368 302 272 275 320 453 467 463 416 362 255 246 284 270 251 256 237 204
-150 -145 -139 -154 -79 -143 -178 -153 -65 152 156 252 314 372 254 234 336 336 297 269 269 316 375 312 259 144 -730 -268 418 503 531 327 -89 -513 220 325 488 -848 -786 -832 -544 -500 -493 -333 -249 -415 148 197 215 283 308 363 332 309 327 432 493 476 449 394 315 266 293 301 255 244 231 203 174
-182 -132 -140 -199 -261 -359 -449 -355 -214 108 175 237 279 408 568 438 422 415 353 328 320 373 393 496 256 34 -475 380 325 469 456 150 172 199 216 453 428 -828 -846 -456 -595 -468 -549 -427 -382 -490 234 284 264 269 305 352 352 348 413 501 484 478 429 354 276 291 304 278 259 232 201 173 156
-170 -150 -175 -231 -255 -374 -517 -605 -336 -89 109 217 266 576 542 462 444 409 383 365 358 362 388 383 363 105 58 365 285 483 399 221 186 272 348 497 443 -776 -833 -808 -734 -617 -539 -445 -436 -442 479 350 258 389 370 384 379 432 511 507 409 460 398 312 294 333 302 255 263 221 177 151 144
-148 -162 -213 -256 -266 -385 -508 -594 -388 -122 134 122 388 581 491 466 450 406 376 383 403 390 373 365 415 370 277 346 334 486 411 346 314 412 452 451 450 -111 -814 -653 -634 -627 -513 -427 -475 -132 235 263 436 444 485 455 465 520 557 513 449 406 350 340 338 332 284 260 279 199 145 125 134
-175 -191 -216 -258 -331 -429 -487 -585 -614 -208 3 143 491 500 418 425 426 419 412 421 401 359 353 412 443 197 223 337 405 489 479 428 404 406 408 405 441 359 -734 -838 -744 -535 -433 -506 -79 -118 253 277 439 481 392 435 482 527 533 465 431 396 354 329 304 308 286 293 241 195 146 130 145
-181 -174 -213 -249 -344 -479 -523 -627 -665 -313 159 420 526 474 452 456 448 419 414 388 373 397 421 391 362 283 331 422 470 471 469 476 439 443 358 390 387 382 419 -370 -620 -427 -233 19 171 249 252 308 414 415 445 453 468 481 483 360 395 394 376 303 317 315 310 294 210 205 172 158 172
-251 4 -49 -320 -428 -491 -617 -663 -656 -393 365 413 419 361 351 350 369 394 381 390 396 368 387 429 402 403 452 423 287 435 423 403 387 395 381 394 293 423 366 158 -406 -409 -105 110 237 327 369 385 437 472 485 500 484 439 427 401 402 384 378 331 325 307 304 273 226 224 207 208 217
-304 193 112 -357 -403 -647 -593 -617 -658 252 385 422 366 207 183 202 239 361 385 370 362 416 416 364 246 138 242 374 354 401 391 381 389 408 410 401 275 419 462 456 -43 -253 43 123 235 425 326 296 277 331 388 415 431 446 475 490 425 344 333 332 299 311 303 289 251 242 235 223 224
-204 268 229 -361 -668 -550 -517 -470 255 305 413 377 347 190 183 238 351 356 345 391 451 472 427 380 343 281 313 386 392 364 355 361 383 394 393 390 404 434 470 418 154 -204 59 102 85 346 284 264 234 232 290 324 401 474 486 467 352 308 343 399 364 330 269 256 267 232 223 207 67
-4 280 192 -129 -457 -284 294 285 340 400 403 403 414 261 205 338 315 382 412 472 500 475 470 425 362 310 350 377 371 355 357 375 392 393 386 380 391 423 456 400 171 160 129 155 138 244 265 301 296 319 344 386 449 447 415 347 320 307 311 341 327 323 344 366 280 234 53 -710 -714
168 263 198 158 599 269 300 339 358 373 389 401 408 395 335 355 398 437 450 442 446 444 422 407 385 368 366 371 364 358 363 376 370 349 337 338 366 418 270 124 792 375 247 275 325 394 322 314 293 306 314 335 363 382 381 332 274 232 257 409 427 386 331 -730 -715 -722 -722 -712 -707
233 263 256 286 406 273 325 295 319 349 366 386 391 396 393 415 420 419 433 442 431 418 407 390 380 367 338 326 335 350 364 369 358 334 310 309 348 391 377 409 798 240 328 310 364 393 421 435 423 419 391 338 215 287 340 242 207 243 297 276 -436 -662 -684 -695 -681 -687 -676 -674 -674
367 372 310 382 367 354 346 326 322 333 357 400 405 410 393 394 415 436 430 423 420 406 386 373 370 374 350 333 334 337 333 332 319 288 263 279 349 412 297 256 450 386 353 310 286 300 279 276 299 239 201 163 -20 -785 -753 -577 194 186 -124 -496 -695 -670 -695 -664 -689 -672 -672 -672 -674
385 367 382 374 374 359 333 310 302 331 380 397 389 375 362 374 400 403 402 405 404 398 380 358 345 336 310 280 265 264 276 299 313 297 279 309 372 379 231 444 380 327 290 274 261 240 109 -62 -66 -182 -390 187 -19 -329 54 -574 -220 -547 -683 -699 -700 -687 -670 -671 -671 -670 -668 -665 -662
370 387 381 379 337 330 318 313 167 180 342 361 320 311 283 300 342 370 372 369 358 339 319 294 274 272 283 269 261 248 249 244 238 246 278 327 358 325 326 226 212 208 167 126 30 -3 -126 -495 -434 -447 -668 130 5 -124 -318 -484 -684 -694 -713 -702 -698 -675 -674 -670 -666 -662 -657 -650 -642
363 372 365 351 330 330 336 343 326 299 299 297 258 252 247 274 323 351 349 332 316 306 293 276 236 118 212 202 171 170 170 191 242 293 325 340 307 295 342 320 122 88 7 -37 -197 -387 -379 -789 -759 -556 -632 -663 -733 -640 -430 -618 -694 -697 -696 -701 -678 -678 -670 -663 -654 -645 -638 -634 -627
374 347 328 309 263 298 295 296 275 240 238 253 251 261 258 257 251 258 253 244 235 233 232 225 210 196 178 184 196 217 227 238 237 255 282 296 289 291 365 213 79 39 3 -45 -299 -884 -780 -682 -519 -471 -672 -688 -692 -674 -684 -690 -691 -679 -681 -675 -675 -669 -659 -646 -632 -628 -625 -620 -611
357 328 305 292 296 285 271 257 240 232 229 230 230 225 224 231 227 224 223 223 222 210 205 199 189 188 186 191 198 193 183 191 224 270 293 310 285 329 279 153 54 -6 -41 -132 -316 -884 -789 -442 -337 -493 -634 -654 -698 -707 -696 -691 -678 -677 -671 -664 -664 -656 -636 -628 -621 -615 -612 -605 -590
329 306 283 246 190 182 182 184 170 141 133 120 172 202 213 215 217 220 213 207 200 198 195 192 190 177 167 155 154 160 180 198 211 191 159 171 214 262 172 92 -5 -64 -118 -337 -926 -845 -746 -512 119 -106 -203 -667 -699 -702 -685 -680 -672 -668 -658 -649 -647 -633 -623 -614 -608 -603 -599 -587 -568
286 267 246 219 223 229 199 161 164 148 150 169 160 193 184 187 192 185 186 182 203 215 190 161 159 159 147 141 141 153 179 206 208 152 -15 5 207 380 197 136 36 -45 -107 -303 -935 -838 -769 -809 -129 -215 -633 -655 -696 -691 -688 -674 -667 -650 -635 -629 -628 -620 -610 -600 -595 -589 -581 -566 -544
233 215 195 170 179 75 -21 -492 105 52 111 89 78 117 149 171 157 178 183 239 289 254 203 164 164 177 154 154 154 180 207 215 168 97 4 188 393 388 147 126 14 -120 -234 -750 -870 -847 -825 -790 -486 -486 -599 -653 -684 -692 -673 -670 -657 -632 -626 -619 -615 -607 -596 -585 -578 -568 -559 -541 -508
172 155 128 84 10 -90 -681 111 137 122 137 129 179 160 159 122 171 182 262 320 288 244 184 154 168 179 161 180 184 211 213 183 156 48 184 364 369 357 241 140 21 -99 -255 -729 -596 -912 -845 -61 -550 -459 -589 -639 -674 -684 -669 -663 -641 -624 -617 -609 -602 -591 -576 -563 -558 -548 -533 -503 -453
128 106 78 25 -59 -15 88 105 13 -8 -485 194 85 43 -490 153 144 232 320 246 219 210 180 172 192 202 187 209 205 222 211 190 164 228 452 557 304 284 197 95 -17 -114 -140 -211 -593 -603 -878 -98 -601 -454 -551 -626 -658 -675 -664 -655 -629 -616 -608 -598 -585 -566 -555 -546 -539 -525 -496 -454 -386
96 68 43 17 44 151 121 45 9 58 66 130 29 36 50 200 183 338 264 162 204 199 177 172 182 203 188 207 199 226 233 232 210 294 385 652 374 249 167 74 -24 -68 -23 -128 -832 -751 11 -593 -534 -390 -515 -604 -649 -664 -661 -650 -623 -607 -597 -582 -561 -548 -538 -529 -515 -491 -451 -394 -324
77 38 3 -107 162 39 -49 -927 89 57 110 73 13 138 169 280 357 440 193 212 243 208 185 196 192 203 196 206 199 223 219 253 246 297 664 509 337 222 129 65 7 -7 -41 -556 -877 -619 -308 -509 -441 -367 -457 -590 -637 -657 -660 -650 -619 -598 -578 -559 -542 -530 -520 -503 -474 -443 -390 -330 -263
67 24 -20 -230 -260 -25 -113 -13 162 122 82 -450 134 217 268 358 433 365 256 267 240 286 244 227 208 223 228 242 237 267 290 341 374 467 369 270 279 183 84 65 52 11 -126 -569 -438 -350 -264 -407 -365 -311 -386 -571 -624 -651 -660 -652 -618 -586 -553 -537 -521 -509 -492 -460 -426 -383 -328 -268 -225
70 31 -18 -325 -748 -302 87 191 166 55 -981 -714 -292 316 350 379 367 309 343 299 381 372 269 214 218 258 270 285 280 318 357 363 400 326 145 274 228 148 56 38 49 -16 -108 -242 -542 -486 -545 -317 -335 -263 -313 -547 -607 -644 -658 -653 -616 -569 -530 -513 -495 -473 -446 -409 -362 -321 -266 -225 -198
85 53 21 -26 -95 93 148 7 -937 -907 -944 -691 110 387 343 378 369 328 433 473 388 295 205 211 255 291 294 301 302 342 293 378 429 168 114 98 101 57 25 30 39 -18 -74 -121 -174 -679 -645 -597 -303 -232 -238 -520 -581 -634 -653 -649 -610 -551 -507 -484 -460 -430 -388 -340 -302 -260 -222 -196 -177
98 69 49 46 8 -120 88 -58 -190 -923 -730 -712 257 363 299 384 340 361 413 395 295 188 189 239 280 285 272 271 288 342 339 305 241 193 80 19 -65 29 16 34 32 -19 -42 -89 -345 -728 -639 -545 -264 -189 -226 -504 -569 -624 -646 -642 -602 -533 -478 -452 -421 -367 -321 -282 -241 -216 -193 -174 -163
113 85 73 83 72 73 13 -76 -98 -250 -222 -311 257 396 349 298 535 387 335 280 204 172 207 262 264 237 210 213 252 316 318 249 191 147 64 31 15 37 13 -82 51 24 -3 -90 -353 -719 -632 -495 -188 -140 -225 -489 -556 -610 -635 -631 -591 -512 -445 -412 -361 -307 -263 -227 -204 -186 -171 -160 -155
129 101 89 103 115 64 -15 -41 -34 -86 -26 -4 299 387 375 456 552 437 336 252 194 202 274 281 234 196 171 191 230 267 242 175 150 128 48 53 54 57 5 -55 83 48 -48 -274 -328 -688 -627 -411 -147 -105 -227 -472 -542 -594 -623 -622 -579 -481 -404 -353 -307 -251 -218 -194 -176 -165 -155 -150 -152
134 106 101 107 99 41 -4 1 6 -3 55 115 321 391 292 447 300 362 285 230 212 279 329 267 231 204 186 202 226 264 236 48 144 128 81 88 95 82 52 69 85 21 -105 -320 -285 -659 -613 -369 -120 -98 -228 -455 -526 -573 -611 -607 -558 -440 -351 -300 -253 -213 -190 -171 -157 -149 -144 -143 -149
139 116 107 47 120 66 52 72 48 41 147 227 369 415 322 498 445 317 251 222 272 348 322 268 251 235 224 232 242 299 271 171 180 171 161 162 131 127 115 108 55 -45 -143 -324 -259 -630 -575 -339 -97 -95 -231 -440 -503 -561 -597 -594 -544 -398 -297 -249 -216 -189 -171 -156 -144 -138 -135 -138 -147
147 133 125 116 115 78 114 130 107 122 232 276 430 335 509 463 389 365 251 259 327 349 291 258 250 241 240 244 260 340 304 260 274 264 263 200 193 156 122 81 4 -63 -147 -329 -227 -612 -510 -295 -79 -98 -242 -422 -484 -552 -588 -584 -494 -321 -259 -216 -195 -171 -157 -145 -135 -131 -130 -135 -146
177 157 147 134 133 166 148 142 139 193 293 386 425 316 502 460 376 335 276 325 343 310 283 282 263 247 272 306 339 359 351 353 395 325 322 263 186 110 77 44 -26 -93 -287 -330 -278 -592 -461 -306 -63 -107 -256 -406 -477 -550 -577 -568 -475 -331 -216 -198 -180 -159 -146 -136 -128 -125 -125 -131 -141
243 193 175 159 160 184 170 169 191 256 365 425 376 301 458 470 376 338 323 384 375 325 305 314 305 293 303 325 332 356 383 438 508 410 352 230 133 68 48 30 -29 -110 -355 -283 -400 -583 -419 -332 -47 -133 -270 -398 -475 -546 -567 -552 -325 -136 -205 -185 -168 -147 -136 -127 -122 -120 -120 -126 -136
312 281 228 195 203 216 198 204 236 278 420 436 422 359 509 467 387 351 356 407 399 379 395 368 319 333 370 369 356 372 383 442 482 343 306 159 90 59 28 -1 -75 -314 -362 -502 -486 -554 -411 -326 -32 -149 -289 -392 -475 -544 -561 -529 -257 -168 -198 -174 -156 -138 -127 -120 -115 -113 -114 -119 -128
344 302 255 223 222 211 216 242 279 343 425 286 258 387 472 487 454 427 418 430 340 280 331 411 327 237 212 201 363 402 447 418 395 308 232 119 71 45 -4 -43 -119 -416 -330 -546 -507 -509 -379 -52 -31 -189 -282 -389 -490 -548 -557 -429 -230 -196 -196 -161 -149 -128 -119 -111 -108 -107 -109 -114 -122
362 324 281 249 246 247 257 272 301 359 384 349 323 321 452 400 367 359 387 419 406 371 337 333 298 261 231 202 193 397 425 248 369 262 156 88 50 10 -34 -74 -113 -315 -291 -526 -492 -372 -271 -59 -66 -190 -320 -434 -492 -529 -520 -347 -226 -195 -176 -151 -140 -124 -115 -107 -103 -103 -105 -111 -118
360 326 295 276 271 272 276 287 313 363 394 394 407 394 352 219 164 22 99 185 233 286 333 344 313 270 235 220 222 222 225 312 297 147 88 40 21 -23 -72 -153 -174 -334 -409 -470 -434 -199 -129 -92 -121 -195 -364 -451 -483 -494 -462 -315 -221 -186 -162 -144 -133 -121 -113 -104 -100 -101 -104 -109 -115
360 336 322 309 301 306 301 314 339 377 405 415 421 396 304 155 -263 -270 -161 -143 81 190 294 304 312 262 243 246 250 270 288 327 215 89 53 29 16 -21 -78 -167 -324 -375 -389 -428 -362 -118 -85 -113 -151 -231 -379 -451 -470 -468 -405 -277 -211 -179 -155 -140 -128 -119 -111 -104 -101 -102 -105 -110 -115
360 342 328 336 336 346 340 351 369 388 412 414 404 364 257 -84 -469 -495 -578 -695 -370 -911 202 261 232 213 203 230 249 268 267 206 111 64 47 30 28 -7 -57 -175 -273 -279 -337 -378 -144 -89 -83 -132 -188 -286 -379 -438 -451 -441 -356 -243 -199 -172 -151 -135 -126 -117 -111 -105 -104 -105 -108 -111 -116
