---
MSL Height of maxmin Wbl [m] Valid 1100 NZST ~Z75~(2300Z)~Z~ SUN 4 Jan 2026 ~Z75~[23hrFcst@2100z]~Z~
Model= RASP Region= NZ Grid= d2 Reskm= 2.0 Indexs= 1 69 1 69 Proj= lambert 2000 2000 -35.0000 -42.0000 176.0000 -37.7968 175.7263
Day= 2026 1 4 SUN ValidLST= 1100 NZST ValidZ= 2300 Fcst= 23.0 Init= 22 Param= zwblmaxmin Unit= m Mult= 1 Min= 20 Max= 2004
1502 974 1121 1119 1104 1085 1056 1036 1024 1020 1413 1665 781 934 1106 1129 1159 1193 1083 1657 1489 1553 1425 1442 1443 1300 666 616 532 478 428 1338 1126 1097 936 937 543 453 543 1057 1083 1229 450 750 942 1040 1027 1176 1179 1183 418 463 455 478 668 1145 1290 1452 502 479 445 431 432 477 500 528 562 1177 1320
1506 853 982 980 1112 1089 1233 1031 1013 1185 1398 1649 654 789 1715 1110 1139 1173 1210 1260 1316 1553 1597 1615 1614 1443 666 577 518 462 413 369 1116 1091 1080 1082 708 368 542 929 1233 1409 1409 1616 550 911 1020 1020 1020 1168 1181 1197 1216 462 551 567 1135 1452 1452 493 466 454 1227 1089 478 528 482 573 1311
1292 1514 982 1127 1112 1089 1053 1025 1004 1625 1623 723 637 1678 1697 1087 1113 1145 1182 1407 1291 1533 1580 1601 1601 1285 652 562 504 448 401 1316 1113 1092 1085 1088 1278 345 447 931 1233 1416 1420 1628 480 527 696 895 1020 1168 1181 1197 1207 447 493 590 790 1271 1451 1445 486 477 504 587 985 565 475 597 1300
1100 1117 1503 1116 1109 1084 1225 1196 1173 1159 1156 986 1642 1421 1438 1060 1081 1110 1528 1366 1249 1493 1541 1570 1573 2004 1745 541 487 435 389 1134 1113 1099 1271 1488 970 994 457 495 1233 1250 1260 1433 497 466 483 571 1035 1034 1184 1197 1207 1210 470 516 530 647 1441 1446 1444 499 526 603 794 565 1136 583 1143
1094 1112 1112 1499 1107 1258 1044 864 1379 407 965 1151 1173 1189 1416 1663 1053 1255 1108 1538 1206 1654 1700 1731 1534 1217 1065 584 501 455 383 1133 1113 1109 1109 364 987 1009 1181 459 521 776 1437 601 481 1234 442 460 592 425 1202 1206 1061 1062 430 662 479 475 521 1132 1140 516 541 665 1440 1267 1128 1133 1137
1094 394 1113 1500 1494 1077 1046 856 974 957 1133 1355 833 994 1394 863 1206 1434 1066 1279 1009 1398 1651 1677 1475 563 1913 607 459 395 1338 1307 1111 1288 975 990 1011 1178 580 1208 445 491 481 1120 1266 1252 1241 461 493 492 521 1074 940 438 1061 1206 440 494 790 1013 1474 700 748 1441 1265 1262 1122 614 1137
1487 971 1119 1507 1286 794 1424 1628 685 1585 1339 1344 812 821 1159 847 1012 1650 643 909 1485 1328 1583 1400 1409 700 545 1102 452 414 378 1133 965 1296 864 1010 631 400 1064 1209 1216 1228 443 1111 1442 1274 1275 510 820 681 528 479 489 426 942 936 1067 496 813 1490 621 544 497 451 1430 1111 1117 1129 1014
330 985 1132 1308 1503 1698 870 1157 569 558 1573 1568 1844 948 1592 825 1172 1642 882 762 907 1984 1316 1558 1574 1063 1203 730 1082 428 392 382 827 646 1159 1347 414 1065 1065 1201 488 435 961 980 492 1282 1475 625 676 560 1282 1306 529 861 1068 1074 1225 637 543 579 1332 560 639 882 1250 978 1116 1129 1016
349 1150 1150 1323 1127 1478 1048 1393 1601 1598 1850 767 910 1553 1101 781 1140 1646 1061 773 879 759 1261 748 1027 1043 1158 771 836 691 493 359 943 1119 409 1026 1040 419 1198 1186 1183 580 739 567 776 902 1051 1093 631 542 996 951 599 797 1073 1241 1234 1237 1119 517 581 734 761 487 971 1105 1119 1007 1145
1011 460 424 1552 1319 1500 1264 884 827 1610 1590 1092 745 1080 751 1302 1121 1910 1234 768 870 1002 544 697 350 585 433 1110 1179 450 428 1139 809 1114 1152 886 898 907 906 694 1021 1181 1200 435 860 823 565 602 1562 587 533 963 905 736 1091 1252 1082 1083 517 805 562 528 550 970 968 508 1123 1012 1146
1018 1183 1184 1557 1323 1496 1692 1409 1159 1610 955 1305 1082 1088 1305 1315 1855 1626 1192 1647 1013 1169 999 646 271 1060 911 1081 1298 606 1023 1128 1259 1115 1145 1144 875 885 1019 1014 1160 1176 1192 1381 1251 563 957 621 632 673 794 927 821 557 568 982 1067 434 587 1289 832 921 501 959 968 479 540 749 1292
1011 1178 1177 385 1143 1484 752 602 1370 1367 1581 1545 1545 1306 1550 1107 673 1369 1152 1601 1367 983 720 1400 861 1016 278 1061 1254 616 837 947 1075 1101 1120 1115 561 856 1000 1146 1002 1169 1368 506 1116 1165 952 971 625 1166 1178 1043 603 566 575 729 941 1179 502 591 1320 1148 489 1233 1109 454 638 763 556
986 1010 1153 1000 1514 801 1648 1614 683 803 932 755 1538 1296 1536 910 1126 1150 1131 655 660 202 993 1378 830 992 734 1032 488 783 912 1050 915 809 700 937 1089 828 972 976 857 1158 807 835 1110 1169 1070 1077 613 1282 1292 1254 974 1187 1480 1436 426 682 523 573 1298 790 1246 1105 1135 1298 616 779 557
953 980 1128 852 966 1069 876 1377 1591 1572 1102 906 1535 1293 1541 1309 798 971 1339 1320 1833 942 1141 1859 808 830 275 1014 880 888 873 204 904 927 920 919 1076 811 947 954 1115 864 899 806 482 549 1368 602 1124 1277 1284 647 1180 1292 1250 366 1324 468 418 450 474 1102 980 992 1155 1321 634 732 564
673 1268 1277 961 1101 925 1429 850 1596 792 1322 1303 1539 1310 1331 1338 1125 1345 1329 920 922 931 1119 1579 961 983 718 858 1016 1011 719 860 225 902 904 909 1067 265 934 946 1112 982 873 769 495 725 1124 1124 1262 714 1048 912 1027 532 507 465 341 328 977 406 591 871 992 992 1307 1335 1347 744 572
624 1225 1070 1088 1272 1075 202 1000 1135 934 1324 633 1544 1321 1341 1577 1561 1314 1098 1098 1108 1121 1132 818 1612 590 837 998 519 602 990 1188 872 874 887 1045 902 298 925 946 965 342 985 473 506 961 648 1113 1247 663 943 884 990 584 1344 485 383 813 943 441 685 753 994 1129 539 1066 806 806 584
499 1199 1233 1087 1482 1708 1437 1637 1130 1092 639 943 1578 1583 1342 1324 1552 1306 914 1101 1327 1131 973 993 726 721 846 1630 721 837 1164 854 382 1008 399 640 886 762 270 928 1088 392 1140 1029 1423 590 596 1228 1383 1248 1120 563 450 717 940 1249 742 935 934 618 652 641 989 1287 567 1191 1347 879 1322
496 1199 1056 1100 843 1744 1477 885 815 757 915 688 1161 975 1129 1103 1096 1309 1096 1102 937 1135 1157 1190 1668 1669 758 754 861 978 693 986 992 722 616 862 875 218 892 1058 1250 823 999 1056 1262 549 593 1115 1124 1121 633 587 784 1055 1181 873 712 933 607 708 564 693 568 522 622 568 554 557 1306
420 1199 1248 1132 1548 1557 1005 1082 1177 932 763 791 952 941 1099 1088 910 1088 1089 919 937 953 1149 228 1688 1459 1081 302 266 510 811 401 1368 841 178 608 861 867 1027 328 790 816 659 1046 1252 573 598 1564 1571 926 830 790 801 923 863 721 698 801 802 810 633 673 408 468 530 488 504 541 1003
496 1210 1267 1161 1583 1216 1069 1002 441 986 1094 1530 1534 1530 1532 1083 1088 1089 1092 1102 1114 943 961 200 293 1117 1013 408 399 276 134 666 400 983 719 726 517 439 1010 880 660 812 1140 1180 458 562 616 838 651 1010 998 647 533 467 405 332 626 704 708 724 318 656 539 509 424 443 458 468 533
515 1230 1114 1187 1611 1105 1273 1228 770 255 938 1520 1531 1535 1539 909 910 915 1556 1106 932 937 958 1007 402 666 869 1227 550 324 180 943 465 430 743 623 1167 703 838 855 751 313 1112 1150 436 513 596 629 1000 996 1372 1363 538 488 435 809 372 611 778 782 597 1303 1307 343 388 400 412 422 492
635 802 1141 1211 1421 1130 1494 502 747 295 954 400 751 1303 1298 1294 900 908 1309 526 921 925 937 404 629 342 447 552 1468 324 220 794 460 186 547 1389 1359 683 819 174 1411 1054 1088 1148 1406 1300 600 1104 1002 992 1366 1217 1196 513 995 860 862 765 1207 904 773 522 854 307 424 364 370 377 447
657 710 1152 1212 1628 897 1191 1183 442 244 1320 1278 1064 406 497 1281 737 893 1299 628 514 1302 633 645 815 884 1092 410 727 1239 183 944 673 720 1402 1160 1131 1338 676 1370 870 1057 1107 1191 536 1342 991 1111 1111 1100 592 1080 1064 1039 896 867 765 747 801 1009 871 854 845 563 556 330 331 335 340
675 714 1149 1575 944 1234 1429 1095 364 1168 1287 1271 482 881 1281 1284 1283 1285 1296 757 623 512 757 771 826 1022 999 346 423 1169 1142 550 815 845 1173 824 799 1117 1122 1352 843 1035 360 1226 539 584 1220 1218 1095 1362 1357 576 554 506 480 769 729 792 770 993 849 827 292 709 278 932 273 297 300
797 714 1129 1532 775 1005 1308 822 246 941 1274 1270 728 880 887 1285 1284 1289 905 757 625 626 1298 775 188 1214 151 1102 1121 1134 1127 661 176 1166 982 814 1119 1109 1111 1119 1350 282 362 1262 1329 1181 1500 1337 571 601 648 644 614 909 888 855 529 782 872 649 823 799 593 685 785 275 270 243 265
930 714 1284 324 553 528 563 162 129 1294 1271 1272 1272 879 885 1068 1064 1072 906 759 907 1086 1298 764 203 1164 120 352 453 819 1156 1139 1146 1158 967 947 929 1101 927 1111 1122 264 366 523 1080 1030 1457 560 1310 570 599 584 545 901 879 455 724 694 752 830 1074 574 660 657 228 245 240 234 230
928 812 1085 682 781 640 709 127 343 1279 1272 1272 1057 1059 321 1065 1061 1064 747 624 626 1084 1082 339 348 529 640 539 478 853 1187 191 1141 1139 948 932 641 771 927 928 1110 971 970 537 626 528 1429 527 1283 505 563 854 912 887 552 683 644 1014 855 338 905 644 631 259 222 242 237 231 225
920 1072 1062 890 738 707 807 1313 1286 1060 1057 1057 1057 1058 601 1060 1059 1058 1062 891 1077 412 1077 506 501 418 654 469 200 1025 226 190 956 941 930 775 769 768 771 770 1096 813 970 545 1340 687 1423 505 1252 1237 502 718 789 484 881 699 444 868 975 370 890 729 839 980 583 244 958 953 229
1048 900 888 862 837 1354 1342 1316 1069 1057 1057 1057 1056 1057 1057 1057 1057 1056 1056 1059 1062 327 414 622 621 654 191 1153 241 1049 243 199 816 941 923 770 765 759 628 1087 756 804 365 610 749 784 838 934 1062 492 595 615 490 960 466 1242 435 376 335 1079 1032 985 959 673 663 258 780 776 773
1020 1019 862 841 969 575 1354 1119 1074 1055 1056 1057 1057 1056 1056 1057 1056 1056 1056 1056 482 491 508 624 528 235 257 191 340 811 265 200 168 952 928 768 631 622 618 1077 750 204 434 1149 654 384 880 874 882 383 622 646 457 421 491 732 810 1013 332 914 1018 413 938 647 915 517 755 752 621
981 985 984 827 1359 1142 1140 1117 1072 1055 1056 1057 1058 1056 1056 1059 1058 1056 1055 1055 725 730 745 746 167 242 925 245 289 727 971 282 241 953 929 765 629 621 895 1071 757 275 582 1179 427 302 1095 535 422 392 371 393 380 410 501 384 372 350 803 756 989 1128 771 625 744 606 604 603 602
951 959 1356 1359 1146 1142 1136 926 889 877 876 878 878 877 1057 1059 1057 1055 1055 876 875 727 743 766 1132 240 580 1050 1083 838 961 1080 192 796 922 628 627 752 894 1073 145 404 1066 566 424 315 769 882 761 502 917 296 428 402 389 484 330 333 237 720 686 930 622 884 725 589 588 587 588
647 791 804 1146 1150 969 945 913 887 877 876 877 877 876 875 876 876 876 876 876 725 725 136 142 259 669 682 1077 731 486 475 605 813 936 768 752 623 619 742 617 174 459 986 557 406 405 877 1008 613 728 859 242 330 323 347 1025 401 349 214 678 658 628 882 869 581 707 576 576 577
631 650 670 1149 978 972 935 904 886 877 875 876 252 874 870 591 725 876 726 595 724 875 75 217 401 309 730 713 689 201 149 651 779 925 763 748 504 613 887 738 189 498 986 504 397 335 810 877 683 672 684 708 217 356 383 494 1201 377 188 635 622 602 865 708 571 699 569 569 569
624 646 558 975 983 980 938 756 737 727 727 877 875 873 870 872 875 876 596 727 727 879 162 1090 821 765 791 224 146 660 777 778 776 767 755 614 499 609 1062 724 196 570 981 490 423 797 761 755 775 622 640 654 152 415 419 305 352 960 183 733 593 584 854 701 565 844 565 565 565
626 537 561 979 987 840 136 93 735 723 727 731 724 874 876 879 880 597 728 879 883 611 632 665 686 684 112 540 643 765 125 107 774 764 620 502 612 743 1066 716 968 516 970 524 451 702 727 730 632 597 883 96 891 138 187 841 253 630 951 117 711 857 700 566 695 844 694 694 694
638 547 567 981 839 840 805 117 728 717 481 599 592 872 878 886 888 733 730 881 495 619 650 696 168 115 501 619 762 913 630 631 633 625 504 614 745 894 1066 725 987 482 959 517 465 755 588 602 543 618 727 477 722 739 765 132 300 463 937 207 709 704 569 846 1023 844 844 843 694
649 945 963 706 711 839 810 766 730 473 475 590 719 866 874 889 893 737 731 1059 606 617 129 328 570 111 745 746 900 750 510 755 750 612 610 611 742 890 1049 752 329 569 937 447 682 546 665 530 585 647 731 475 717 711 715 487 497 275 895 874 707 571 455 1025 1023 844 844 844 843
124 952 968 707 710 840 820 783 611 476 468 713 718 868 726 737 889 886 882 489 606 742 338 354 654 771 892 884 740 748 752 751 742 734 735 737 736 729 865 819 496 944 469 614 933 249 528 510 476 519 594 305 714 703 566 570 469 865 859 575 571 698 696 1024 845 844 844 844 843
131 145 821 707 599 708 694 797 93 590 578 713 721 873 726 597 393 883 397 490 604 496 497 615 758 752 732 727 498 624 753 742 733 730 600 601 600 584 508 296 806 583 401 592 445 344 180 96 403 481 580 581 862 703 567 361 568 457 567 698 455 846 845 845 844 844 843 843 693
163 684 694 596 598 705 694 815 112 55 709 715 718 870 720 583 187 878 490 487 878 395 493 607 739 733 724 724 603 611 611 602 595 726 596 597 594 467 129 785 804 466 446 508 552 634 266 473 573 461 365 366 21 365 568 571 701 698 566 566 1024 1024 1024 844 844 843 843 694 693
199 576 583 592 705 699 691 823 792 89 705 710 709 862 716 708 705 869 880 879 393 487 489 602 605 731 872 721 593 481 594 722 721 592 594 593 473 319 660 912 508 326 820 645 412 488 719 467 459 362 566 567 287 458 570 850 699 697 454 565 845 845 845 844 844 694 694 694 693
241 577 141 699 829 692 569 685 812 95 38 568 702 708 862 703 847 858 873 878 876 875 723 592 598 877 870 587 588 587 586 587 478 479 479 590 370 626 730 899 394 740 639 488 715 469 371 288 454 454 566 454 567 289 701 697 360 454 453 565 845 845 845 844 844 694 694 694 693
683 688 578 578 578 565 551 561 686 786 63 696 567 705 853 847 846 851 858 865 872 722 719 721 870 867 865 584 715 585 715 717 719 719 588 587 366 631 343 780 335 579 405 377 366 287 285 221 225 289 285 284 168 223 567 453 453 453 565 453 845 845 844 845 695 695 694 694 693
807 680 678 674 802 786 770 439 447 658 110 79 695 698 697 845 697 704 711 717 885 898 893 882 869 860 861 582 582 583 865 717 474 380 379 375 569 664 420 759 262 526 383 575 697 359 283 363 295 369 168 83 220 283 359 453 565 283 565 845 845 695 844 844 695 695 694 694 693
797 554 790 785 650 526 507 400 162 431 795 92 42 565 565 695 695 708 592 487 419 559 148 122 866 857 858 710 709 711 715 472 863 371 846 848 622 825 919 443 190 496 709 699 453 220 283 288 369 365 221 220 220 283 359 453 565 453 359 845 845 695 844 844 695 694 694 694 693
787 446 922 636 518 275 322 246 378 90 539 787 96 58 695 695 695 700 706 475 275 186 265 161 49 702 706 707 576 578 711 860 705 590 644 145 308 539 655 461 203 405 368 167 165 220 283 222 362 846 453 283 220 283 359 565 453 565 283 359 845 844 844 844 694 844 694 694 693
167 767 757 749 406 396 480 475 710 293 106 793 103 583 565 696 453 845 845 31 595 129 191 133 49 569 574 574 574 576 857 707 467 441 770 488 678 648 882 515 293 531 367 287 166 219 283 166 284 695 359 282 220 283 453 565 359 120 453 359 1023 1023 844 844 844 844 694 694 693
128 754 612 733 313 474 470 374 294 700 80 439 771 79 288 854 368 859 27 20 706 67 156 620 579 569 572 572 572 853 704 573 372 287 904 849 836 863 773 956 948 331 248 239 292 284 359 695 360 453 359 282 359 359 453 453 453 565 453 453 1023 1023 1023 844 844 844 843 843 694
95 615 490 480 472 371 704 460 457 456 373 102 620 589 585 732 501 141 181 138 75 467 874 724 702 697 568 848 849 699 569 457 285 683 953 897 936 909 494 367 203 340 617 383 299 363 282 453 283 452 359 165 359 453 453 565 565 565 565 565 453 453 1023 844 844 844 843 843 694
754 740 598 478 469 853 364 362 454 697 698 40 478 489 615 772 491 285 354 212 150 141 133 80 708 845 567 847 698 567 565 458 25 197 794 1090 667 503 531 374 261 183 652 479 362 359 564 453 452 358 452 452 453 564 453 695 565 565 565 565 565 453 453 1023 844 844 843 843 694
753 610 598 478 860 368 848 453 695 455 844 565 369 762 124 456 348 325 756 271 256 233 209 136 874 845 566 698 567 567 566 577 95 244 800 868 343 404 836 870 783 731 172 489 362 372 459 283 358 452 220 452 564 565 565 695 695 565 565 453 565 565 453 359 844 844 843 843 694
753 610 728 719 376 574 455 359 359 360 695 453 723 810 160 643 185 240 542 315 295 274 680 683 870 223 567 698 567 567 580 100 183 718 588 669 734 392 549 685 227 428 810 497 583 488 372 282 358 564 165 452 564 565 695 695 695 695 565 565 565 565 453 453 844 844 843 843 694
755 743 732 723 583 464 363 361 361 696 453 462 766 839 824 119 496 646 546 900 358 705 442 415 851 848 456 567 698 567 589 782 714 772 549 695 689 835 712 190 174 824 681 499 134 468 457 282 452 283 564 453 695 565 695 695 695 695 565 565 565 565 453 283 844 844 843 843 694
96 748 737 597 383 374 370 366 568 454 453 594 455 693 554 806 498 619 446 384 686 538 332 285 847 697 456 567 698 696 231 595 622 677 504 698 680 664 651 926 152 692 679 498 454 283 358 283 283 452 564 453 695 695 695 695 695 565 565 565 565 564 453 453 844 844 843 843 694
915 754 892 731 870 380 377 576 364 361 460 400 527 530 418 259 271 511 653 318 491 534 700 846 284 568 568 698 698 362 697 569 46 281 686 320 243 176 133 933 555 590 166 282 362 452 358 694 359 564 564 564 695 695 695 695 695 565 565 565 565 564 453 844 844 844 843 843 694
922 761 898 735 872 380 713 465 364 364 710 488 396 387 383 141 186 291 585 683 560 480 846 846 847 456 848 848 849 848 566 461 404 266 874 320 764 267 262 197 684 719 386 257 574 452 694 452 564 564 564 564 564 564 565 565 565 565 565 564 564 453 283 844 844 844 843 694 694
930 918 904 737 249 863 467 462 456 364 867 485 236 360 852 609 674 239 826 635 629 367 846 847 698 456 849 849 849 1028 285 848 294 273 877 351 282 734 388 279 233 454 345 797 468 694 452 564 564 564 564 564 453 564 564 844 564 564 564 564 564 453 359 844 844 844 843 694 694
932 771 756 738 723 712 463 457 567 703 396 402 583 571 862 616 565 217 886 674 592 454 847 285 568 456 849 568 849 1028 568 371 656 275 778 415 401 701 1073 394 447 375 869 657 370 452 564 564 564 564 564 564 564 844 844 844 844 844 453 453 453 844 844 844 694 694 694 694 694
929 769 903 885 385 578 459 568 455 865 409 332 485 605 908 650 581 616 825 628 583 852 456 285 456 849 849 456 849 1029 1031 1051 1127 672 394 407 1221 495 1055 670 480 897 699 500 364 455 453 564 564 564 564 564 283 844 844 844 844 844 844 844 844 694 694 694 694 694 694 694 694
918 910 897 880 867 575 849 847 847 475 402 493 603 624 539 660 560 145 651 611 471 854 457 455 849 850 1029 457 1029 1031 1034 1056 139 445 271 341 409 686 539 683 880 706 640 470 364 697 844 452 564 564 453 220 844 844 844 844 844 844 694 844 694 694 694 694 694 694 694 694 694
914 185 897 880 867 857 850 847 849 467 56 599 742 516 432 643 537 641 509 491 377 461 363 362 1029 1029 1030 1029 1029 460 1255 607 535 489 865 292 393 590 404 270 831 656 607 466 455 360 452 564 564 453 359 844 844 844 844 844 694 564 694 694 694 694 694 694 694 694 694 694 694
914 150 1080 1066 389 379 1036 1033 462 470 482 886 750 519 915 534 534 515 493 1053 1040 460 458 458 1030 569 570 569 1248 1256 1269 631 688 878 784 836 369 382 337 258 812 766 485 462 453 359 452 564 453 453 844 844 694 844 844 694 564 844 694 694 564 564 564 564 564 694 694 694 563
1097 157 1090 110 164 150 1046 1042 378 384 489 1071 756 525 648 544 299 507 1057 1045 464 1034 365 1031 1031 1247 1247 1246 1254 1272 624 798 859 922 823 338 1133 350 375 227 788 618 475 363 695 283 452 564 453 359 844 844 844 844 694 564 844 844 564 694 564 564 564 564 564 564 563 563 563
1105 1108 1106 130 121 750 71 65 256 322 500 1080 635 642 643 769 284 745 594 581 854 1034 289 1246 701 570 1250 577 1272 909 803 848 892 808 1107 1107 1095 348 266 177 637 489 708 452 359 452 564 564 453 844 844 844 844 694 694 844 844 694 564 694 564 564 564 564 564 563 563 563 563
1115 1123 225 156 178 139 124 144 179 513 517 634 642 644 640 631 619 604 587 576 571 703 852 851 700 702 860 872 901 792 846 892 928 1491 1295 390 363 285 207 788 616 474 173 165 220 452 564 453 359 844 844 844 694 694 844 844 694 564 694 694 564 564 564 564 563 563 563 563 563
1129 575 214 217 185 176 160 150 144 255 307 251 138 773 763 749 885 53 295 364 849 851 850 850 699 702 715 893 934 835 897 944 963 739 1128 1106 284 236 822 643 605 468 700 282 564 564 564 453 359 844 844 844 694 844 844 694 694 564 564 564 564 564 564 563 452 563 563 563 563
281 827 1166 608 278 206 192 1148 176 174 197 189 791 778 761 610 594 581 572 455 455 362 698 850 699 706 882 919 1144 871 804 974 1513 1303 1127 315 266 216 805 521 488 23 699 564 564 564 564 453 359 844 844 844 694 844 844 844 694 564 564 452 564 564 564 563 563 563 563 452 563
197 217 1166 1186 231 230 220 214 209 235 229 215 808 786 632 606 585 573 569 567 455 455 568 704 710 725 757 952 1001 904 958 858 743 1121 1111 1076 881 836 665 631 488 467 700 452 452 564 564 452 359 844 844 844 844 844 694 694 694 564 564 564 564 564 564 452 452 452 452 452 452
