---
BL Top Uncertainty/Variability (for +1degC) [m] Valid 1200 NZST ~Z75~(0000Z)~Z~ WED 7 Jan 2026 ~Z75~[96hrFcst@2128z]~Z~
Model= RASP Region= NZ Grid= d2 Reskm= 2.0 Indexs= 1 69 1 69 Proj= lambert 2000 2000 -35.0000 -42.0000 176.0000 -37.7968 175.7263
Day= 2026 1 7 WED ValidLST= 1200 NZST ValidZ= 000 Fcst= 96.0 Init= 94 Param= bltopvariab Unit= m Mult= 1 Min= 23 Max= 1722
160 156 152 151 150 154 165 169 164 159 154 150 144 148 150 154 149 139 123 121 123 127 134 137 134 131 134 143 169 198 215 213 216 216 217 218 222 222 218 208 205 211 213 215 196 191 185 176 170 165 162 163 161 158 153 152 155 158 158 159 161 162 165 165 159 156 156 156 157
155 151 145 141 133 131 143 152 157 155 158 160 157 158 159 160 156 148 134 126 124 128 140 144 133 130 137 148 180 201 209 216 215 213 214 214 217 216 214 210 209 214 214 202 177 178 175 170 167 164 162 161 159 157 153 147 147 150 151 156 161 162 164 164 160 157 157 156 155
149 148 145 140 128 129 135 144 157 163 168 170 169 169 168 167 162 157 148 133 129 132 142 140 132 132 140 160 187 196 204 209 205 204 204 204 215 204 204 204 204 205 202 182 165 167 165 161 160 158 156 156 155 155 152 147 150 152 150 151 158 161 162 163 161 159 157 154 154
143 140 146 147 137 128 132 140 160 170 175 179 178 176 173 168 163 161 157 151 138 136 136 132 132 134 142 171 192 190 196 197 192 180 179 176 164 166 179 185 189 188 182 165 148 151 151 151 153 153 152 152 151 150 149 150 154 156 155 153 151 153 154 159 163 162 158 154 153
169 136 137 145 148 127 128 137 160 168 167 170 174 174 171 162 156 153 159 158 146 140 141 140 141 140 145 178 185 176 182 182 158 146 141 139 137 140 147 161 176 181 167 143 133 134 143 144 149 149 149 147 143 138 141 149 158 164 162 154 143 136 143 159 172 165 158 154 153
187 172 137 139 145 142 124 135 163 172 178 163 147 140 140 141 140 138 143 158 161 146 143 145 148 152 159 180 192 178 173 185 182 162 140 136 134 134 136 143 150 158 146 137 126 118 119 125 129 133 139 142 141 141 145 155 165 171 166 158 154 147 140 161 165 164 159 156 153
182 185 180 147 136 156 129 135 165 172 178 169 141 133 132 135 137 138 137 139 156 165 156 158 165 163 166 181 182 169 166 172 160 155 153 167 180 190 187 184 163 183 139 131 117 108 109 114 122 129 131 131 134 134 132 140 159 168 164 151 141 146 146 151 167 164 160 150 149
174 174 183 175 142 158 135 135 160 171 169 152 146 140 135 133 137 142 146 146 143 154 172 169 169 166 172 179 181 187 145 150 171 182 181 171 162 157 150 145 147 138 128 117 110 107 128 154 126 127 130 130 129 136 137 144 158 165 165 160 151 142 140 157 151 155 159 153 151
171 171 172 181 162 150 170 135 150 170 172 144 144 144 144 145 144 148 151 146 146 146 146 176 174 170 185 189 183 188 193 142 161 179 183 179 175 173 162 138 142 136 124 114 108 143 168 178 167 121 128 131 129 142 139 142 159 167 163 161 165 155 158 164 271 206 159 156 158
174 175 174 186 170 152 178 143 147 168 179 148 139 142 154 158 148 145 139 141 142 138 135 163 180 184 198 193 193 185 187 151 154 172 175 177 178 177 164 129 126 122 115 111 160 175 177 174 170 141 112 124 126 141 146 140 150 149 147 154 167 182 183 182 176 171 161 162 165
181 181 181 194 172 154 191 157 158 171 182 155 143 142 152 157 151 143 142 138 129 122 122 131 185 200 199 187 190 182 184 181 154 155 153 167 175 178 182 187 189 191 190 179 182 175 176 174 165 168 153 130 123 133 140 140 157 157 152 149 152 151 159 167 177 167 162 162 165
188 168 190 189 156 185 205 170 173 180 186 157 147 146 152 156 157 150 139 133 129 120 118 127 147 180 191 188 192 191 195 202 166 155 147 158 176 183 185 189 185 177 175 171 173 169 169 167 161 157 166 163 130 127 125 136 154 162 169 167 158 155 163 180 327 224 160 159 162
176 180 177 151 153 198 188 178 181 189 177 153 145 146 153 158 160 150 149 145 145 131 127 131 142 157 186 169 194 193 199 200 169 154 150 171 188 188 179 174 173 168 163 164 163 162 164 161 157 153 156 162 128 127 126 128 160 165 176 172 170 170 160 168 271 206 157 156 162
175 170 153 146 167 181 164 172 183 177 155 150 150 150 151 156 155 148 146 142 149 141 137 140 144 151 161 165 162 160 168 254 179 154 150 169 173 170 170 168 167 166 162 161 156 154 159 150 152 152 153 162 146 129 132 151 168 161 162 163 152 154 164 354 179 158 151 150 160
169 161 136 134 155 136 139 163 161 143 136 146 153 152 147 147 150 148 153 155 149 144 136 135 139 144 144 143 143 152 159 310 192 157 151 152 154 157 162 164 163 163 158 154 155 180 177 165 149 153 155 160 176 142 131 153 181 169 174 176 166 149 148 159 148 147 147 148 157
167 157 151 135 147 152 111 146 131 125 136 149 154 150 142 142 150 156 160 161 156 144 134 132 137 141 136 131 136 147 221 161 170 171 160 150 147 153 163 171 170 162 157 156 167 181 177 168 155 137 148 159 180 175 138 140 182 159 142 224 178 148 136 135 521 148 144 151 154
182 164 163 168 162 181 176 126 184 114 119 132 143 148 147 157 169 169 167 169 163 144 132 132 140 143 139 135 142 150 151 151 156 165 167 160 157 163 172 168 157 158 158 170 187 183 178 173 156 169 143 151 190 191 153 137 160 279 1612 710 262 250 271 150 334 170 142 149 155
181 182 171 177 182 179 176 202 179 184 114 118 125 138 159 172 169 161 158 160 157 144 136 137 143 140 137 138 149 160 157 150 147 152 162 166 163 162 162 155 153 158 170 179 183 180 175 173 163 140 139 140 187 170 158 159 200 1681 1722 1493 338 310 308 191 161 154 145 146 160
179 167 171 177 179 180 202 202 220 223 195 116 123 146 156 152 143 152 155 152 144 138 138 141 157 140 134 146 139 153 157 154 149 150 156 158 153 150 153 153 154 152 169 177 180 177 170 172 170 173 135 133 175 183 166 244 1212 1555 1541 1388 1376 479 334 209 185 169 154 149 154
179 162 149 157 164 179 193 219 218 200 217 123 127 151 152 132 126 148 151 149 143 136 134 136 152 161 165 164 177 148 155 159 155 154 154 153 142 145 151 155 153 146 157 165 171 168 164 172 173 173 142 129 159 192 147 293 1278 1520 1444 1394 1338 393 230 195 178 173 160 150 148
163 152 143 149 158 167 185 209 211 206 222 137 129 141 150 152 155 147 141 136 133 131 131 133 164 161 147 163 163 187 174 183 174 157 139 139 139 144 151 155 169 174 178 178 174 172 175 181 187 185 189 172 128 174 151 128 1403 1385 1429 1318 161 96 280 193 296 593 682 660 504
149 146 140 141 151 153 167 195 223 216 207 158 133 130 136 141 142 137 131 128 126 126 130 134 161 169 147 141 147 158 173 179 189 180 157 160 162 149 151 153 161 176 180 181 179 178 171 167 189 195 192 191 143 140 204 138 135 1307 239 206 199 1470 1578 1092 1107 739 556 454 456
132 134 134 134 146 148 144 191 213 213 202 134 123 125 132 139 143 141 127 121 122 126 133 138 139 163 168 176 182 155 162 129 132 162 164 167 168 156 152 153 200 198 196 190 180 185 181 165 182 194 200 189 166 175 213 188 145 173 190 186 179 178 180 167 442 454 448 431 447
122 125 126 132 145 139 142 233 217 170 209 134 125 130 138 141 134 129 120 116 119 128 136 141 139 161 165 165 164 158 157 169 152 145 148 157 160 153 149 154 201 200 198 182 185 184 178 163 173 192 203 184 177 191 205 186 161 168 181 182 167 187 353 541 567 558 512 468 380
117 121 125 130 141 133 209 290 267 192 146 165 139 143 153 144 130 125 121 117 117 125 135 140 164 165 155 160 161 162 148 150 146 136 133 140 147 145 143 150 194 212 200 196 189 187 182 161 169 188 201 186 170 189 191 187 161 167 174 174 162 765 767 544 494 407 389 328 220
113 119 125 131 134 188 252 315 298 225 115 148 146 151 150 142 132 129 129 123 119 122 129 136 148 158 152 158 162 159 150 139 133 126 124 131 140 141 141 145 190 207 209 206 202 202 190 160 173 187 199 198 162 186 186 177 160 164 170 173 223 369 529 472 321 235 183 174 172
110 122 130 136 168 209 252 303 301 268 225 118 136 137 134 132 133 136 137 130 122 121 125 130 135 142 142 145 150 161 158 137 130 124 122 129 140 144 143 147 186 197 212 197 186 216 196 168 185 194 202 209 166 180 184 169 159 162 167 177 807 391 266 224 200 169 155 147 140
110 128 137 158 191 178 254 276 266 246 240 119 116 119 119 122 131 140 140 132 123 119 120 123 129 133 143 148 159 166 152 138 131 126 125 134 143 148 143 166 188 202 209 198 181 215 205 176 196 203 210 215 174 172 184 161 145 156 158 181 480 255 179 177 143 147 136 128 121
120 140 153 201 189 226 221 258 232 220 224 150 109 110 112 120 132 142 138 131 122 117 117 120 122 141 166 164 165 162 162 136 131 129 133 141 146 146 142 164 179 198 214 197 175 214 214 191 206 204 207 205 177 171 180 181 137 142 148 178 288 209 164 153 145 138 122 113 122
158 163 168 229 204 231 206 240 209 194 205 147 111 111 115 125 138 138 130 126 122 119 125 120 123 164 163 167 166 155 164 155 134 135 141 147 145 143 159 180 185 191 216 206 179 219 216 207 210 202 201 187 169 174 183 179 140 126 132 176 323 221 173 156 143 127 115 115 124
227 232 250 236 234 214 194 231 154 198 194 132 119 119 124 129 131 127 123 127 140 140 145 135 151 160 150 163 161 157 155 171 156 146 147 148 145 162 176 191 187 178 209 204 199 236 224 218 217 201 201 183 160 156 165 179 135 170 122 879 273 208 167 151 115 120 119 121 122
221 238 236 215 198 187 201 203 163 202 170 135 134 134 129 124 120 118 118 131 144 149 156 158 164 156 150 149 150 158 163 175 162 161 158 154 165 176 184 191 185 200 207 206 231 249 243 242 233 205 217 215 173 145 147 163 213 274 115 517 233 182 153 130 135 136 131 130 120
206 213 210 199 167 170 212 139 191 188 126 123 119 123 124 121 117 113 117 133 144 148 159 164 158 157 159 153 149 151 187 193 172 152 153 161 177 184 188 188 180 207 199 199 240 227 237 253 258 239 242 255 213 182 190 182 237 230 734 334 230 188 149 144 133 119 123 113 96
288 192 191 191 166 174 170 132 190 134 125 127 109 110 115 121 124 136 140 147 153 157 162 163 149 151 154 154 160 179 192 181 167 145 140 151 167 177 188 184 178 201 202 212 238 209 220 249 255 254 262 258 200 168 158 221 381 464 350 258 215 177 153 119 100 94 89 69 71
397 226 181 191 184 179 180 132 181 116 103 104 103 105 109 116 120 119 141 151 158 163 166 168 157 150 148 170 190 195 180 170 159 147 138 143 155 160 187 181 177 192 194 212 238 202 203 226 241 250 257 255 183 158 334 484 353 304 254 205 177 167 124 99 72 73 69 66 103
307 234 191 195 190 190 199 141 179 127 98 98 101 105 108 111 114 128 148 155 160 164 167 168 164 169 184 186 163 159 163 159 152 146 139 141 147 167 188 183 183 186 185 195 228 191 198 218 219 228 243 223 191 559 480 313 256 224 190 170 154 116 91 74 73 84 97 91 82
219 216 208 204 215 198 220 181 160 178 100 96 100 107 109 107 109 143 159 162 162 162 162 160 163 183 195 190 171 148 146 146 143 140 137 142 165 177 187 181 192 208 195 191 221 201 211 211 207 202 192 191 198 669 413 259 211 198 146 122 108 81 75 91 74 79 75 54 56
195 190 197 203 207 233 213 194 147 180 156 98 98 104 107 105 121 156 166 166 162 161 160 162 168 182 189 188 179 161 141 136 134 134 137 154 175 181 187 176 195 203 215 200 235 217 202 203 177 174 158 774 647 444 309 177 164 141 134 93 77 84 72 63 56 54 49 46 48
183 178 192 200 200 219 226 210 164 169 172 109 97 101 105 116 146 161 164 165 164 163 165 168 170 178 179 171 173 172 165 155 150 152 162 170 175 182 172 164 187 188 212 253 253 231 202 186 166 170 931 579 587 260 177 127 132 107 93 81 64 62 57 63 64 58 53 49 49
181 189 197 202 197 225 222 224 179 152 176 133 96 98 101 136 156 160 157 162 166 168 168 169 171 175 175 163 163 169 169 168 167 169 173 177 175 179 165 189 190 199 222 270 245 241 210 195 162 359 488 440 614 138 196 111 67 89 78 78 54 58 63 63 62 59 61 61 59
184 193 200 201 194 244 215 208 185 146 170 148 96 97 119 147 158 154 152 159 165 166 164 164 170 174 174 169 166 165 167 169 170 171 173 176 174 171 151 191 164 211 282 277 248 233 218 200 660 691 352 308 386 116 202 85 95 93 42 39 52 55 58 63 63 61 65 67 66
184 196 203 200 186 244 206 193 167 150 165 145 99 99 134 153 157 148 148 154 157 155 154 157 165 171 173 170 166 163 163 165 166 166 167 167 171 154 176 194 184 269 274 236 220 186 214 930 742 641 70 94 162 124 124 86 36 32 38 45 49 57 63 64 64 62 65 67 69
186 197 203 200 179 236 201 182 193 123 164 112 100 103 149 155 153 144 144 148 149 147 148 156 162 173 171 167 161 156 155 157 156 155 157 159 166 148 180 177 195 267 249 219 191 818 775 55 108 90 85 28 29 34 157 39 52 41 37 40 51 57 61 64 64 61 59 58 62
184 194 197 196 209 231 191 198 195 115 159 110 102 128 156 154 146 142 144 145 144 144 148 153 161 166 164 159 152 148 151 154 153 151 153 156 160 157 183 168 209 265 215 216 172 73 53 69 217 127 90 42 36 39 35 49 45 34 38 45 51 58 63 65 66 61 58 58 62
182 192 188 198 231 219 180 208 169 109 150 108 104 147 163 152 141 140 145 148 146 147 151 155 156 157 154 150 147 147 149 152 152 152 152 167 154 151 185 171 229 266 207 193 898 138 95 52 292 150 84 31 28 31 45 44 35 36 39 43 52 59 64 66 66 61 60 61 65
179 188 175 202 220 196 185 189 118 116 144 104 106 155 171 156 145 142 143 147 149 148 151 157 161 156 148 146 146 147 149 150 149 153 153 155 147 182 187 221 295 253 213 193 63 72 67 64 707 583 215 31 29 31 36 44 47 37 39 46 54 60 65 67 67 63 63 65 67
181 187 183 202 207 158 219 150 116 140 133 93 99 159 169 157 145 142 144 147 149 146 158 164 173 166 154 146 145 149 152 153 152 151 173 194 205 202 202 274 348 252 230 861 53 57 88 78 453 151 25 26 26 30 39 44 39 36 40 47 54 60 65 67 68 65 66 68 70
186 190 194 204 187 191 182 236 123 166 129 95 108 151 163 156 146 143 147 147 148 148 146 155 179 178 165 152 147 151 156 157 154 176 198 201 188 191 209 266 262 265 264 56 43 43 85 159 31 35 41 25 27 30 36 44 47 38 40 48 55 61 65 68 68 67 68 70 72
195 198 210 212 184 206 339 157 123 144 109 100 107 149 154 144 143 143 148 152 155 154 163 168 169 166 167 163 155 156 159 160 153 177 193 163 154 196 241 257 209 181 251 165 30 55 74 622 26 36 35 25 27 30 38 44 45 38 41 49 56 61 66 69 69 69 68 70 73
204 203 219 216 208 177 121 116 134 133 188 150 120 138 717 139 140 147 181 176 165 162 177 157 159 153 150 160 160 160 159 160 152 182 201 173 181 184 238 233 186 155 744 639 36 53 53 175 29 35 23 26 28 31 38 45 46 39 42 50 56 62 66 69 70 70 69 71 75
203 211 218 210 205 162 109 115 149 132 136 161 152 135 136 137 157 184 180 186 182 164 173 163 152 145 136 150 158 159 160 165 171 186 207 199 181 173 200 224 184 246 825 224 42 35 109 25 28 37 26 26 28 31 39 46 47 40 43 51 57 62 66 70 71 71 70 72 76
194 201 204 258 189 109 109 118 145 137 112 147 165 137 125 128 170 169 165 170 175 181 192 175 154 147 131 140 152 159 164 170 180 197 210 205 212 184 166 182 143 543 667 42 44 29 26 40 26 24 26 27 29 32 40 46 49 41 45 52 57 62 67 70 72 73 72 74 78
193 192 188 267 493 178 105 138 158 165 129 168 160 130 119 124 145 167 159 154 158 171 183 188 181 159 134 137 149 161 163 184 178 195 200 227 227 214 180 187 132 243 751 95 54 32 41 29 30 28 28 28 30 33 40 47 50 42 46 52 58 63 67 71 73 74 73 76 79
191 180 169 271 499 774 248 120 151 148 914 229 330 131 119 123 149 171 165 147 144 171 185 201 194 174 150 145 157 166 182 186 186 194 213 215 193 194 201 204 126 101 547 375 63 39 41 30 29 29 29 30 31 34 41 47 51 45 47 53 58 63 67 71 74 75 75 78 82
192 170 177 200 225 249 218 114 137 1253 1266 741 170 144 126 121 169 179 184 151 154 184 209 198 185 176 164 155 167 174 182 186 182 193 195 202 209 196 207 198 231 163 202 200 92 53 50 31 28 29 29 30 32 36 42 48 51 49 48 54 59 64 68 72 75 76 76 79 83
178 169 182 192 164 395 219 137 120 1263 1081 909 129 143 137 120 146 167 181 178 162 189 193 189 174 173 167 159 171 178 181 176 171 188 190 195 195 186 199 197 205 186 170 158 60 65 51 36 29 30 30 31 33 38 43 48 52 53 50 55 60 65 69 73 75 77 77 81 85
162 172 182 185 135 135 149 137 113 118 127 151 137 151 149 130 128 154 163 176 192 158 159 161 164 172 171 160 169 174 182 176 175 190 190 187 199 180 183 200 213 204 283 127 60 63 56 38 32 30 31 32 34 39 44 49 53 56 53 57 61 66 70 74 75 77 79 83 87
154 170 181 174 132 125 133 132 116 115 121 135 152 166 160 146 132 142 152 187 191 149 143 147 147 170 174 163 166 172 179 181 201 198 196 191 187 182 178 199 211 208 650 71 51 75 64 46 36 32 32 34 36 40 45 50 55 58 57 60 64 67 71 75 76 77 80 84 88
160 175 181 141 125 124 134 142 128 120 119 131 157 178 173 155 137 142 153 187 173 149 140 139 141 167 177 167 167 171 179 181 182 198 198 184 194 183 183 172 199 162 191 62 62 76 67 52 43 36 35 36 38 42 47 52 56 60 60 64 67 70 73 76 77 78 81 86 90
176 184 179 192 123 133 142 159 158 143 133 133 156 176 177 157 139 143 183 165 158 144 137 133 135 167 181 173 173 173 179 182 195 190 184 195 189 179 168 196 194 305 89 67 77 66 57 52 47 43 41 41 42 45 50 55 56 59 58 66 71 73 75 77 78 79 82 87 91
189 186 159 136 123 127 139 158 164 158 158 155 160 167 172 166 160 170 195 163 146 135 134 129 132 165 184 182 183 180 178 186 191 202 195 198 194 169 198 182 406 171 73 49 80 62 42 42 49 47 46 46 47 49 54 57 55 64 70 66 75 75 77 79 79 80 84 89 92
187 168 152 138 138 157 156 157 168 166 164 164 162 162 171 174 176 188 195 166 148 133 132 131 135 166 187 189 190 189 181 193 190 190 191 195 185 193 164 645 351 122 67 55 64 58 39 41 50 49 49 49 51 53 55 53 58 109 93 77 81 78 78 79 80 81 86 90 93
167 158 148 146 151 155 165 167 172 175 166 151 163 164 170 176 183 188 174 165 150 128 124 131 140 157 184 190 192 191 184 193 203 187 188 178 170 204 135 365 111 83 52 80 68 48 40 38 39 51 50 52 54 57 57 53 53 106 103 91 87 81 80 80 80 83 87 91 95
154 150 156 152 158 161 165 167 170 176 173 148 148 169 172 174 181 192 180 166 154 132 127 136 148 155 180 190 191 188 181 189 192 183 177 177 175 205 245 183 71 69 57 80 73 49 42 39 40 48 51 53 56 59 60 62 59 70 69 83 83 83 82 82 81 85 89 93 97
144 152 155 156 166 168 165 162 162 174 178 163 133 146 172 177 175 164 161 160 143 124 122 140 156 155 156 186 190 185 181 201 194 183 190 189 201 140 667 119 87 70 72 78 74 54 41 39 40 45 48 50 53 57 61 59 53 58 71 75 81 83 84 83 83 87 91 94 99
148 157 157 157 163 167 163 160 160 171 171 164 136 135 146 164 173 180 187 201 190 162 143 141 147 152 158 179 185 179 182 195 190 193 194 180 176 237 668 117 79 86 84 85 85 60 45 40 41 42 44 48 51 54 56 60 62 68 72 74 80 83 89 85 85 89 93 96 101
145 158 159 155 158 162 160 159 160 168 167 157 133 130 134 180 190 995 1008 1007 980 990 691 356 187 162 166 175 175 166 168 182 196 189 178 170 188 486 499 110 91 87 88 89 86 65 51 44 45 45 47 49 52 55 58 62 65 69 73 76 80 84 89 84 88 92 95 100 100
138 155 164 159 162 158 159 157 159 167 165 151 130 127 134 206 994 952 953 169 169 188 713 976 213 177 170 164 158 151 163 179 199 175 153 146 195 513 505 124 86 89 88 87 84 70 59 51 49 47 49 51 54 57 60 64 67 70 74 77 81 84 89 86 90 94 97 102 102
147 159 165 169 173 164 160 157 158 163 162 148 127 125 195 721 1001 907 205 141 188 664 734 843 909 411 163 149 146 153 172 196 212 169 144 131 177 500 554 158 112 109 90 83 82 74 67 60 54 49 50 53 56 59 62 65 69 72 76 79 82 86 88 88 92 97 101 104 105
