---
Wind at BL Top Direction [deg] Valid 1200 NZST ~Z75~(0000Z)~Z~ WED 7 Jan 2026 ~Z75~[96hrFcst@2128z]~Z~
Model= RASP Region= NZ Grid= d2 Reskm= 2.0 Indexs= 1 69 1 69 Proj= lambert 2000 2000 -35.0000 -42.0000 176.0000 -37.7968 175.7263
Day= 2026 1 7 WED ValidLST= 1200 NZST ValidZ= 000 Fcst= 96.0 Init= 94 Param= bltopwind Direction Unit= m/sec Mult= 1 Min= 0 Max= 360
232 233 236 239 240 241 241 241 240 239 237 235 234 234 234 235 236 237 237 238 238 240 242 243 243 245 244 245 245 245 246 248 249 249 249 248 247 246 246 246 246 244 244 248 250 250 251 252 253 252 251 248 249 248 243 246 248 245 246 249 252 255 257 261 264 266 269 271 271
226 227 230 233 235 237 238 238 238 238 236 235 234 233 233 233 234 235 236 236 236 239 241 242 242 245 243 244 245 245 246 248 250 251 251 251 251 251 250 250 249 245 244 250 251 247 248 251 252 252 251 248 249 248 243 247 248 244 246 248 250 253 254 258 263 265 269 272 273
220 223 226 228 231 233 234 235 235 236 236 235 234 233 232 232 233 234 235 235 236 237 239 240 241 242 242 243 243 243 245 246 248 251 252 252 255 252 252 251 251 248 246 247 246 245 246 249 252 253 252 249 248 248 246 245 245 244 245 247 249 251 253 256 260 263 267 271 272
214 219 222 225 226 228 230 231 232 233 234 235 234 233 232 232 232 233 234 235 235 236 236 238 238 239 239 240 240 240 242 244 246 248 251 252 252 252 251 250 248 246 244 244 244 244 246 251 256 256 254 252 250 249 248 246 245 244 245 247 248 250 252 254 257 260 263 265 267
212 213 218 221 223 223 226 228 230 230 230 232 234 234 234 233 232 233 234 235 235 235 235 236 237 237 237 237 236 236 237 237 238 240 242 243 245 246 246 245 245 243 241 240 242 242 242 245 248 251 251 250 249 249 249 248 246 246 247 249 250 249 251 253 257 256 257 259 260
212 215 214 219 220 220 222 225 227 228 227 229 231 233 234 234 234 233 234 235 236 236 235 235 236 236 235 234 233 230 231 233 233 233 234 235 236 238 239 239 239 238 237 237 240 240 239 240 241 242 245 247 248 249 253 252 250 248 250 253 253 250 248 249 253 253 253 254 255
214 216 217 217 218 218 217 222 224 226 227 227 228 232 234 235 236 236 236 236 236 237 235 234 233 233 232 232 230 226 227 229 229 229 230 231 233 234 236 236 235 236 232 233 237 237 236 235 235 236 239 243 245 248 250 252 251 249 252 254 254 252 249 249 249 251 252 253 254
215 216 217 218 216 218 214 219 221 223 226 227 229 232 234 236 237 238 238 238 238 238 237 235 232 230 229 229 228 224 220 225 226 227 227 227 229 230 231 231 231 232 231 233 234 233 232 232 230 233 235 239 241 247 251 253 252 252 254 254 250 250 249 251 247 252 253 255 255
214 216 215 218 218 218 216 217 220 222 224 228 231 233 235 237 239 240 241 242 243 242 239 237 234 231 229 228 226 224 222 220 223 223 223 225 226 225 224 223 226 226 225 228 228 231 232 231 227 227 231 235 236 243 249 253 256 256 257 256 249 245 249 254 256 262 257 257 257
211 213 215 218 220 219 219 218 222 223 224 227 231 233 235 238 241 243 244 244 245 246 243 238 234 231 229 228 227 225 223 219 221 221 222 224 223 222 219 217 219 221 223 224 229 230 229 227 224 223 225 229 232 239 244 247 250 253 256 257 253 251 255 257 260 260 259 257 256
213 216 217 221 223 223 222 221 225 225 226 228 231 233 236 239 241 243 244 244 243 243 243 240 235 231 229 229 229 228 226 222 218 217 220 222 222 221 219 218 219 223 227 228 229 227 225 225 223 222 223 225 230 238 242 246 249 251 251 252 252 253 254 254 257 260 254 253 254
216 221 224 227 228 227 226 227 228 227 228 231 233 234 236 238 239 241 244 244 241 240 240 241 239 234 231 231 231 231 230 226 215 213 217 220 220 219 218 218 218 221 224 225 225 224 223 223 222 221 221 225 227 234 239 243 248 253 251 247 248 250 251 256 249 251 252 249 251
217 224 226 229 230 229 228 230 229 229 230 233 235 236 237 238 238 238 240 242 241 240 240 241 241 239 235 231 233 234 233 225 215 213 217 220 220 220 220 219 219 220 221 222 222 221 219 219 219 218 220 222 222 229 235 237 240 246 249 248 250 249 246 247 248 250 250 249 249
215 220 222 224 226 227 228 229 229 229 231 233 235 237 238 239 238 235 234 235 238 240 242 242 241 240 237 234 234 233 231 234 216 213 216 218 219 221 222 221 219 218 218 219 219 217 217 213 214 216 218 220 218 222 230 232 233 237 240 240 242 248 252 250 252 247 244 244 248
211 215 215 219 220 220 223 224 225 227 230 232 233 234 235 236 235 233 231 231 233 237 239 240 239 237 235 233 233 232 230 240 220 212 213 216 219 221 221 220 218 217 217 217 215 220 218 213 209 210 212 217 216 213 225 229 229 232 235 234 233 233 238 237 241 241 241 241 244
198 202 213 213 215 214 216 217 215 221 225 229 231 230 230 230 230 230 230 230 231 233 236 237 236 234 232 231 230 229 233 225 222 219 216 217 219 220 219 217 215 216 216 215 214 219 216 212 208 207 210 216 215 214 217 231 234 230 230 228 225 222 225 226 240 230 235 233 233
211 206 212 216 214 212 212 208 209 210 216 223 228 229 228 226 228 231 232 232 232 232 233 234 233 233 232 231 227 225 226 228 229 228 223 222 222 221 218 217 217 216 214 214 215 216 214 211 209 210 206 212 213 211 210 225 230 231 308 349 222 218 212 221 229 225 230 228 226
216 212 211 212 214 213 208 209 201 203 203 213 222 226 227 230 234 235 234 234 233 233 232 231 230 231 231 230 226 223 224 227 230 230 227 226 225 223 220 217 217 214 214 213 213 213 213 211 210 208 209 215 214 208 213 219 214 308 344 326 224 218 214 219 233 225 224 222 219
219 214 214 215 215 212 211 204 203 198 200 201 212 219 223 228 233 236 236 233 232 232 232 230 229 228 229 229 225 223 223 226 228 228 228 227 227 225 221 217 216 214 213 211 211 212 212 212 212 212 206 213 215 210 218 216 262 300 316 319 321 224 218 211 219 227 222 217 215
223 221 215 215 212 210 208 204 197 195 197 194 204 211 215 220 227 233 235 234 232 231 229 227 227 227 228 229 228 225 227 227 227 226 226 227 229 227 222 217 215 212 211 210 211 211 211 210 212 212 207 212 218 211 226 239 254 274 292 298 286 221 226 236 236 233 223 214 211
221 218 215 215 213 207 204 200 197 195 195 192 200 208 213 217 222 227 230 231 230 229 227 225 224 224 225 226 228 232 237 235 231 228 227 228 230 228 224 218 216 214 212 211 211 209 206 205 207 211 211 206 209 213 209 233 221 221 241 245 245 251 284 249 267 246 247 246 236
218 215 213 213 210 204 202 197 193 192 193 196 201 211 215 216 219 224 227 228 228 227 225 223 221 221 219 217 220 225 233 241 242 237 231 230 231 230 226 220 216 214 211 210 209 206 206 204 203 209 211 209 204 211 209 224 229 197 222 229 244 218 233 268 282 251 255 250 258
214 212 211 210 207 202 197 191 189 189 195 201 213 217 218 216 217 221 225 227 227 225 223 221 219 219 218 218 215 214 219 227 231 234 231 229 229 230 228 222 221 216 212 209 208 209 208 205 203 209 212 210 219 223 218 211 230 226 229 233 245 290 285 261 230 231 246 268 289
210 208 209 208 206 199 195 187 170 192 198 218 222 222 220 218 219 220 222 224 225 224 222 220 218 219 217 214 211 208 209 213 220 225 226 225 225 226 226 223 221 215 211 208 209 209 208 205 206 212 213 208 222 225 221 215 228 230 230 230 236 253 242 231 275 273 299 309 315
209 209 208 208 207 201 195 195 163 177 214 225 232 232 225 222 222 220 220 221 223 223 222 220 219 220 218 215 211 206 206 207 211 218 222 222 221 222 223 221 219 216 210 210 210 208 207 203 206 212 211 206 220 223 220 212 224 227 226 224 223 225 263 285 305 311 313 318 323
206 207 208 207 206 200 201 202 171 163 186 213 225 230 228 225 223 221 218 218 220 221 220 219 218 218 217 217 214 208 205 206 209 215 219 220 218 218 219 219 219 217 213 211 208 208 205 202 204 210 210 206 217 220 218 216 223 224 221 215 220 344 299 301 317 321 319 323 325
204 206 206 205 204 204 204 195 177 177 180 198 215 224 227 226 224 221 218 217 218 218 218 218 216 215 215 215 213 212 208 206 209 214 218 218 217 216 217 217 218 216 215 212 209 206 205 201 202 209 209 205 213 216 214 214 221 222 218 212 234 322 324 315 319 322 320 322 324
201 203 204 201 205 202 199 198 178 178 184 191 210 220 225 225 223 221 219 219 218 217 216 216 216 214 213 213 213 213 209 208 211 214 217 216 215 215 216 217 218 217 215 213 210 205 205 201 204 210 209 203 208 212 209 207 220 220 216 219 317 332 326 318 319 322 320 320 320
201 204 205 202 206 203 204 202 184 181 192 197 210 219 223 224 222 221 221 222 219 217 215 215 215 215 216 215 214 214 211 208 211 214 215 215 215 215 215 216 216 217 216 214 210 204 205 201 204 209 207 200 204 210 208 204 212 220 211 222 336 333 326 321 318 321 320 318 321
204 207 206 206 206 207 208 200 194 195 202 204 214 220 223 224 222 222 223 224 221 217 214 213 214 217 217 216 215 214 213 211 211 213 215 216 215 215 215 215 216 218 218 217 211 206 204 200 203 206 203 195 201 207 205 201 203 214 210 216 324 329 325 319 318 320 319 319 323
207 210 213 211 211 211 208 204 200 209 209 210 219 222 223 223 222 223 224 225 223 218 215 213 214 216 216 217 217 214 213 215 214 214 216 217 217 216 215 216 217 218 220 219 214 208 205 199 200 202 200 191 194 202 202 201 197 200 207 268 320 322 318 316 318 321 321 322 324
206 208 212 213 215 213 202 203 210 209 212 223 226 226 225 223 222 223 224 224 222 218 216 215 215 215 214 215 215 215 214 214 215 219 219 219 219 218 217 217 219 220 222 219 214 212 209 201 195 197 199 194 188 190 198 201 204 204 201 292 314 317 314 318 322 324 323 324 328
204 204 209 212 210 206 201 202 205 204 218 224 229 230 228 224 222 222 223 222 220 217 215 215 216 216 214 214 213 214 215 213 213 220 224 224 223 221 218 219 220 221 221 218 215 213 213 208 199 196 197 196 194 197 205 208 214 205 257 292 310 316 314 319 323 325 325 327 332
215 207 207 209 206 203 197 202 196 198 217 221 226 230 231 229 226 224 223 221 219 217 215 214 214 214 215 216 215 214 214 213 213 217 222 224 224 222 220 220 220 221 222 218 213 213 215 214 208 205 202 198 193 197 205 225 248 248 276 289 307 314 314 320 325 327 327 328 332
223 211 205 206 205 198 197 192 192 199 214 220 225 227 229 231 229 226 224 222 220 218 216 214 213 212 213 215 217 217 216 215 215 216 220 222 222 221 221 221 220 220 222 217 212 213 215 218 215 213 209 200 194 200 240 276 273 271 279 295 306 311 314 322 326 328 328 329 337
219 211 206 202 202 200 196 186 190 191 209 219 225 225 227 230 231 228 225 222 220 218 217 216 214 213 212 212 212 216 217 217 217 218 220 220 220 220 221 221 221 220 220 214 211 211 215 218 218 217 213 200 211 248 284 292 289 285 293 302 309 319 320 325 328 332 333 345 345
215 209 208 205 199 199 190 190 186 195 200 215 223 224 224 227 229 228 225 222 219 217 216 215 215 215 213 212 211 212 215 216 217 218 219 220 220 220 220 222 223 223 219 213 210 211 215 216 218 217 218 211 219 294 298 303 305 299 305 309 315 321 323 330 332 336 339 350 350
211 207 206 205 202 196 191 189 183 194 200 209 220 223 223 224 225 226 225 222 218 216 214 213 214 215 215 214 213 211 212 214 216 217 218 219 220 219 221 222 224 225 220 213 207 208 213 216 217 226 230 246 253 309 305 315 315 307 311 312 319 325 326 346 347 348 349 351 351
211 210 204 203 200 192 192 187 186 193 197 201 217 223 223 222 223 224 224 221 218 215 213 212 213 214 214 215 215 214 214 214 215 216 217 217 218 219 220 223 225 224 219 212 208 205 210 212 207 222 273 312 249 323 316 323 326 313 319 319 324 346 349 348 346 347 349 351 351
208 206 202 201 198 188 189 184 190 193 197 202 215 223 224 223 223 223 223 221 218 215 214 213 213 213 213 214 215 216 216 216 217 217 216 216 216 219 221 225 226 224 219 214 210 210 211 208 207 225 308 313 288 347 345 352 348 319 326 325 347 348 348 348 347 347 349 350 351
205 204 202 201 196 187 189 185 194 193 198 204 215 223 225 224 223 223 222 221 218 216 215 215 214 213 213 214 215 216 217 217 218 217 216 216 216 219 221 225 224 222 218 216 217 218 215 212 239 271 320 319 299 338 302 343 327 325 349 350 349 349 349 347 347 347 348 350 350
204 203 201 201 195 190 193 190 196 207 207 210 219 223 226 225 224 224 222 221 219 217 216 216 215 215 214 215 216 217 217 217 218 218 217 216 217 220 222 226 224 219 216 218 218 218 223 272 297 298 356 328 313 312 314 325 349 349 349 349 350 349 348 348 348 348 349 350 350
202 202 202 202 195 194 195 187 196 205 211 216 224 225 227 226 225 224 222 220 218 217 217 216 215 215 216 216 217 218 217 217 217 217 217 217 218 220 223 225 222 216 217 217 220 240 278 350 347 349 354 358 358 356 313 348 349 349 350 350 349 348 348 348 348 349 350 351 351
201 201 201 201 197 198 195 189 192 202 214 223 227 228 228 227 226 225 222 219 217 217 217 216 215 215 216 217 218 218 218 217 217 217 218 217 220 220 223 223 220 211 216 219 222 356 1 355 339 341 349 353 353 355 356 352 352 350 350 349 349 348 348 348 348 349 351 351 351
200 201 199 197 199 199 191 195 188 201 216 229 231 230 229 227 226 225 223 219 217 216 217 216 215 215 216 217 218 218 218 217 218 218 218 218 221 221 226 224 217 211 214 221 250 357 1 357 326 327 341 355 356 355 353 354 349 350 350 349 349 348 348 348 348 349 351 351 351
199 200 195 196 198 197 189 195 194 193 211 232 237 234 232 231 229 226 223 219 216 216 217 218 217 216 217 218 219 218 217 217 218 218 218 219 221 226 230 227 218 215 214 221 1 7 5 356 275 286 299 354 356 356 356 353 353 349 350 349 348 348 348 348 349 349 350 350 350
199 200 194 195 198 187 193 191 204 194 201 225 238 238 234 231 230 228 224 220 217 216 217 220 221 220 219 219 219 219 217 216 217 218 220 223 224 228 229 229 226 225 226 250 8 5 3 4 303 309 358 358 357 357 355 355 350 350 349 349 348 348 348 348 349 349 350 350 350
199 200 194 195 195 193 194 199 194 195 198 216 232 237 236 233 231 229 225 221 218 215 213 219 226 226 223 221 220 219 217 215 217 218 221 226 227 227 228 230 240 254 252 16 14 8 2 1 9 3 3 358 359 358 357 354 352 349 349 349 348 348 348 348 349 350 350 350 350
199 201 195 195 189 189 208 188 194 197 202 210 224 234 232 231 230 229 226 223 219 216 210 214 223 229 228 224 222 220 218 216 216 217 217 223 228 229 227 225 232 248 256 13 13 12 5 253 1 8 7 359 360 359 357 355 351 349 349 349 348 348 348 349 349 350 351 351 351
199 198 195 191 182 186 183 194 191 199 212 209 214 227 222 231 228 227 227 226 223 218 212 210 217 225 229 227 224 221 219 217 217 216 214 216 224 229 228 219 229 241 221 347 12 14 11 304 5 12 4 4 2 0 358 355 352 349 349 349 349 349 349 349 350 350 351 351 351
194 194 193 188 184 184 190 200 198 202 211 213 209 219 233 231 225 224 226 228 227 223 216 211 214 221 228 229 226 223 220 219 218 216 214 212 213 219 221 226 237 243 327 21 12 12 327 13 10 15 5 6 4 2 360 356 353 350 350 349 349 349 350 350 350 351 351 351 351
190 190 187 200 182 176 195 194 197 200 209 216 213 215 225 229 224 220 221 226 229 227 223 216 217 221 225 228 226 223 221 220 220 218 216 214 210 210 210 218 239 241 3 21 15 14 11 12 16 17 13 10 8 5 2 358 354 350 350 350 350 350 350 350 351 350 351 351 350
189 187 182 199 220 181 191 199 201 199 210 223 217 214 221 227 223 216 214 220 227 228 225 222 221 223 226 227 226 223 221 221 223 222 219 217 214 209 202 204 226 252 6 31 18 18 10 16 18 17 16 14 11 8 4 0 356 351 351 351 351 351 351 351 351 350 350 350 349
188 184 175 195 222 235 182 193 199 201 229 228 226 212 217 226 225 217 212 216 225 227 225 225 225 227 228 228 227 224 222 223 224 223 222 221 216 212 206 202 207 230 282 51 22 17 21 24 24 22 20 17 14 11 7 3 358 353 352 352 351 351 351 351 351 350 350 350 349
187 183 184 181 179 178 179 186 198 63 42 218 220 210 212 221 224 219 213 211 220 227 225 225 226 228 229 230 229 226 223 223 224 223 222 224 223 217 206 204 202 217 249 19 51 19 25 31 31 28 25 22 18 15 10 6 1 356 353 353 352 352 352 351 351 349 349 349 349
185 188 189 189 188 207 181 182 199 143 235 229 213 210 209 215 218 218 215 209 213 224 228 227 227 228 229 231 230 228 224 223 223 223 224 226 225 226 220 214 207 210 236 358 20 19 22 35 37 35 31 27 23 19 14 9 4 359 354 354 353 353 352 352 350 349 349 349 349
186 191 192 193 191 190 185 182 198 211 216 216 213 209 208 212 214 213 214 209 208 219 228 228 228 228 229 230 230 229 226 223 224 225 225 226 229 231 230 231 228 222 245 357 17 20 26 37 41 40 36 32 28 23 18 12 7 1 356 355 354 354 353 352 350 349 349 349 348
189 192 194 194 201 205 199 189 198 210 218 221 217 211 209 211 211 210 209 211 209 217 225 228 229 228 228 229 230 228 227 226 226 226 226 225 229 232 234 238 245 251 256 17 11 21 30 40 43 43 41 37 32 28 22 16 10 4 358 356 355 355 354 352 351 349 349 349 348
193 196 196 194 206 209 207 204 204 210 217 223 222 216 211 211 211 208 205 207 212 217 223 227 230 229 228 228 228 227 226 225 226 228 229 228 231 234 236 239 249 259 291 11 5 24 32 41 45 46 44 41 37 32 27 20 14 8 360 358 357 356 355 353 351 349 349 349 347
197 198 196 196 205 209 210 212 214 214 216 221 223 219 216 213 211 209 204 204 211 217 221 225 230 229 227 228 228 227 226 226 227 227 229 226 228 232 238 236 248 280 5 12 12 29 36 43 46 47 47 45 42 38 32 25 17 14 2 1 359 358 356 354 350 349 349 348 346
197 197 194 203 206 208 211 213 215 215 217 221 222 221 218 214 212 209 206 203 209 216 221 224 228 228 227 227 227 227 227 226 227 228 228 229 227 227 234 241 281 359 22 11 23 35 41 46 48 49 49 47 45 42 37 30 22 22 18 5 2 360 357 354 350 349 348 347 345
195 195 201 206 207 208 211 215 216 212 213 220 225 223 218 216 214 211 208 204 207 216 222 223 225 226 226 226 227 227 227 227 224 227 230 233 228 221 239 249 330 2 24 18 32 40 44 49 51 51 51 50 48 46 41 34 27 27 29 12 6 3 359 355 350 348 348 346 343
193 200 204 207 208 207 211 216 218 214 209 215 222 224 221 218 216 212 209 207 207 215 221 223 223 225 225 225 225 225 226 228 228 231 236 241 232 220 233 266 15 31 14 22 31 43 49 52 55 54 53 52 51 49 45 36 20 247 29 19 11 5 0 355 350 349 347 344 342
196 203 205 208 209 205 208 216 220 217 210 211 219 224 223 221 218 215 212 209 210 216 221 222 222 223 225 224 223 223 224 230 231 235 240 233 230 239 244 350 27 33 22 26 34 44 51 55 57 58 57 55 54 53 51 44 30 27 21 19 13 8 2 356 351 349 346 343 340
197 203 206 207 209 207 205 212 221 222 214 209 215 222 223 217 213 212 212 209 210 214 220 222 219 219 223 223 221 219 219 224 230 231 228 231 224 233 258 29 22 34 29 26 36 46 53 57 60 61 60 59 58 57 55 53 46 31 25 22 17 10 3 356 351 348 344 341 338
195 201 205 205 205 203 204 212 221 222 216 209 211 217 221 219 216 213 211 207 204 206 211 214 214 215 218 218 216 216 217 220 223 229 232 238 238 242 311 54 50 38 33 30 36 46 53 58 62 63 63 62 62 61 58 54 47 38 31 28 22 14 5 357 352 347 343 339 335
190 198 205 205 202 201 204 212 220 220 214 209 211 216 222 223 220 205 214 351 347 336 209 199 206 209 210 211 212 213 215 217 223 236 241 246 246 251 358 48 46 41 37 36 41 46 53 59 63 64 65 64 63 62 61 57 53 46 39 31 23 15 7 357 352 347 341 337 333
184 193 205 204 200 203 206 212 220 221 213 209 212 217 222 225 189 193 198 3 359 351 328 297 195 202 204 206 209 210 212 210 219 243 247 248 246 260 14 48 46 47 37 37 48 45 52 58 62 65 66 65 64 64 63 61 58 52 45 36 27 17 9 359 352 346 340 335 331
187 194 200 201 200 208 208 212 217 218 213 211 214 220 226 208 167 97 11 7 3 356 334 241 231 189 195 200 206 209 214 209 212 237 244 247 253 263 66 54 44 44 35 35 44 43 50 57 61 65 66 66 66 66 66 64 62 57 50 41 31 21 11 1 352 344 338 333 329
