---
BL Avg Wind Direction [deg] Valid 1600 NZST ~Z75~(0400Z)~Z~ WED 7 Jan 2026 ~Z75~[100hrFcst@2128z]~Z~
Model= RASP Region= NZ Grid= d1 Reskm= 6.0 Indexs= 1 79 1 99 Proj= lambert 6000 6000 -35.0000 -42.0000 176.0000 -38.5000 176.0000
Day= 2026 1 7 WED ValidLST= 1600 NZST ValidZ= 400 Fcst= 100.0 Init= 94 Param= blwind Direction Unit= m/sec Mult= 1 Min= 0 Max= 360
47 55 63 69 57 38 34 44 55 67 78 71 59 45 51 50 44 37 32 27 24 20 18 16 12 6 356 339 315 295 235 201 203 210 141 135 135 140 150 159 168 173 175 170 136 35 21 21 24 27 28 29 30 30 31 32 33 33 34 34 34 34 34 33 33 33 33 32 30 28 26 23 19 16 13 11 9 8 7
47 53 64 69 57 52 52 56 61 67 70 59 48 45 50 58 53 42 37 33 30 26 23 20 17 11 2 348 333 310 236 208 186 158 137 128 126 127 132 145 164 175 180 182 160 16 14 17 20 23 24 25 26 26 28 29 31 32 33 33 33 33 33 32 32 32 31 31 30 28 26 23 20 17 15 12 11 10 9
51 54 58 62 60 56 57 60 66 69 67 63 60 59 64 59 50 43 39 36 33 30 28 25 22 15 8 360 348 331 294 217 193 165 133 121 115 108 108 123 154 176 186 194 314 6 10 13 16 17 19 20 21 22 24 27 30 32 33 33 33 33 32 32 31 31 30 29 28 27 25 23 20 18 15 13 12 11 10
49 52 57 63 70 61 54 52 65 76 71 71 67 64 57 49 43 42 39 39 37 35 33 29 24 21 16 10 360 339 318 293 224 182 143 115 87 38 7 346 325 183 190 199 356 3 6 11 11 12 12 13 14 16 19 23 27 30 32 33 33 33 32 31 30 29 28 27 27 27 26 26 24 22 15 14 12 11 14
45 47 48 46 71 47 34 19 21 94 66 71 59 48 36 33 35 38 39 39 38 36 34 32 27 26 23 17 3 340 321 304 288 271 246 261 295 327 324 318 310 305 199 179 21 12 8 11 10 9 8 8 9 10 13 18 24 30 33 34 34 34 32 31 30 28 26 25 24 24 25 25 24 21 19 14 13 12 15
36 36 37 31 52 53 43 29 350 25 45 54 48 42 37 35 34 35 35 31 29 28 26 25 23 20 20 12 2 351 338 311 294 286 282 294 323 331 327 321 316 312 304 282 19 26 17 14 14 12 11 11 11 12 15 19 25 31 35 36 37 36 35 33 32 30 29 27 26 25 25 25 24 22 20 14 14 13 16
18 16 14 354 335 340 10 21 351 333 2 23 33 27 23 21 21 22 23 18 15 15 16 16 16 15 14 11 7 3 350 317 299 295 297 309 321 324 320 315 311 308 302 300 312 22 25 14 15 13 11 10 10 11 14 18 25 31 35 38 39 38 36 35 33 31 30 28 26 26 26 26 24 22 20 15 15 14 17
348 346 344 328 319 318 321 327 324 326 320 328 359 16 9 6 5 6 354 1 356 355 357 360 2 4 4 7 6 3 348 316 298 294 297 308 317 318 315 311 307 303 300 300 305 1 29 17 17 15 13 11 11 12 15 19 25 31 36 39 40 40 38 36 35 33 32 30 28 27 27 27 25 23 20 15 16 16 18
312 314 314 309 308 308 307 306 306 304 310 322 326 329 330 330 331 332 331 340 337 337 339 342 347 349 355 354 355 353 338 312 296 292 296 305 310 313 311 308 304 299 298 300 303 311 25 23 18 16 13 12 12 14 17 21 25 31 37 41 42 41 40 38 37 35 33 31 30 28 28 27 25 23 20 16 17 17 20
290 293 294 294 297 299 300 301 300 299 299 300 303 307 311 314 315 316 317 317 326 326 328 330 333 336 344 347 335 334 325 307 294 293 295 301 306 310 310 307 302 298 297 299 302 304 347 29 21 18 15 14 15 16 19 22 26 31 37 41 42 42 41 40 38 37 35 33 31 30 30 28 26 24 21 17 19 19 21
280 281 283 284 287 290 293 294 295 296 297 298 300 303 304 306 308 309 310 310 311 319 320 323 325 327 331 332 322 319 313 302 294 293 294 297 302 307 307 305 300 297 296 298 300 302 310 35 26 21 17 17 18 19 21 23 27 32 36 40 42 43 42 41 40 38 36 34 33 32 31 29 27 25 22 19 20 20 23
274 276 277 278 280 287 289 291 291 293 295 296 298 300 301 303 304 305 306 306 307 316 317 317 319 320 323 324 312 307 303 296 292 292 294 296 298 302 303 301 298 295 295 296 299 299 296 30 28 25 21 21 22 23 23 25 29 32 35 39 41 42 42 41 40 38 36 35 34 33 32 30 28 25 23 20 22 22 25
271 272 274 275 279 281 282 285 287 288 290 293 295 297 298 300 302 302 303 304 304 305 314 314 315 315 318 317 319 302 297 292 288 288 292 295 295 296 297 296 294 293 293 294 296 294 293 292 25 28 26 25 26 26 27 28 30 32 35 37 40 41 41 41 40 38 36 35 34 34 33 31 28 27 21 22 23 24 26
268 270 271 273 273 274 276 282 281 283 286 289 291 294 296 297 299 300 301 301 302 303 311 312 312 313 314 313 314 299 294 290 286 285 288 292 293 292 291 290 290 290 292 292 292 289 288 289 30 33 31 29 29 29 29 30 32 33 35 36 38 40 41 40 39 38 36 35 35 34 33 32 29 27 22 23 25 26 28
266 267 269 271 272 272 273 275 277 280 283 286 289 291 293 295 297 298 299 299 300 300 309 310 310 310 312 310 314 297 293 289 286 284 285 289 292 291 287 284 284 286 289 290 290 285 285 285 58 43 37 31 31 31 31 32 33 34 35 36 38 39 40 40 38 37 36 35 35 34 34 32 30 28 23 25 27 28 30
263 265 267 269 270 271 272 273 275 278 281 284 287 289 291 293 295 296 297 297 298 299 300 309 309 309 309 309 304 295 292 288 286 285 285 287 291 292 286 281 280 282 285 287 286 282 283 280 57 48 41 33 32 31 32 33 34 35 36 36 38 39 40 39 38 37 36 35 35 34 34 32 31 28 24 26 29 30 32
261 263 265 266 268 270 271 273 275 277 280 283 285 288 290 292 293 295 296 297 298 299 299 309 308 308 308 309 300 294 291 288 287 286 286 287 290 291 289 283 279 279 282 282 282 279 280 277 102 52 50 34 30 32 31 33 34 36 36 37 38 39 40 39 38 38 36 36 35 35 34 32 31 25 25 27 30 31 34
261 262 264 265 267 269 271 273 275 277 280 282 285 287 289 291 293 294 295 296 297 298 309 307 307 306 305 307 297 294 290 288 287 287 286 286 286 288 290 287 282 279 278 277 277 277 278 279 251 43 52 35 28 32 30 32 34 36 37 38 39 39 39 39 39 38 37 36 35 35 34 33 31 25 25 28 31 32 35
261 262 263 265 267 269 271 273 275 277 279 282 284 287 289 291 292 294 295 296 297 298 307 307 306 305 303 305 295 292 289 287 286 287 286 285 283 284 288 290 286 279 274 272 272 275 275 279 255 43 41 37 27 31 30 31 33 36 37 38 39 39 39 39 39 38 37 36 35 35 34 33 31 25 25 28 31 33 37
261 263 264 265 267 269 271 273 276 278 280 282 285 287 289 291 292 293 295 296 297 308 307 306 305 303 302 300 292 290 288 286 286 286 285 284 283 282 286 289 289 281 272 268 268 273 274 281 250 50 44 35 27 30 30 31 33 36 38 39 40 40 40 40 39 39 37 36 35 35 34 33 30 25 25 28 32 34 38
262 263 265 266 268 269 271 274 276 279 281 283 286 288 289 291 292 294 295 296 297 307 307 305 303 300 299 292 289 287 286 286 284 284 283 283 283 282 284 287 289 284 273 266 265 271 272 280 251 59 51 42 30 30 30 31 34 37 39 40 40 40 40 40 40 39 37 36 36 35 33 32 25 25 25 28 32 35 39
262 264 265 267 268 270 272 275 277 279 282 284 287 288 290 291 293 294 295 296 307 307 305 302 300 297 291 288 286 284 283 284 283 281 280 281 281 282 281 283 285 282 275 267 264 269 270 273 277 52 53 49 36 27 31 33 35 38 40 41 41 41 41 41 40 39 38 37 36 34 33 31 25 25 26 28 32 35 39
263 264 266 267 269 271 273 275 278 280 283 285 287 289 290 291 292 294 295 296 307 306 302 299 296 290 287 285 284 282 280 280 280 279 278 277 278 278 278 279 279 278 274 268 268 270 270 270 16 37 52 54 42 29 33 35 38 40 42 42 42 41 41 41 40 39 38 37 36 34 32 30 25 25 26 28 31 34 39
263 265 266 268 270 272 274 276 279 281 284 286 288 302 290 291 292 294 295 296 306 295 293 292 289 286 284 283 282 280 279 278 277 277 276 274 272 272 272 272 274 273 272 271 271 269 266 307 26 30 34 45 40 33 34 40 42 44 44 44 43 42 41 41 40 39 38 37 35 34 32 26 25 25 26 28 31 34 39
263 265 267 268 270 272 275 277 280 296 299 300 301 301 300 301 292 294 304 294 293 292 290 290 287 284 282 281 280 279 278 276 276 275 274 272 268 267 265 265 268 269 272 274 272 264 262 18 34 35 42 50 50 45 40 45 48 48 47 46 45 43 42 41 40 40 38 37 35 33 33 26 26 25 26 27 30 33 38
263 265 267 269 271 273 286 290 292 295 297 299 299 299 298 298 300 294 293 290 288 286 286 286 285 283 281 280 279 277 276 275 274 272 271 270 267 263 260 258 261 267 273 273 269 265 318 31 35 40 49 57 58 51 50 52 53 52 50 48 46 45 43 42 41 40 38 36 34 33 33 27 26 26 26 27 29 32 38
271 273 276 278 279 281 285 289 292 296 299 300 299 298 296 297 291 289 286 284 283 281 280 280 280 281 279 278 277 275 274 273 272 271 269 268 265 261 257 254 258 266 273 271 266 268 46 46 44 48 53 58 61 59 60 57 57 55 53 51 48 46 44 42 41 40 38 36 34 33 33 27 26 26 26 26 28 31 37
269 271 273 276 278 280 285 290 294 299 301 301 299 295 296 287 285 282 279 278 278 278 276 275 275 276 275 274 273 273 272 272 271 270 268 266 264 259 254 251 254 261 268 267 265 47 69 64 58 57 61 63 64 64 70 62 61 58 56 54 51 49 46 44 41 39 37 35 34 33 34 27 26 26 26 26 27 30 36
267 270 272 274 277 280 284 290 295 300 302 301 293 284 283 279 276 274 273 273 273 274 273 272 271 270 270 270 270 271 271 270 269 269 268 266 262 256 252 248 248 254 259 265 247 69 73 75 68 64 64 66 67 75 71 68 63 62 59 57 55 52 49 45 42 39 37 35 34 33 34 28 27 27 26 25 26 29 34
265 267 270 272 275 279 283 289 296 303 299 289 283 278 275 273 270 268 268 269 269 269 269 267 265 266 267 267 267 268 270 269 269 267 265 264 261 255 250 246 245 247 251 259 231 79 73 76 73 69 64 64 65 81 70 71 67 66 64 62 59 55 52 47 42 38 36 34 33 33 33 27 27 27 27 25 25 28 33
263 265 268 270 273 276 282 288 297 299 288 284 279 274 270 267 264 263 263 264 264 264 263 261 261 262 264 265 266 267 268 268 267 265 263 261 259 255 250 245 241 246 246 252 236 89 76 79 79 75 67 64 70 79 74 74 72 70 68 66 63 59 54 48 43 39 35 34 33 33 28 27 27 27 27 25 24 27 32
261 263 265 267 270 274 279 286 294 288 286 283 276 269 264 261 259 257 257 257 258 257 256 256 257 257 260 263 265 268 268 267 266 262 259 256 256 256 252 246 239 244 244 247 220 113 81 84 76 75 69 63 76 74 79 79 77 73 68 67 64 51 56 50 45 40 35 33 32 31 31 27 27 28 27 25 24 26 31
260 261 263 265 267 271 274 283 281 282 285 282 271 262 257 254 253 251 249 248 249 250 251 253 255 255 256 262 266 269 268 266 263 259 253 250 250 251 249 246 239 240 239 238 226 139 78 87 76 72 74 71 79 69 82 80 79 74 68 64 56 50 45 43 46 41 37 33 33 31 27 27 28 28 27 25 24 25 30
258 259 260 262 264 266 269 273 269 271 275 272 264 257 251 247 245 243 240 240 242 244 247 251 255 258 258 260 264 263 260 261 259 258 247 239 239 242 244 246 237 236 236 235 222 190 46 52 57 60 72 72 78 63 81 80 83 78 70 63 59 49 44 41 40 44 39 34 34 32 27 28 28 28 27 25 23 25 29
256 257 258 259 260 261 262 258 253 250 247 250 252 254 248 242 236 234 234 235 238 241 245 250 257 259 266 262 253 250 249 250 251 254 247 234 230 234 237 243 234 232 231 234 222 248 318 312 38 51 67 62 69 71 78 87 85 78 71 64 60 51 45 41 38 38 40 34 30 29 28 28 28 28 27 25 23 25 29
254 255 255 256 256 256 255 252 243 238 234 238 247 258 256 251 250 250 248 244 244 246 250 250 254 261 264 257 246 242 241 240 240 251 254 237 228 231 231 233 231 226 225 229 157 155 260 255 303 57 75 57 62 71 108 104 83 76 70 65 62 58 52 45 40 38 34 30 30 29 29 29 29 28 27 25 24 25 28
251 252 252 253 253 252 250 247 240 236 235 241 252 263 271 276 273 260 255 252 249 252 255 256 258 258 256 250 244 243 241 240 241 251 254 236 226 229 224 227 231 223 215 237 226 167 205 246 284 276 66 64 69 88 124 99 77 76 76 76 75 72 64 55 46 41 35 31 33 30 30 30 29 28 28 25 24 25 28
249 250 250 250 250 249 247 245 241 240 239 245 254 261 267 272 273 273 273 263 260 265 269 271 257 252 252 248 246 246 247 245 243 247 250 235 227 225 222 236 246 251 242 262 276 245 215 234 285 289 301 48 77 81 108 91 77 82 91 95 94 87 77 65 54 49 39 32 34 35 31 30 29 28 28 26 25 25 28
247 248 247 247 247 246 245 244 242 242 246 247 252 257 261 265 267 270 273 274 273 270 270 266 254 249 249 247 245 245 242 243 243 245 250 253 243 260 261 266 266 267 263 269 272 266 171 141 276 280 281 282 89 88 81 85 89 101 111 113 97 91 82 66 54 49 39 36 36 35 32 30 29 28 28 26 25 25 28
245 246 245 245 245 244 244 243 243 243 245 249 256 256 257 260 263 267 274 278 280 278 275 267 255 249 246 243 242 242 241 242 246 249 253 255 253 256 260 266 268 270 269 274 272 263 113 137 236 265 276 57 86 87 80 100 119 142 150 116 12 16 30 36 36 35 36 35 37 36 36 31 29 28 28 26 26 26 29
244 244 243 243 243 243 242 243 243 243 244 247 251 255 259 263 268 270 274 275 275 276 274 265 255 250 246 246 244 246 247 248 252 253 254 254 254 255 260 265 268 270 269 270 268 263 235 236 234 250 306 71 88 101 105 123 137 145 172 321 343 14 30 33 34 33 31 34 39 38 37 31 30 29 28 27 26 26 29
242 242 242 241 241 241 241 242 242 243 244 245 248 251 256 260 264 264 265 267 268 270 270 265 258 252 249 246 245 247 248 251 252 253 252 253 257 258 262 264 266 267 267 265 263 262 267 257 248 231 94 100 106 105 96 99 97 66 329 329 341 24 35 38 39 40 37 39 42 40 38 32 30 29 28 27 26 26 25
241 241 240 240 240 240 240 241 241 242 243 244 246 249 252 256 259 261 260 262 263 264 264 263 259 254 250 247 244 243 243 247 249 251 251 251 254 257 259 260 262 264 265 261 258 257 257 262 259 170 139 127 114 106 105 105 81 40 25 18 21 17 37 45 48 56 52 49 47 42 38 33 31 29 28 27 26 25 25
240 239 239 238 238 239 239 240 241 241 242 243 245 248 250 253 257 258 260 260 260 258 257 259 259 256 252 249 245 243 242 243 245 248 248 247 247 250 246 250 259 261 258 255 249 252 255 258 261 272 159 143 139 137 139 121 79 53 47 39 39 41 47 58 64 78 73 60 53 46 39 36 31 29 28 26 25 25 25
239 238 238 237 237 238 239 239 240 240 241 242 244 246 249 251 254 256 257 257 257 255 253 254 257 258 254 252 250 246 242 243 244 246 247 248 248 253 259 258 252 252 249 248 248 254 258 261 264 269 275 250 272 251 168 145 85 54 57 51 47 50 57 72 81 90 82 68 56 50 41 35 31 29 27 26 24 24 25
238 238 237 236 236 237 238 239 239 240 240 241 243 245 247 249 252 253 254 253 254 254 251 250 251 253 252 251 248 245 242 242 243 246 247 246 246 246 249 255 244 242 242 245 252 257 259 262 267 272 276 275 275 278 278 267 42 58 59 58 51 54 61 76 82 84 80 77 60 48 39 36 30 29 27 25 23 23 24
237 237 236 236 235 236 237 238 238 239 239 241 242 244 246 248 249 250 251 250 252 252 250 247 246 246 247 246 245 242 239 240 242 245 245 244 244 244 243 241 238 237 239 245 253 258 260 262 266 271 275 276 277 283 292 298 329 61 52 50 44 48 58 75 84 62 50 43 44 39 38 32 32 28 26 24 22 22 24
236 236 236 235 234 235 236 237 238 238 238 240 241 243 244 246 247 247 246 248 252 253 250 245 243 242 243 243 243 241 238 238 240 243 243 241 241 242 242 241 239 236 238 242 251 259 262 263 267 272 279 275 280 355 358 339 318 298 312 357 339 350 15 25 40 33 17 18 26 32 28 30 32 27 26 23 21 21 23
236 235 235 234 234 234 235 236 237 237 238 239 240 242 243 244 244 244 242 242 245 251 249 243 240 239 239 240 241 241 240 239 240 241 241 240 242 244 245 246 246 247 247 247 250 255 259 261 263 273 354 341 346 16 355 337 321 304 297 311 311 300 300 316 351 1 348 348 8 21 25 25 26 26 25 22 20 21 22
235 235 234 233 233 233 234 235 236 236 237 237 239 240 241 242 242 241 239 236 235 241 244 239 236 235 235 236 237 238 238 240 241 241 243 246 248 251 253 253 254 256 254 254 255 257 259 261 259 354 359 342 337 349 354 346 327 313 316 318 313 303 299 301 333 356 344 339 348 3 22 26 26 25 25 21 19 20 21
234 234 234 232 232 232 233 234 235 235 235 236 237 239 239 240 240 239 236 232 230 233 238 238 234 233 232 232 233 234 235 238 239 240 243 249 254 256 257 257 257 259 260 258 260 258 257 258 259 2 2 353 348 349 353 348 332 322 327 326 317 309 310 309 341 3 344 329 330 348 2 25 25 25 25 20 18 19 21
233 233 233 232 231 231 232 233 234 234 234 235 236 237 238 238 238 237 235 231 229 233 239 242 237 234 231 229 229 230 232 235 237 239 243 247 250 254 254 253 256 257 262 261 258 254 254 254 265 6 359 352 348 348 351 350 338 331 332 328 318 313 313 312 317 27 2 316 316 326 340 14 25 24 24 20 21 22 20
233 232 232 231 230 230 231 232 232 233 233 234 235 235 236 236 236 235 234 232 233 237 241 245 244 239 232 229 228 229 231 234 237 240 243 246 249 251 252 255 256 257 259 260 258 255 254 253 287 358 0 357 351 347 354 354 344 335 335 330 320 317 316 313 315 339 113 276 316 328 325 344 21 24 24 19 21 21 19
232 231 231 230 229 229 230 231 231 232 232 232 233 234 235 235 235 234 233 231 232 235 239 242 244 242 237 231 229 229 231 234 239 243 246 247 249 251 254 256 257 256 255 256 258 259 258 252 299 344 350 359 359 352 355 355 347 337 336 332 323 318 316 312 312 315 312 324 340 334 330 340 20 23 23 18 20 20 18
230 230 229 228 228 228 229 229 230 230 231 231 232 233 233 234 234 233 232 230 228 229 231 233 237 240 239 234 231 231 232 235 239 244 248 250 251 252 255 258 258 257 254 254 255 257 258 252 324 343 339 351 357 354 355 357 350 341 340 337 326 319 315 313 313 314 311 311 312 313 299 30 30 24 22 17 20 20 16
229 229 228 227 226 227 227 228 228 229 230 230 231 231 232 233 233 232 231 229 227 226 227 228 235 240 239 236 233 232 233 235 239 243 247 249 252 254 256 258 258 256 254 253 255 259 262 280 317 338 340 345 352 355 355 357 356 351 348 341 331 322 317 316 315 314 313 308 301 294 263 81 28 25 21 16 13 14 15
227 227 227 226 225 225 226 226 227 228 228 229 229 230 231 231 231 231 230 229 228 229 233 233 240 244 241 236 233 232 233 234 238 240 242 244 247 251 255 257 256 255 255 258 264 277 300 304 314 331 342 346 346 348 351 356 357 357 355 348 339 328 321 318 317 314 309 304 295 276 233 61 25 25 21 15 12 12 13
226 226 225 224 224 224 224 225 225 226 227 228 228 229 229 230 230 229 229 228 228 229 233 236 237 242 241 234 230 230 231 232 235 236 237 239 242 246 251 254 255 255 255 260 279 325 327 320 321 326 338 342 342 343 348 354 356 359 0 358 349 334 325 321 317 314 309 303 294 270 11 14 7 31 23 14 10 10 11
224 224 224 223 222 222 222 223 224 225 225 226 227 227 228 228 228 228 227 226 226 226 226 228 230 231 233 231 227 228 229 230 232 235 236 237 239 242 247 250 252 252 250 254 315 338 335 331 327 325 330 336 339 340 348 356 355 0 4 6 359 343 331 323 317 312 306 299 294 282 304 324 328 357 22 12 8 8 8
223 222 222 221 220 220 221 221 222 223 224 225 225 226 226 226 226 225 225 224 223 222 222 222 224 226 228 229 225 227 228 229 232 235 237 237 238 240 244 247 249 251 249 251 338 343 338 334 329 326 326 329 333 337 348 353 360 4 8 9 5 353 337 325 316 312 304 296 293 293 302 309 312 336 18 9 5 5 9
221 221 220 219 218 218 218 219 220 221 222 223 224 224 224 224 224 223 222 221 218 216 217 219 222 227 230 232 228 227 228 229 231 234 236 236 238 240 242 245 247 251 253 257 323 335 333 331 327 325 324 325 335 340 346 351 352 356 0 3 5 0 343 328 318 311 304 299 297 299 303 302 301 325 1 2 1 1 5
219 219 218 217 216 216 216 217 218 219 220 221 222 222 223 222 222 221 220 219 217 216 216 217 220 226 229 232 233 230 228 228 230 232 234 235 236 239 241 243 247 255 274 295 317 328 327 327 326 329 330 332 336 342 347 349 351 352 354 357 357 356 349 332 320 310 302 302 304 305 304 299 303 323 334 351 355 1 360
217 217 216 215 214 213 214 215 216 217 218 219 220 221 221 220 220 219 219 218 217 218 220 223 224 227 229 230 232 232 230 229 229 231 232 234 236 238 240 243 262 300 316 318 321 326 325 330 330 332 334 337 340 344 345 347 348 347 349 351 352 349 347 338 321 309 302 305 309 309 303 300 305 321 332 342 353 355 355
215 215 214 213 211 211 211 213 214 215 216 217 218 219 219 219 218 218 217 217 217 218 220 222 225 228 229 229 230 231 230 229 230 231 232 234 236 238 240 274 321 333 332 326 327 331 332 332 334 336 338 339 340 342 344 345 345 344 345 346 346 344 342 336 322 312 307 310 309 305 298 299 303 318 330 337 345 349 351
213 213 212 211 209 208 209 210 212 213 214 215 216 217 217 217 216 216 216 215 215 216 218 221 223 226 228 227 229 231 231 230 230 231 233 235 239 242 263 340 344 336 335 333 333 333 334 334 335 337 337 339 340 341 342 344 344 342 342 342 342 340 337 334 327 315 312 313 307 302 298 299 303 317 331 332 340 345 348
211 210 210 208 206 206 206 208 210 211 212 213 214 215 215 215 214 214 214 214 213 214 218 219 222 223 225 225 227 231 233 233 233 233 237 249 246 249 302 350 348 340 337 336 335 335 335 334 334 336 337 338 339 340 341 343 342 341 340 338 338 337 334 330 326 323 319 314 307 303 301 300 305 316 328 328 336 342 346
208 208 207 205 203 203 204 205 207 209 210 211 212 213 213 213 212 212 212 211 211 212 216 219 220 222 223 224 226 230 234 236 236 236 240 249 246 251 325 351 347 341 338 337 336 335 334 334 334 335 337 338 339 339 341 342 341 340 338 336 336 335 332 330 328 324 321 319 316 308 307 307 310 320 322 328 335 340 345
206 205 204 202 200 201 202 203 205 207 208 209 210 210 211 210 210 210 210 209 209 211 215 219 220 221 222 224 226 229 233 235 235 234 235 238 239 251 350 353 345 340 339 337 336 335 334 334 334 334 336 338 338 339 340 340 340 339 336 335 334 334 332 331 330 329 328 326 322 319 317 315 316 321 325 330 335 339 344
203 202 201 199 197 198 199 201 203 205 206 207 208 208 208 208 208 208 208 206 206 210 215 217 219 221 221 222 225 227 229 230 229 228 229 233 238 260 354 353 345 340 338 337 336 335 334 333 333 334 336 337 339 339 339 339 339 338 335 334 334 333 334 334 334 333 332 331 328 325 324 324 326 328 330 332 336 339 344
200 200 198 196 195 196 197 199 201 203 204 205 206 206 206 206 206 206 205 203 203 207 212 214 216 217 219 220 222 225 227 227 224 226 228 234 242 272 344 350 345 341 339 337 336 334 333 332 332 333 335 337 339 339 338 338 339 338 336 334 334 335 336 337 337 336 335 334 332 330 329 329 330 331 331 334 337 341 346
198 197 196 193 192 193 195 197 199 201 202 203 204 204 204 205 205 204 204 203 204 206 209 210 212 213 215 218 220 224 227 227 226 227 230 234 244 309 350 351 347 343 340 338 336 334 332 331 332 333 335 337 338 337 338 339 339 337 336 335 335 337 339 340 339 338 336 335 335 333 332 333 334 335 334 336 340 344 349
195 194 193 190 189 191 193 196 197 199 200 201 202 202 203 203 203 203 202 204 205 208 209 209 210 211 213 215 218 223 227 228 226 226 230 234 249 352 2 354 349 345 341 338 336 333 331 331 332 333 335 336 336 337 338 339 339 338 338 337 337 339 341 342 340 338 336 336 336 336 335 335 336 336 335 339 343 347 352
193 192 191 188 187 189 192 194 196 197 198 199 200 201 201 201 202 201 201 202 205 207 209 209 209 210 212 214 217 221 225 226 226 227 224 227 278 9 3 357 351 346 342 339 336 334 332 331 332 333 335 335 336 337 339 340 340 340 340 340 340 341 342 341 340 338 336 336 337 338 338 338 338 338 336 342 346 350 355
190 190 188 186 185 188 190 193 194 195 196 197 198 199 199 200 200 200 202 203 204 205 207 207 207 208 210 214 217 219 222 240 234 232 233 236 17 14 2 357 352 347 342 339 336 334 332 331 331 333 334 335 337 338 340 341 341 342 342 342 342 342 342 340 339 337 336 336 338 340 340 339 338 338 337 345 350 353 359
188 188 187 184 183 186 189 191 192 193 194 196 196 197 198 198 199 199 202 205 207 205 206 206 205 205 206 210 214 216 222 314 286 240 236 246 349 360 356 354 351 347 343 339 337 334 332 331 331 332 334 336 338 339 341 343 343 344 344 344 343 342 341 339 337 336 336 337 339 341 341 340 340 340 338 348 354 357 2
187 186 185 182 181 185 187 189 190 192 193 194 195 195 196 196 196 200 203 205 207 214 205 206 205 204 205 207 206 209 295 319 234 228 224 260 327 357 354 352 349 346 343 340 337 335 333 332 332 333 336 337 339 341 343 345 346 346 346 345 344 342 340 338 336 335 336 338 340 342 342 341 342 343 340 352 358 1 7
185 184 183 181 179 183 185 187 189 190 191 192 193 193 194 193 193 199 208 209 207 214 224 208 208 205 204 202 200 312 315 313 225 223 224 326 337 1 354 350 348 346 343 340 338 336 334 333 333 335 337 339 341 343 346 348 348 348 348 347 345 342 339 337 335 335 336 338 341 343 344 344 346 347 343 357 3 6 11
183 182 182 180 178 182 184 186 187 189 190 191 191 192 192 191 191 197 205 210 210 207 211 210 210 208 200 198 339 323 318 301 226 215 297 353 348 357 352 349 348 346 343 341 339 337 336 335 335 337 339 340 343 346 349 351 351 351 350 348 345 342 339 336 335 335 337 339 343 345 347 349 351 352 349 2 8 11 16
181 181 180 179 177 180 182 184 186 187 188 189 190 190 190 190 193 197 199 199 202 205 210 212 210 206 203 47 359 336 321 261 224 209 274 7 357 358 353 351 348 346 344 342 340 338 337 337 337 339 340 343 345 349 352 354 354 353 351 349 346 342 338 336 335 336 338 341 345 349 351 354 358 359 357 8 13 16 20
179 179 179 178 176 179 181 183 184 186 187 188 189 189 189 189 193 197 197 195 199 204 208 215 220 222 221 287 347 333 316 286 239 212 288 2 359 358 356 352 349 347 345 343 341 340 339 339 340 341 343 345 348 352 355 356 357 355 353 350 346 342 338 336 336 337 340 344 349 353 356 0 5 7 5 13 18 21 25
178 178 178 177 175 178 180 182 183 184 186 187 188 188 188 190 195 198 198 196 198 204 210 214 220 217 207 299 338 327 314 308 273 245 318 351 360 358 357 354 351 349 346 344 343 342 342 341 342 343 345 348 351 355 357 359 359 357 354 350 346 342 339 337 337 339 343 348 354 360 4 9 13 15 13 17 23 26 30
176 176 176 176 175 178 179 181 182 183 184 186 187 187 187 190 196 198 201 199 200 198 207 212 217 226 230 308 329 320 316 303 256 255 347 345 353 356 357 355 353 350 348 345 345 345 344 344 345 346 348 351 355 358 0 2 1 359 356 351 347 343 340 338 339 342 347 354 2 10 17 22 25 25 21 22 28 31 35
175 175 175 175 174 177 178 180 181 182 184 185 186 186 188 191 195 198 203 202 200 191 201 208 216 226 270 317 322 314 309 276 229 298 357 350 353 356 357 356 354 352 349 347 347 347 348 348 348 350 352 355 358 1 3 4 3 1 357 352 348 344 341 340 342 347 354 3 13 23 32 38 41 38 31 28 33 36 39
174 174 174 174 174 176 177 179 180 181 183 184 184 185 188 192 195 199 201 206 200 184 194 206 229 272 304 313 316 308 303 269 236 348 355 357 355 357 358 357 356 354 351 349 349 350 351 351 352 354 356 359 2 5 7 7 6 3 359 354 349 346 344 346 351 359 8 18 29 39 48 54 56 52 40 34 39 41 44
173 173 174 174 173 176 177 178 179 181 182 183 183 186 190 194 195 199 200 199 207 176 187 246 292 295 300 311 320 297 280 246 255 348 353 355 357 357 358 358 357 356 353 352 352 354 355 355 356 358 0 3 6 9 11 12 11 8 3 358 354 351 352 358 9 20 30 38 47 57 64 68 69 63 49 41 45 46 49
172 173 173 173 173 175 176 178 179 180 181 182 183 188 193 193 194 196 191 186 83 56 311 295 297 304 312 310 327 286 232 217 347 348 355 358 357 358 359 360 359 358 356 355 356 358 359 360 1 3 6 9 12 14 16 17 17 16 13 9 6 5 12 26 39 49 55 61 68 75 79 81 80 73 58 49 51 52 53
172 172 173 173 173 175 176 177 179 180 181 182 184 189 192 195 194 194 178 177 102 129 176 322 311 314 315 312 328 280 229 299 332 348 1 0 359 0 1 1 1 0 359 360 2 5 6 6 8 10 13 15 18 20 22 25 28 32 35 37 39 43 52 62 70 75 79 83 87 91 93 93 90 82 67 57 58 58 58
171 172 173 173 174 175 176 177 179 180 181 184 187 188 190 195 193 189 174 165 123 15 169 36 342 341 334 326 327 303 300 312 321 356 6 5 3 3 3 3 4 3 4 7 10 13 14 15 17 19 22 24 26 28 32 39 48 61 74 85 91 92 91 91 92 94 96 100 103 104 105 103 99 90 75 64 65 64 63
171 172 173 173 174 176 176 177 178 177 179 185 190 188 188 195 196 181 173 177 165 58 62 61 36 15 357 341 331 312 303 295 322 6 14 11 8 7 6 6 7 8 11 16 20 23 24 26 29 31 33 35 37 42 49 63 80 96 108 114 115 113 110 108 107 107 109 111 113 114 113 111 107 98 84 73 72 70 68
171 172 173 174 175 176 176 176 175 175 179 186 189 188 189 194 199 180 164 161 161 32 31 89 86 71 49 354 312 276 261 250 344 6 20 19 15 12 10 10 12 16 21 27 31 34 37 39 42 44 47 50 55 63 76 92 107 117 123 125 124 122 120 118 117 116 117 119 120 120 120 118 114 106 92 81 79 76 73
171 172 173 174 175 176 175 174 173 177 179 182 186 194 189 190 201 185 186 141 104 5 340 81 129 143 164 133 238 214 219 223 26 26 27 27 22 19 16 17 21 27 34 39 44 48 51 53 56 60 64 70 78 89 103 115 124 128 130 130 128 126 125 124 123 123 123 125 126 126 125 123 120 112 99 88 85 82 78
171 172 173 174 176 175 174 172 173 178 179 176 181 188 193 190 200 192 214 52 2 331 324 333 140 146 159 169 231 216 182 53 25 31 34 34 30 27 26 28 34 41 47 53 58 62 65 68 73 78 84 92 101 110 119 125 130 131 131 130 128 127 126 125 125 125 126 128 128 128 128 127 124 116 105 94 90 86 82
171 171 172 174 175 174 172 172 174 176 172 173 179 182 180 186 194 191 39 18 346 341 336 335 122 135 142 70 314 239 207 39 29 35 41 41 40 39 41 46 51 57 63 68 72 76 80 84 90 97 105 113 120 127 132 135 136 136 134 132 130 129 129 129 129 129 131 132 133 133 133 132 128 121 109 99 94 90 86
171 171 171 173 174 172 171 172 173 171 168 169 175 175 176 173 172 171 28 7 3 356 354 354 3 27 40 20 359 288 347 41 37 43 48 51 53 56 60 65 69 74 79 83 87 91 96 101 107 112 118 123 127 130 132 133 133 132 131 129 128 128 128 128 129 130 131 132 133 133 133 131 128 122 113 103 98 94 90
170 170 170 172 173 170 169 171 171 166 165 165 168 164 160 156 148 95 45 23 20 17 14 14 21 32 39 32 16 50 63 51 43 48 57 65 72 78 82 85 88 92 95 99 103 108 114 120 125 129 133 136 138 140 141 141 141 139 138 136 136 136 136 136 136 137 138 139 140 141 141 140 138 132 121 108 102 97 93
169 168 169 170 170 170 170 172 170 168 167 166 165 159 157 141 90 61 52 45 38 39 43 50 52 53 57 59 58 58 64 60 57 58 67 77 84 90 94 96 98 101 104 107 112 116 121 125 128 131 133 134 136 136 136 135 134 133 132 131 131 131 131 131 132 133 133 133 133 133 131 129 127 123 118 111 105 100 95
167 166 167 168 169 170 171 172 170 169 167 163 159 157 151 115 87 75 66 59 52 51 55 57 58 60 62 65 67 70 75 80 84 86 90 93 96 99 101 103 105 107 109 111 114 117 120 123 125 127 129 130 131 131 131 130 129 128 127 127 126 126 126 126 126 127 126 126 126 125 124 122 120 118 115 111 106 102 97
164 163 164 166 169 171 172 171 169 166 164 159 156 152 140 111 90 80 73 67 58 57 58 60 62 62 65 67 71 75 81 88 95 98 100 102 103 105 106 108 109 110 111 113 115 118 120 123 125 127 128 130 130 131 130 130 129 128 127 127 126 126 125 125 125 125 124 124 123 122 121 120 119 117 114 111 107 103 99
162 160 161 163 167 170 171 167 164 161 157 154 150 144 130 109 94 87 78 70 64 59 61 62 64 65 68 71 75 80 85 92 97 100 101 103 103 104 105 106 107 107 109 110 112 115 117 120 122 124 125 126 127 127 127 127 126 125 125 124 124 123 123 122 122 122 121 121 121 120 120 119 117 115 113 110 107 104 100
