---
BL Avg Wind Direction [deg] Valid 1100 NZST ~Z75~(2300Z)~Z~ WED 7 Jan 2026 ~Z75~[95hrFcst@2128z]~Z~
Model= RASP Region= NZ Grid= d2 Reskm= 2.0 Indexs= 1 69 1 69 Proj= lambert 2000 2000 -35.0000 -42.0000 176.0000 -37.7968 175.7263
Day= 2026 1 7 WED ValidLST= 1100 NZST ValidZ= 2300 Fcst= 95.0 Init= 94 Param= blwind Direction Unit= m/sec Mult= 1 Min= 0 Max= 360
238 238 237 238 238 238 238 238 238 239 239 239 239 239 239 239 239 240 240 241 242 245 247 246 245 249 246 247 248 248 249 250 251 253 255 253 253 256 257 258 259 255 255 258 260 260 260 262 264 264 264 264 264 265 266 266 266 264 263 263 263 263 262 261 261 262 263 264 265
237 237 237 238 238 239 238 239 239 239 239 239 238 238 237 238 238 238 238 240 241 245 247 247 244 250 247 247 248 248 250 251 252 253 254 251 250 253 254 256 257 252 253 258 260 260 260 263 265 264 263 263 264 265 266 267 267 264 263 263 264 264 263 260 260 259 261 262 264
238 237 237 238 239 239 239 239 239 239 239 238 238 237 237 237 237 238 238 239 240 243 246 247 247 249 248 248 249 249 250 251 252 253 254 253 251 252 253 255 257 255 255 257 259 260 261 262 264 263 263 263 264 265 266 266 266 264 263 263 264 265 263 260 258 258 259 261 264
238 238 239 239 240 240 240 239 239 239 238 238 237 237 237 237 237 237 237 238 239 242 245 246 247 249 249 249 249 249 250 251 252 253 253 252 251 251 253 256 258 257 257 257 258 260 263 264 263 262 262 262 263 265 265 265 265 264 263 263 264 263 261 258 256 257 259 261 264
239 239 240 240 240 240 240 239 239 239 238 238 237 237 237 237 237 237 237 238 239 241 243 245 247 249 250 250 250 249 249 251 252 252 253 253 252 251 253 258 261 259 256 255 256 260 266 267 264 261 259 259 262 265 264 262 263 264 264 263 262 259 257 257 257 258 261 263 265
240 240 240 240 240 240 239 239 239 239 239 238 238 239 239 238 237 236 237 238 239 241 242 243 246 251 253 253 251 249 250 252 252 252 252 252 250 249 253 261 263 259 254 254 257 261 267 270 266 259 255 257 263 267 263 258 260 263 263 262 260 254 252 257 260 262 264 265 266
240 240 240 240 240 240 239 239 239 239 239 239 239 240 238 236 234 235 236 238 239 241 243 243 248 254 255 252 249 247 250 253 253 252 252 251 251 254 261 266 265 260 254 253 255 259 265 270 267 259 255 257 263 265 258 252 258 264 263 260 259 256 257 261 262 265 266 267 266
239 239 239 239 240 239 239 239 239 239 239 240 240 238 235 233 234 236 237 238 240 242 243 244 249 254 255 252 249 248 252 255 253 253 253 253 253 257 265 267 264 258 253 252 255 260 265 267 265 260 257 258 261 260 253 251 257 263 261 259 259 260 261 262 269 265 266 266 265
237 237 238 238 239 239 238 238 238 238 239 240 237 235 235 236 238 239 239 239 240 241 242 244 248 252 253 251 250 251 254 255 254 254 254 253 253 259 266 268 263 258 254 253 255 260 265 265 263 259 258 259 260 256 252 252 257 259 259 260 261 262 263 264 258 262 264 265 264
233 234 235 237 238 237 237 238 237 236 236 238 237 234 236 238 240 239 238 238 239 240 242 245 248 249 251 251 251 251 252 252 254 255 253 251 253 260 266 267 264 260 257 255 257 261 262 262 261 259 258 258 257 255 252 253 255 257 259 261 262 262 264 266 263 261 263 264 263
233 234 235 236 237 237 237 237 236 235 235 239 239 236 237 238 239 237 236 237 238 240 242 245 246 246 249 253 252 251 249 250 255 257 255 254 257 263 267 267 263 261 259 258 259 260 260 259 259 260 258 256 255 254 253 252 253 255 258 261 262 262 263 264 257 261 264 264 264
231 232 234 236 237 237 238 237 236 236 236 238 240 238 236 238 238 237 236 236 239 242 243 243 242 245 250 253 252 248 247 251 257 259 255 253 257 263 265 264 261 259 259 258 259 260 258 257 258 259 257 254 253 252 252 252 253 255 258 260 260 260 261 271 350 265 265 264 264
230 231 235 237 238 238 239 237 237 237 236 238 241 240 237 238 239 239 237 238 240 243 242 241 242 247 251 252 250 247 247 252 257 258 255 253 257 262 263 262 262 259 256 256 259 260 259 257 257 257 255 253 252 251 252 252 253 255 256 257 259 261 260 312 296 265 264 264 264
234 237 239 239 239 240 239 238 237 237 238 240 241 240 238 239 240 240 238 239 241 243 242 242 244 248 250 250 249 248 248 256 258 259 255 254 257 261 262 262 262 257 255 256 260 262 260 257 255 254 253 252 251 251 252 252 253 254 254 256 260 263 261 260 266 265 264 264 264
240 242 242 242 241 241 239 237 235 235 236 238 239 238 238 238 239 238 238 239 242 242 243 244 246 248 249 249 248 247 250 257 257 257 254 253 256 261 264 264 260 256 254 257 260 262 260 256 253 252 253 252 251 250 251 251 252 254 255 256 261 262 264 267 265 263 263 263 264
244 246 245 243 242 241 240 236 233 233 235 238 238 237 236 237 238 237 237 240 242 242 243 244 246 247 248 247 247 246 251 252 255 254 252 251 256 261 264 262 261 258 256 256 259 260 258 254 252 252 252 251 249 249 251 252 251 255 258 259 262 262 263 265 242 263 265 265 265
248 246 245 245 242 242 240 236 233 235 240 241 239 238 237 237 238 238 238 240 241 241 242 244 247 248 247 246 246 245 246 248 251 251 249 251 256 260 262 262 260 258 256 256 256 257 256 253 252 253 252 251 248 248 251 252 250 255 261 288 262 263 262 257 240 266 267 268 267
249 246 245 244 243 242 240 236 234 238 241 239 239 239 238 238 239 238 238 239 240 241 242 245 247 248 247 246 245 244 244 246 249 250 250 253 255 258 260 261 258 256 256 255 256 256 256 254 253 252 251 249 247 248 252 253 254 260 303 278 261 259 257 255 265 271 271 271 270
251 247 245 244 242 242 240 236 235 237 237 235 238 240 239 238 238 238 237 238 240 241 243 245 247 247 247 246 244 242 242 244 247 250 252 253 254 255 258 257 256 256 257 257 257 256 254 252 251 250 249 248 247 248 250 253 262 270 273 281 267 255 257 260 267 272 273 273 271
250 248 245 244 242 240 239 235 234 234 231 231 237 240 239 238 239 239 238 239 240 241 243 244 245 246 246 245 242 240 240 242 245 249 250 250 251 253 256 256 255 257 258 258 257 255 253 251 251 249 248 247 246 247 248 249 253 258 259 264 276 253 257 264 267 270 272 274 273
247 245 243 241 240 239 237 235 232 230 227 228 237 241 240 238 237 237 238 240 241 242 242 243 244 244 244 243 240 238 239 242 244 247 247 248 251 254 256 257 258 258 259 258 257 255 253 251 249 248 247 246 246 247 248 248 251 251 236 246 249 251 257 269 291 271 272 274 274
243 241 240 239 237 236 235 233 232 228 225 230 238 241 240 239 237 237 238 239 240 241 242 243 243 242 242 241 238 233 234 241 243 244 244 247 252 255 255 256 255 257 258 258 256 253 251 250 247 246 245 244 244 246 245 246 247 246 245 249 255 232 237 245 243 272 274 274 275
240 238 237 236 234 233 232 231 231 228 227 233 238 240 241 239 237 237 239 240 241 241 242 243 243 242 242 243 242 238 241 248 246 242 242 246 253 255 253 252 255 258 260 259 255 252 249 247 245 244 243 242 242 242 243 244 244 246 245 248 256 260 257 270 279 278 277 277 277
237 235 235 233 232 230 230 231 233 229 229 234 236 238 243 243 239 236 237 240 241 242 242 242 243 243 243 246 246 243 246 251 247 242 242 246 251 252 248 249 254 257 260 258 254 250 246 244 243 242 241 241 240 241 242 245 246 248 247 246 250 255 252 272 289 289 285 283 283
235 233 233 231 231 230 231 234 236 233 232 235 234 237 244 245 240 237 238 239 240 241 242 243 243 242 243 246 246 245 246 248 246 242 242 245 249 249 247 249 253 258 259 257 252 247 244 243 242 242 240 239 239 240 243 245 246 246 244 242 247 259 261 274 292 300 295 310 319
233 232 232 230 230 231 232 236 239 238 235 235 235 239 245 246 239 236 237 239 241 241 240 241 242 242 243 246 245 244 243 244 244 241 242 244 248 247 246 249 251 254 257 256 252 245 243 243 242 240 238 238 239 240 242 244 244 244 242 243 253 268 268 277 306 325 335 342 344
230 230 230 229 229 230 232 237 239 238 237 238 239 241 244 244 239 235 236 239 241 241 241 241 241 242 245 246 245 241 240 242 242 241 241 243 245 245 245 247 250 253 255 253 250 244 242 242 240 238 236 237 240 242 245 246 245 244 243 249 261 271 271 289 342 346 349 352 354
227 228 228 227 227 229 231 234 236 236 236 236 236 239 241 241 238 235 236 239 241 241 241 242 242 242 243 243 242 239 238 240 241 240 240 241 243 243 244 246 248 252 251 250 247 244 241 240 238 236 237 240 242 244 244 245 246 247 246 254 265 275 287 329 349 351 352 353 354
224 225 226 225 225 226 228 231 232 230 229 232 235 239 239 238 237 236 236 238 240 240 240 241 242 243 243 241 239 237 237 238 239 239 238 239 241 242 243 245 246 249 252 250 247 243 240 239 237 236 237 240 243 245 248 249 250 248 249 258 269 284 329 343 345 350 351 352 353
221 223 224 223 224 224 226 229 229 226 227 235 239 239 238 237 235 235 236 237 239 239 239 240 241 241 240 238 237 236 236 237 237 237 237 238 240 241 242 244 246 250 252 250 247 242 241 240 238 238 238 242 248 253 253 253 253 254 256 263 273 294 346 345 347 350 351 351 353
218 220 222 222 223 223 227 233 234 228 230 240 243 240 237 236 235 236 237 237 238 238 237 238 239 239 237 236 236 235 234 235 235 235 236 236 238 240 241 243 246 250 250 248 246 244 242 241 241 241 242 248 254 256 256 257 259 262 261 264 277 316 350 349 350 351 351 351 354
219 222 222 223 223 224 230 240 239 230 231 242 246 240 235 234 234 235 236 237 237 237 236 237 237 237 234 234 235 234 233 234 234 234 235 236 237 239 240 241 245 248 248 246 244 241 242 241 241 241 244 249 255 258 262 264 263 263 259 267 287 339 355 354 352 352 351 353 354
224 225 226 225 225 227 234 245 242 231 232 241 245 240 235 234 235 236 236 236 235 235 234 234 235 234 233 232 233 233 233 234 235 234 233 234 236 238 239 240 244 247 247 245 243 242 241 240 240 241 245 249 255 261 266 267 266 262 259 275 336 350 356 356 354 354 352 353 355
237 233 232 230 231 231 237 247 244 233 233 238 241 238 234 232 233 234 235 235 235 234 233 233 233 232 231 231 232 233 234 235 235 235 234 234 237 238 239 240 243 246 247 246 244 242 241 239 238 241 245 249 256 263 267 270 267 262 262 296 355 355 356 358 355 355 353 353 356
245 238 236 234 234 235 240 244 239 231 231 235 237 236 233 232 233 232 233 233 234 233 233 232 232 231 230 230 232 234 235 235 234 234 234 235 237 238 238 239 242 245 247 245 242 239 238 236 237 241 245 250 257 264 268 273 270 266 274 339 356 355 355 358 356 356 355 356 358
244 240 237 236 235 237 240 237 231 230 232 233 234 234 232 232 231 232 232 232 233 232 232 232 232 231 231 232 233 235 234 234 233 233 234 235 236 237 237 238 241 244 245 243 239 236 235 235 237 241 245 249 257 264 273 279 280 282 320 344 355 357 357 359 358 358 358 1 1
239 236 236 235 235 237 238 232 228 233 236 233 232 232 230 231 230 231 232 232 232 232 231 231 231 231 231 232 234 235 233 232 232 233 234 235 235 236 236 239 242 244 244 240 236 235 235 236 239 241 245 251 258 268 282 324 326 323 341 346 355 357 357 0 0 1 1 3 3
233 234 234 234 234 236 234 228 228 234 238 233 231 230 230 230 230 230 232 232 232 231 230 230 231 231 231 231 233 234 233 232 232 234 234 234 235 235 237 240 242 242 240 238 235 233 233 236 240 240 247 256 262 277 329 351 346 343 349 351 358 359 359 6 7 6 5 4 4
231 231 233 233 232 233 231 227 227 232 236 232 229 229 229 229 229 230 231 231 231 231 230 230 230 231 231 230 231 232 232 232 232 234 234 234 234 235 237 240 240 238 236 235 234 234 235 241 242 241 260 268 270 342 345 355 354 351 354 355 358 5 6 5 4 4 5 5 5
230 230 231 231 230 230 228 226 226 230 234 233 230 229 228 228 228 229 230 230 230 230 230 230 230 230 230 229 229 231 231 231 231 233 233 233 234 234 236 238 238 236 233 232 234 235 239 243 243 251 308 325 318 344 351 2 359 354 358 358 3 4 5 5 4 4 4 5 5
228 228 228 228 227 226 225 224 224 226 230 231 229 228 227 227 227 228 229 229 230 230 230 229 229 229 229 228 228 230 231 230 231 232 233 233 233 234 235 237 236 233 231 232 233 237 241 245 254 280 337 339 333 346 338 355 353 356 3 4 4 4 4 4 4 4 4 5 5
226 226 226 225 224 223 223 223 223 224 227 229 228 226 226 226 227 228 228 229 229 229 229 229 228 228 228 227 227 229 230 230 230 231 232 233 233 234 236 237 237 235 233 233 236 241 246 310 319 317 358 348 345 344 340 350 360 2 3 3 4 3 4 4 4 4 4 5 5
225 224 224 222 222 221 221 222 222 223 225 227 227 226 225 225 226 227 228 228 228 228 228 227 227 227 226 226 226 228 229 228 229 230 232 233 234 235 237 239 238 235 234 236 239 254 318 350 339 340 359 4 0 359 347 358 359 2 3 3 3 3 3 3 4 4 4 5 5
223 222 221 220 220 220 220 220 222 223 225 228 228 227 226 225 226 226 227 227 227 227 227 227 226 225 225 225 225 226 227 227 228 230 232 234 236 238 240 240 239 235 234 238 243 360 359 351 337 331 353 358 356 358 360 359 1 1 2 3 3 3 3 3 3 4 4 5 5
221 220 219 218 218 218 219 220 222 222 223 224 225 225 225 224 224 225 225 225 226 226 227 225 225 224 224 223 224 225 225 226 228 230 233 236 238 241 243 242 239 235 236 238 266 1 359 352 336 329 348 357 358 357 358 360 0 2 2 2 2 2 3 3 3 4 4 5 5
219 218 218 217 217 217 219 221 223 223 222 223 224 224 224 224 224 224 224 224 224 225 225 224 223 222 222 222 222 223 223 224 226 229 233 236 239 241 242 241 239 235 236 240 12 9 359 354 321 323 337 355 357 358 359 360 1 2 2 2 2 2 2 3 3 3 4 4 4
218 217 217 216 216 217 218 220 222 223 222 221 221 221 221 221 222 223 223 223 222 222 223 222 221 220 220 220 220 221 222 222 224 227 231 233 234 236 239 240 236 233 232 245 14 9 357 360 349 345 357 357 358 358 359 360 1 2 2 2 2 2 2 2 2 3 3 3 4
216 216 216 216 216 217 216 219 222 223 222 221 220 220 221 221 222 223 223 223 222 222 222 221 219 218 219 219 219 219 220 220 220 222 226 227 227 229 234 238 235 230 229 29 21 10 355 357 9 2 358 358 358 358 359 0 1 2 3 3 3 2 2 2 2 2 3 3 4
215 214 215 215 214 215 218 216 218 219 218 218 219 218 218 219 220 222 223 223 222 223 223 221 219 217 217 217 218 218 218 218 217 218 222 224 224 227 233 236 234 225 220 36 23 14 358 297 3 2 1 360 359 359 360 1 2 3 3 3 3 3 2 2 2 2 2 3 3
214 213 214 214 213 212 212 214 215 216 202 214 215 216 210 216 217 219 221 221 222 222 222 221 219 216 216 216 216 217 217 217 216 219 224 226 226 229 233 233 228 218 224 21 29 22 14 351 5 4 1 1 360 0 1 2 3 4 4 4 4 3 2 2 1 1 2 2 2
213 212 213 212 212 211 212 215 216 217 215 213 212 213 212 214 215 217 219 218 218 219 220 220 218 215 215 215 215 216 216 217 217 221 226 228 228 230 232 232 230 228 237 46 35 27 5 18 10 6 3 2 1 2 3 4 5 5 6 5 4 3 2 2 1 1 1 1 0
211 211 212 214 210 209 211 214 216 218 219 217 214 215 214 214 215 216 217 216 215 217 218 217 215 214 214 215 214 215 216 217 218 222 226 228 230 232 234 233 234 238 291 47 41 35 26 20 15 9 5 4 3 4 5 6 7 7 7 6 5 4 2 1 0 360 359 359 358
210 210 211 215 221 211 211 215 216 214 214 205 210 214 215 215 215 216 217 216 216 216 216 214 212 212 213 214 214 214 215 217 218 221 226 228 231 235 238 238 239 242 262 54 44 38 32 26 19 12 8 6 6 6 7 8 8 9 8 7 6 4 2 1 359 358 357 356 355
209 209 210 213 222 237 215 218 216 216 218 189 205 213 213 212 213 216 217 218 217 216 215 212 210 210 211 212 213 214 216 217 219 223 228 231 234 238 241 241 244 245 257 41 53 46 39 32 24 17 12 10 10 10 10 11 11 11 10 9 7 5 2 360 357 356 354 353 351
207 208 209 209 210 212 213 215 210 165 92 189 210 210 209 209 211 215 217 218 218 216 214 211 209 209 210 212 213 214 217 219 221 226 232 235 237 241 243 243 246 245 249 26 54 53 46 39 30 23 18 15 14 14 14 14 14 13 12 11 8 5 2 359 355 352 350 348 347
206 207 208 208 208 213 211 210 206 107 118 183 206 207 209 210 212 215 218 219 219 216 213 210 209 209 211 212 213 215 218 221 222 228 233 235 236 240 242 243 243 243 247 36 49 55 51 44 36 28 23 21 19 19 18 18 18 17 15 13 10 6 1 357 352 348 345 343 341
205 206 207 207 206 205 207 207 207 207 208 206 208 209 212 213 215 216 218 219 218 215 211 209 209 210 212 213 213 215 218 220 222 227 232 234 235 240 242 240 239 239 242 46 49 56 55 50 42 35 30 27 25 25 24 24 23 22 20 16 12 7 0 354 347 342 339 336 334
203 204 205 205 205 205 207 208 209 211 214 215 214 215 216 216 216 218 219 218 216 212 209 209 210 211 212 213 213 215 218 219 221 224 230 233 234 237 240 237 236 234 232 53 57 61 59 56 49 43 37 34 33 31 31 31 30 29 26 22 15 7 358 349 340 334 330 327 325
202 203 204 204 204 205 207 209 209 212 215 216 216 216 216 215 216 218 218 217 214 211 210 211 212 211 212 212 213 215 218 219 221 223 228 232 231 234 239 238 236 234 179 67 66 66 63 61 55 50 45 42 41 40 40 40 40 39 36 30 21 8 354 340 329 322 319 317 315
201 202 203 204 204 205 208 209 210 212 213 213 212 212 213 214 215 217 217 216 214 212 212 213 212 210 211 212 213 215 218 220 221 223 226 230 231 234 239 240 240 227 97 75 73 70 68 66 61 57 53 51 50 50 51 52 55 57 53 46 33 10 343 323 311 307 306 305 304
202 203 203 203 204 206 208 209 210 211 211 209 208 208 210 212 214 215 215 215 213 211 212 212 211 210 211 213 213 215 218 221 222 223 226 230 233 237 241 239 236 99 90 80 74 73 71 69 67 64 62 60 60 61 63 68 77 93 86 77 65 20 301 289 287 289 291 293 294
202 203 204 204 206 206 207 209 210 210 209 207 205 206 209 211 212 213 213 213 212 212 212 211 210 210 211 213 213 216 219 223 223 225 226 229 233 239 243 240 106 92 81 81 76 76 74 73 71 70 69 69 70 71 76 86 120 142 119 115 126 181 232 253 264 272 278 282 285
202 204 204 205 207 207 208 209 209 209 208 207 206 208 209 210 210 211 212 212 212 212 212 210 210 211 212 214 214 216 220 223 225 226 227 228 233 241 240 227 91 90 84 79 78 77 77 76 75 74 75 76 78 80 86 105 215 202 111 122 144 183 214 233 247 258 267 273 277
203 204 205 206 207 207 207 208 208 208 208 209 210 210 210 210 211 212 212 212 213 212 211 210 211 211 213 214 214 216 220 223 224 226 227 229 234 239 235 76 85 80 82 77 78 78 78 79 78 78 79 81 83 88 93 108 179 47 107 124 153 185 207 224 238 249 258 265 271
202 204 206 206 206 206 206 206 207 207 208 209 210 210 210 211 211 211 211 212 212 212 211 211 212 212 213 213 214 216 219 222 224 227 229 230 233 237 235 84 84 78 79 78 79 80 81 82 82 82 82 84 88 94 101 110 113 92 110 138 169 192 207 220 232 243 253 260 266
202 203 205 205 205 205 205 205 206 207 208 209 209 209 209 210 210 209 210 210 211 211 211 212 212 212 213 214 214 216 219 222 225 229 230 231 233 234 117 84 83 79 79 79 80 81 83 84 84 85 85 87 91 97 106 121 142 145 146 153 166 185 204 218 229 239 249 256 262
200 202 203 202 202 203 203 204 205 206 207 208 208 208 209 208 208 207 208 210 215 222 212 212 213 214 215 216 217 219 222 224 229 232 232 230 231 232 94 85 83 80 80 80 82 83 84 85 85 86 87 90 93 99 108 122 140 151 158 163 174 189 204 216 227 236 246 253 259
199 201 202 200 199 200 202 203 205 205 206 207 206 207 209 205 196 199 206 283 226 234 242 237 212 214 216 217 219 221 223 224 235 239 232 228 229 229 97 87 83 82 78 79 77 85 86 86 87 87 88 91 96 102 112 125 140 152 161 169 179 192 204 214 225 234 243 250 256
199 200 199 197 198 200 201 202 204 204 205 206 206 207 207 195 179 197 326 331 334 241 252 218 220 217 218 219 220 222 224 225 234 235 229 227 229 228 105 88 84 82 77 77 76 85 88 88 88 87 88 93 98 106 116 128 140 153 163 172 183 193 204 214 224 233 241 248 254
