---
BL Depth [m] Valid 1200 NZST ~Z75~(0000Z)~Z~ WED 7 Jan 2026 ~Z75~[96hrFcst@2128z]~Z~
Model= RASP Region= NZ Grid= d1 Reskm= 6.0 Indexs= 1 79 1 99 Proj= lambert 6000 6000 -35.0000 -42.0000 176.0000 -38.5000 176.0000
Day= 2026 1 7 WED ValidLST= 1200 NZST ValidZ= 000 Fcst= 96.0 Init= 94 Param= dbl Unit= m Mult= 1 Min= 8 Max= 2797
83 58 88 122 85 671 873 963 1024 98 31 341 460 296 56 134 134 136 138 290 409 494 548 630 945 1060 1160 840 994 1528 1518 1804 2206 2400 1387 931 895 614 415 827 137 29 8 8 35 54 74 93 118 139 151 156 158 160 165 168 171 173 172 170 168 162 151 146 154 173 192 219 245 291 8 134 30 416 435 440 432 421 414
57 87 124 101 135 126 101 309 163 308 213 196 281 297 279 170 165 153 131 225 315 393 430 503 697 692 764 858 844 953 1251 1632 1512 1593 1815 1442 1256 1045 804 740 38 8 8 32 48 69 86 96 107 121 132 139 144 149 155 165 171 173 174 172 169 157 143 138 148 172 197 227 9 24 140 166 152 27 9 9 431 421 413
57 68 84 84 125 132 127 157 285 148 152 170 175 291 174 178 143 138 134 202 283 353 435 467 687 632 683 686 599 572 758 1177 1357 1523 1581 1668 1500 1260 1071 1082 1085 90 52 57 73 90 98 96 96 106 114 123 133 140 146 155 167 8 24 46 8 158 137 128 138 168 195 60 125 153 176 192 174 135 40 28 427 9 9
57 82 91 91 87 123 134 169 149 135 144 180 169 188 169 133 125 130 147 199 271 351 438 549 620 704 611 572 488 446 467 561 1029 1324 1452 1374 1273 1095 1036 1056 1049 471 165 155 138 139 122 88 79 91 105 109 126 132 137 146 83 121 132 139 140 126 29 104 121 24 81 137 172 199 227 238 224 184 127 23 24 25 27
59 86 94 94 89 119 121 170 123 108 83 144 95 124 139 128 121 127 165 210 281 368 461 475 586 733 693 615 584 492 383 353 415 850 1107 1000 869 811 761 762 823 862 660 379 228 210 137 75 72 79 101 104 126 127 133 59 123 129 172 178 185 192 138 46 56 84 121 166 201 227 253 284 287 224 154 30 28 27 36
63 90 96 97 95 119 123 167 104 341 36 57 88 119 131 134 126 126 143 182 242 333 428 565 606 695 761 751 755 627 381 298 286 447 942 927 860 829 783 834 881 889 982 246 101 122 71 49 66 90 100 110 129 131 140 157 124 135 171 177 223 224 132 79 86 108 133 169 201 224 236 253 265 222 166 28 26 28 44
70 93 97 101 100 116 125 134 135 315 91 90 107 124 132 132 128 128 141 176 232 307 391 485 566 697 848 865 746 571 363 263 234 319 580 755 758 744 730 781 864 880 962 410 121 96 34 42 64 93 96 112 126 132 142 159 126 142 172 184 228 238 164 89 88 120 140 174 214 225 238 253 266 222 166 23 24 27 52
82 100 102 115 119 122 127 124 177 137 121 125 132 134 134 133 130 128 134 172 225 293 377 472 573 640 653 888 808 623 445 313 265 347 555 735 790 824 805 825 884 940 1023 754 121 51 8 38 66 95 98 121 126 134 144 163 124 144 172 194 236 252 172 121 120 128 167 181 215 224 235 246 252 221 168 30 25 29 60
109 119 120 122 124 130 132 141 122 125 131 130 130 133 133 130 125 122 126 167 218 285 368 462 496 565 671 865 902 852 634 464 360 443 602 765 837 886 898 874 904 988 1028 1086 573 54 8 41 74 97 103 125 127 135 146 85 124 143 173 216 248 249 171 129 128 141 171 187 212 224 234 245 250 224 174 28 27 42 42
122 123 123 124 133 143 162 155 166 149 128 123 122 123 125 125 122 119 126 167 219 285 368 458 463 473 508 532 921 995 907 678 494 552 685 834 901 950 933 863 897 1018 1084 1094 1247 209 8 46 89 101 107 126 129 136 146 96 123 142 175 223 246 229 172 142 141 168 177 192 207 223 233 245 250 227 189 51 26 37 58
125 124 126 130 148 168 172 175 174 171 166 149 134 129 128 123 103 67 113 171 228 296 376 455 456 456 485 529 900 953 950 851 634 566 684 850 969 1006 946 821 848 992 1127 1181 1254 455 11 48 92 106 109 127 131 63 83 97 121 136 173 220 228 201 173 168 168 172 182 193 202 222 233 245 248 228 195 72 90 40 56
126 128 132 139 165 176 187 200 210 205 185 170 130 32 30 27 8 291 28 167 247 331 389 440 404 435 483 550 850 883 921 942 804 633 690 840 1013 1038 1025 885 833 939 1144 1313 1366 1406 209 30 89 114 110 127 131 83 89 96 116 129 166 184 193 182 175 172 172 177 185 191 198 222 234 246 247 229 198 129 80 77 70
127 130 136 147 169 182 201 221 226 226 223 186 284 289 297 310 333 361 375 26 167 278 451 384 354 408 485 694 54 796 882 932 930 816 739 836 1018 1088 1099 1009 854 961 1180 1398 1489 1486 1497 24 72 123 114 126 76 84 89 93 104 124 138 169 177 178 177 175 175 179 183 187 195 222 236 246 246 229 199 163 141 132 137
124 127 133 147 169 183 206 222 228 229 222 310 321 341 362 373 388 409 445 8 69 232 328 312 336 420 500 694 25 761 844 894 942 954 902 900 1012 1154 1233 1138 1000 1008 1196 1441 1550 1564 1493 1557 28 130 122 127 78 83 87 90 98 118 128 151 171 175 176 175 175 177 181 184 195 225 238 246 244 228 204 165 160 156 152
76 120 121 125 166 170 185 219 220 212 353 363 373 386 405 432 457 468 482 498 26 202 282 286 359 439 469 597 617 724 785 856 939 1027 1045 1041 1101 1270 1352 1321 1241 1143 1270 1494 1556 1610 1669 1566 40 132 132 77 82 84 86 89 96 111 126 140 168 173 175 175 174 176 178 183 200 228 240 245 243 229 207 167 164 166 162
24 23 23 28 32 54 57 29 8 386 398 413 432 453 463 474 486 500 516 534 9 124 229 293 367 425 428 512 567 693 785 882 1002 1101 1197 1246 1290 1376 1500 1546 1516 1470 1490 1533 1551 1681 1916 2194 355 125 147 83 86 87 88 91 97 112 125 139 167 172 174 174 173 175 178 184 212 231 240 244 242 228 206 175 170 171 173
393 395 397 401 403 407 415 425 439 452 459 467 475 484 494 505 516 528 542 559 568 78 227 312 396 375 386 359 518 693 813 933 1058 1214 1295 1395 1436 1390 1502 1619 1677 1624 1623 1593 1623 1782 2112 2452 457 119 82 120 91 89 93 94 104 121 128 143 168 171 173 173 173 174 179 189 222 234 242 244 239 227 207 178 177 179 179
411 415 421 428 434 440 451 459 468 477 487 497 507 517 526 535 544 551 560 565 9 139 254 326 382 337 382 38 589 729 845 985 1123 1261 1376 1499 1538 1434 1449 1551 1692 1751 1705 1699 1739 2029 2229 2581 2054 458 70 122 100 90 101 104 120 126 134 152 168 170 172 172 173 175 182 200 227 237 242 242 238 228 206 181 180 183 185
418 424 432 441 452 458 465 473 483 494 507 519 530 539 547 553 557 559 561 560 54 167 279 356 363 334 361 186 560 697 848 1029 1241 1339 1483 1549 1645 1610 1443 1465 1561 1681 1707 1728 1795 2081 2423 2578 2587 1488 420 120 122 94 105 124 124 135 141 161 168 169 170 171 173 178 187 221 231 239 242 241 237 228 206 181 180 185 188
418 424 432 442 454 462 470 479 490 502 514 526 535 543 548 550 549 547 544 538 60 210 286 322 309 312 250 172 567 827 1025 1242 1368 1483 1557 1630 1713 1771 1569 1361 1416 1521 1705 1782 1897 2125 2500 2639 2687 2293 563 366 124 97 114 132 126 144 147 161 167 168 170 172 175 181 193 224 234 240 241 238 234 228 207 180 180 185 192
31 420 427 436 449 459 468 479 490 501 511 521 527 532 535 535 534 531 525 8 139 219 267 283 278 248 175 578 848 1059 1233 1357 1507 1587 1616 1649 1692 1743 1705 1376 1235 1353 1593 1865 2049 2176 2555 2658 2671 2413 506 359 138 122 124 131 128 142 146 158 164 167 170 174 179 185 201 226 235 240 238 235 232 226 208 180 179 186 193
60 23 421 430 442 454 463 472 481 491 501 508 9 28 96 23 523 516 506 66 157 174 216 221 206 196 650 868 1073 1244 1362 1471 1565 1657 1683 1677 1673 1669 1664 1418 1157 1234 1490 1893 2115 2222 2615 2654 2677 2462 517 334 129 131 125 126 128 133 142 150 158 166 171 177 184 191 212 227 234 237 235 231 229 224 206 179 180 187 196
132 31 8 421 429 31 28 32 86 99 53 73 142 166 200 80 502 490 474 28 92 28 119 156 124 580 880 1044 1212 1367 1511 1565 1609 1667 1741 1740 1682 1608 1569 1317 1070 1184 1395 1890 2143 2294 2647 2772 2692 2632 981 362 121 141 122 121 128 126 135 141 152 166 174 182 190 198 219 225 231 234 231 228 226 222 202 180 181 189 199
139 128 120 29 70 86 105 81 122 162 167 166 221 226 221 166 103 456 421 410 404 389 407 373 701 934 1077 1232 1342 1508 1617 1676 1693 1671 1714 1744 1723 1611 1578 1318 983 1024 1241 1824 2147 2289 2591 2714 2704 2714 2512 931 358 128 122 115 124 124 129 137 148 167 176 187 197 202 214 223 228 230 227 224 222 216 198 180 183 191 201
144 143 131 80 121 146 166 168 175 189 222 232 238 236 214 189 200 27 166 417 383 592 844 970 1058 1141 1286 1420 1522 1598 1654 1693 1736 1671 1623 1647 1723 1659 1692 1442 1050 1003 1209 1736 2101 2209 2511 2702 2797 2778 2527 1157 361 124 130 113 103 126 125 134 143 168 178 190 199 200 204 221 224 225 223 220 216 207 195 179 183 193 203
153 152 149 149 158 168 174 185 200 225 238 246 245 226 205 219 168 358 490 677 817 936 1035 1058 1100 1231 1357 1502 1558 1605 1629 1641 1676 1662 1600 1572 1631 1710 1738 1511 1148 1062 1249 1645 1963 2203 2541 2718 2797 2434 2346 1404 590 359 125 100 94 125 123 131 139 167 176 187 194 195 198 205 219 218 214 208 206 201 191 179 184 194 205
167 166 165 167 172 180 192 205 227 241 247 247 229 213 219 172 68 490 644 745 849 995 1080 1136 1186 1283 1420 1530 1540 1569 1605 1618 1622 1634 1625 1562 1594 1712 1743 1569 1332 1239 1409 1656 2022 2316 2612 2789 2705 2445 1752 1248 644 357 122 110 95 123 122 128 134 150 173 181 188 190 193 196 200 202 202 203 200 197 187 177 183 195 206
176 176 177 179 189 199 220 232 247 252 244 233 216 220 26 340 500 648 745 843 937 1062 1210 1310 1351 1397 1518 1576 1540 1549 1601 1615 1597 1617 1641 1616 1635 1709 1726 1654 1477 1295 1370 1604 2149 2417 2619 2797 2440 1199 860 783 568 347 100 118 97 120 122 125 129 139 168 176 183 186 187 189 192 195 199 199 196 192 182 176 184 196 208
188 190 192 198 209 223 237 248 284 255 244 224 263 424 349 618 763 832 873 973 1047 1161 1319 1446 1464 1509 1607 1634 1571 1562 1593 1612 1617 1627 1597 1578 1583 1671 1704 1691 1526 1390 1395 1668 2183 2537 2613 2750 1817 825 703 459 301 102 93 92 111 100 122 123 126 132 153 172 178 181 182 183 187 192 196 197 193 188 178 174 183 197 208
202 207 213 220 229 240 257 267 304 255 294 408 601 781 886 920 956 978 1029 1111 1212 1309 1458 1521 1507 1573 1664 1632 1563 1553 1565 1606 1647 1622 1525 1459 1475 1580 1655 1700 1625 1485 1545 1755 2140 2506 2578 2617 1206 704 583 459 358 97 91 89 109 104 122 123 125 130 147 170 175 176 177 180 184 190 195 194 190 185 175 173 182 196 208
214 221 225 232 244 259 282 308 310 307 571 702 783 843 878 921 970 1023 1077 1174 1289 1447 1534 1558 1585 1632 1632 1566 1540 1563 1587 1617 1629 1569 1491 1424 1458 1602 1752 1809 1755 1707 1784 1983 2183 2401 2517 2491 774 477 365 284 94 87 88 95 100 120 122 124 126 132 150 170 172 173 174 178 183 190 194 193 189 183 173 171 181 195 207
221 226 232 242 259 284 308 335 330 582 691 727 759 806 848 891 975 1053 1162 1284 1442 1561 1512 1557 1639 1684 1621 1524 1524 1585 1623 1598 1550 1498 1446 1335 1356 1447 1664 1897 1868 1839 1960 2025 2181 2349 2496 2168 970 473 378 362 99 86 87 99 102 123 124 126 128 135 154 168 169 170 173 176 182 191 195 193 188 182 172 170 180 194 205
222 228 236 247 278 293 345 318 560 657 672 643 672 742 837 900 1028 1180 1405 1545 1523 1508 1555 1596 1648 1744 1710 1604 1566 1596 1564 1479 1414 1321 1199 1153 1214 1325 1558 1851 1952 1955 1982 2059 2203 2343 2312 991 907 395 321 287 124 92 87 109 113 124 125 127 129 135 148 166 167 166 169 175 183 190 196 191 187 181 171 170 179 191 202
221 229 239 252 282 306 345 367 563 680 595 486 548 734 937 1086 1302 1616 1704 1517 1536 1567 1543 1603 1661 1695 1708 1685 1632 1566 1452 1327 1156 1082 1165 1172 1225 1291 1558 1909 2009 2029 2027 2079 2193 2177 1506 645 612 396 321 249 139 123 105 121 123 126 127 127 128 132 139 141 135 133 140 172 190 187 192 185 182 178 170 169 178 189 198
221 231 241 258 276 321 320 576 693 746 558 458 562 941 1543 1701 1786 1483 1374 1544 1628 1555 1572 1650 1671 1634 1607 1637 1631 1526 1381 1232 904 813 1581 1676 1467 1559 1798 1846 1930 2052 1985 2012 1833 1841 1790 468 407 466 568 328 282 137 133 124 124 126 125 125 125 127 126 123 116 106 118 166 209 181 181 176 175 173 169 168 177 187 196
224 235 247 261 292 316 367 369 605 696 573 547 651 1083 1597 1752 1723 1471 1452 1527 1504 1492 1547 1637 1657 1614 1550 1574 1597 1539 1359 1229 985 887 1595 1952 2074 2040 1810 1772 1795 1872 1971 1916 1648 1621 1880 694 511 570 833 457 324 269 171 139 130 130 128 127 125 122 102 91 85 64 92 140 209 173 169 167 169 168 167 167 175 185 194
228 241 255 269 300 315 367 355 580 692 643 669 748 883 1019 1275 1514 1466 1417 1355 1350 1385 1437 1488 1528 1510 1497 1504 1544 1514 1344 1277 1206 986 1192 1781 2055 1806 1610 1689 1825 1766 1835 1753 1827 1862 1984 2083 2116 2250 839 429 376 286 171 176 135 126 124 121 104 91 84 70 129 365 365 126 183 161 145 144 159 162 166 167 174 183 192
233 249 266 282 300 319 359 367 392 303 592 704 756 771 790 890 1127 1238 1172 1115 1145 1236 1329 1363 1415 1443 1517 1549 1535 1462 1296 1267 1240 1009 929 1752 2004 1673 1492 1371 1553 1685 1923 1732 1834 2060 2258 2213 2376 2140 2273 548 370 372 340 295 157 162 134 126 114 102 103 72 151 106 393 323 144 136 133 132 148 149 165 166 172 181 191
240 259 281 289 301 320 344 364 369 341 245 537 623 682 699 763 909 962 919 900 954 1069 1188 1236 1288 1363 1411 1490 1510 1459 1312 1228 1203 1182 1062 1296 1657 1693 1523 1365 1364 1388 1616 1747 1721 1783 1975 2061 2038 2126 2204 2118 391 410 398 365 320 283 144 127 114 102 52 129 140 141 298 159 137 124 128 127 140 138 152 162 169 179 190
249 271 288 296 304 320 333 358 348 362 273 283 220 436 510 590 697 700 698 742 829 939 1048 1111 1204 1351 1380 1369 1391 1432 1338 1266 1219 1214 1200 1193 1557 1757 1568 1422 1405 1383 1411 1520 1544 1593 1692 1831 1836 1944 2205 2308 2048 496 439 401 360 349 312 307 296 330 378 462 437 300 140 168 129 122 126 125 136 131 140 151 167 176 188
260 283 294 303 309 322 331 346 337 336 305 292 244 238 234 249 286 473 607 690 771 853 916 1001 1139 1339 1365 1349 1369 1376 1340 1280 1209 1112 1045 1118 1631 1621 1354 1322 1416 1424 1382 1390 1418 1424 1554 1625 1644 1780 1985 2272 2470 2446 810 451 384 397 372 372 372 409 593 775 786 440 290 160 128 120 127 123 132 129 135 142 166 174 185
276 291 302 309 314 324 334 342 339 327 310 302 286 265 253 289 312 536 639 712 775 808 810 883 1070 1239 1315 1370 1407 1428 1395 1297 1109 1052 1052 1228 1155 994 1018 1248 1302 1389 1327 1307 1309 1390 1426 1473 1508 1591 1849 2199 2343 2375 2399 1861 631 521 542 578 579 877 1500 1371 801 451 281 175 130 121 126 122 125 124 128 133 158 171 183
287 299 309 316 319 327 336 343 342 330 316 306 300 288 285 294 328 363 567 666 727 756 740 800 974 1157 1176 1289 1420 1491 1411 1291 1080 1027 1089 1325 1102 117 95 1074 1252 1292 1212 1207 1293 1345 1384 1401 1407 1483 1670 1988 2163 2145 2187 2438 2515 2402 1129 1269 2100 1976 764 607 591 418 359 177 133 123 126 120 122 121 123 128 148 168 180
295 307 316 322 324 330 338 347 347 337 324 314 307 301 290 300 315 362 398 563 647 708 715 759 892 1076 1131 1180 1355 1403 1366 1262 1062 1037 1202 1352 1632 141 97 104 1223 1272 1243 1246 1330 1356 1333 1392 1421 1490 1588 1810 1871 1924 2031 2023 2138 2383 2415 1389 2122 1952 677 412 455 376 343 152 126 127 130 121 120 119 121 123 140 166 178
302 314 322 328 329 333 341 349 353 351 342 332 320 313 300 307 316 366 400 553 625 699 770 787 839 920 1048 1115 1246 1350 1326 1162 1072 1097 1259 1301 436 70 80 109 1245 1314 1305 1310 1368 1347 1383 1449 1553 1580 1645 1780 1769 1794 1594 1321 1807 2183 2457 2114 1975 1918 504 485 408 377 361 96 81 104 125 128 120 120 118 120 136 166 176
307 319 327 334 334 337 343 350 358 359 359 358 345 336 317 325 332 385 379 556 621 692 766 812 838 880 1000 1101 1216 1341 1347 1240 1114 1193 1282 1547 711 118 163 195 1232 1453 1465 1455 1350 1321 1399 1507 1634 1718 1781 1789 1763 1708 1711 1743 1866 2150 2362 2484 2460 1913 467 481 396 349 286 9 137 61 83 131 124 109 116 82 133 164 175
309 323 332 341 343 345 345 354 360 362 364 366 364 363 347 364 363 399 366 539 614 672 750 844 900 911 982 1087 1149 1343 1377 1312 1156 1119 1256 1488 1627 1561 1466 1446 1489 1586 1636 1574 1466 1443 1491 1640 1750 1851 1847 1775 1770 1753 1611 1549 1775 2008 2218 2316 2215 1910 698 507 437 381 471 854 562 360 66 88 153 28 115 74 133 162 175
311 325 335 348 357 357 358 359 361 365 370 373 372 372 368 376 377 396 411 322 483 595 714 823 891 916 1005 1074 1112 1295 1390 1359 1196 1092 1210 1445 1605 1598 1599 1632 1759 1769 1757 1670 1557 1484 1548 1693 1781 1863 1835 1720 1765 1814 1688 1553 1582 1816 2113 2085 1780 1839 1772 504 369 1259 1612 1699 1030 592 419 94 129 8 92 113 136 163 174
314 329 340 359 361 360 360 361 364 370 375 379 379 379 379 384 389 395 424 321 479 532 668 797 887 942 1010 1073 1116 1249 1331 1345 1208 1130 1237 1489 1644 1625 1649 1691 1774 1887 1908 1837 1744 1616 1612 1719 1846 1889 1796 1656 1751 1839 1758 1584 1523 1629 1870 2057 2147 2176 342 91 193 1789 2159 2127 1630 789 544 369 120 171 29 124 143 165 174
320 335 348 361 363 363 363 365 369 375 380 384 385 386 389 391 401 398 431 299 505 489 625 825 947 1000 1050 1119 1177 1282 1292 1276 1211 1212 1309 1474 1607 1604 1664 1683 1812 1935 1937 1943 1821 1734 1647 1715 1864 1958 1836 1698 1739 1864 1803 1633 1553 1621 1804 1932 1857 2026 1858 924 388 1880 2245 2154 1374 785 512 383 142 111 27 131 155 167 173
328 345 359 364 367 367 368 370 375 379 385 388 390 393 399 400 417 408 436 299 509 517 657 954 1096 1105 1132 1190 1308 1332 1297 1198 1180 1266 1409 1556 1585 1594 1615 1744 1896 1928 1936 1969 1941 1806 1716 1755 1890 2046 1935 1762 1723 1862 1843 1711 1571 1619 1789 1871 1830 1554 1836 1771 801 1629 1967 807 572 821 515 461 368 170 135 141 166 170 172
340 359 362 368 371 372 373 376 380 384 389 392 395 400 408 411 452 414 439 292 539 606 736 1015 1165 1215 1277 1344 1365 1386 1312 1194 1219 1346 1553 1638 1640 1613 1686 1945 1935 1935 1839 1878 1943 1876 1792 1822 1928 2057 2024 1846 1775 1923 1938 1762 1600 1595 1803 1813 1793 1802 1787 1942 1761 25 446 521 666 703 536 464 373 170 163 148 168 172 171
353 362 366 371 375 376 378 381 384 388 392 396 400 406 418 427 461 415 417 310 283 579 744 854 1032 1156 1332 1420 1426 1440 1371 1257 1271 1394 1636 1753 1751 1690 1762 1897 1885 1851 1806 1810 1863 1898 1909 1896 1922 2051 2113 1936 1828 1932 1981 1795 1654 1654 1781 1718 1669 1662 1595 1581 1704 1824 516 252 432 587 566 467 373 169 170 155 169 173 171
361 366 369 374 379 380 382 385 388 391 395 399 404 411 427 444 461 417 390 360 250 491 623 718 828 1031 1249 1420 1552 1538 1465 1392 1341 1365 1518 1624 1656 1720 1738 1689 1739 1792 1831 1818 1805 1851 1889 1856 1972 2049 2121 2059 1893 1921 1927 1817 1728 1683 1707 1544 1494 1508 1514 1470 1849 1735 1855 720 393 731 696 528 371 164 173 159 168 173 171
364 369 372 377 381 383 385 387 390 393 397 401 406 415 431 453 457 416 367 363 253 451 562 653 798 973 1248 1449 1611 1626 1585 1519 1415 1379 1450 1557 1610 1640 1602 1544 1571 1732 1856 1879 1861 1836 1903 2004 2149 2207 2204 2127 2013 1911 1868 1800 1603 1490 1490 1223 1251 1274 1364 1438 1542 1878 1527 439 420 318 661 510 366 141 168 159 167 173 171
366 371 374 378 383 385 386 389 392 395 398 402 407 416 429 452 453 408 338 348 254 453 614 764 944 1130 1373 1535 1646 1656 1638 1576 1524 1488 1459 1535 1582 1578 1516 1452 1486 1654 1864 1915 1859 1800 1904 2100 2238 2213 2118 1996 1913 1894 1828 1455 1074 1167 1122 1079 1057 1101 1229 1287 1379 1326 1432 331 483 848 699 552 381 157 142 155 166 172 171
368 372 375 380 384 385 387 390 392 395 398 401 407 413 421 449 432 396 322 316 271 263 242 693 863 962 1215 1515 1654 1667 1637 1568 1513 1510 1549 1579 1572 1527 1432 1359 1420 1600 1775 1547 1530 1666 1900 2115 2251 2203 1368 872 915 1132 999 555 487 683 803 839 816 841 959 1047 1098 916 849 166 412 330 564 533 382 282 132 150 166 171 171
370 374 376 380 384 385 387 389 392 395 398 400 405 409 414 431 412 384 316 298 267 244 231 452 651 697 850 1289 1628 1674 1622 1532 1406 1412 1596 1649 1585 1491 1362 1292 1343 1545 1604 590 1109 1817 1754 1541 1076 915 625 566 527 545 488 363 401 473 541 650 626 624 674 838 784 758 611 144 240 343 700 600 363 124 94 151 163 172 172
372 375 377 381 384 384 386 389 391 394 397 399 402 405 407 414 398 374 308 296 250 257 442 558 598 599 723 1243 1617 1636 1586 1519 1408 1428 1608 1656 1586 1434 1262 1217 1300 1509 1673 1744 1321 1020 868 628 545 509 513 574 464 426 362 194 344 364 363 404 418 501 557 628 693 777 713 457 161 182 603 1001 712 360 64 155 165 177 177
373 376 378 382 383 383 385 388 390 393 395 397 399 400 401 401 388 366 312 284 283 258 451 551 609 661 795 1341 1604 1574 1538 1516 1476 1480 1545 1579 1554 1367 1139 1144 1313 1529 1765 1922 964 726 638 519 484 392 394 459 366 362 182 177 170 168 168 168 187 383 512 560 679 716 701 661 441 172 551 1461 1254 562 135 256 172 197 195
374 377 378 383 382 382 383 386 388 390 392 394 396 395 395 393 381 362 317 287 287 442 488 546 598 755 976 1380 1562 1540 1514 1498 1426 1392 1454 1521 1516 1308 1066 1112 1334 1527 1738 1776 688 619 581 461 448 352 326 361 172 169 171 166 150 145 143 137 146 185 456 551 560 684 681 747 530 688 1020 846 1518 1059 124 286 209 237 231
375 377 379 383 381 380 381 384 386 388 389 391 391 390 389 386 377 361 318 301 290 283 562 723 845 935 1182 1443 1574 1531 1499 1428 1343 1332 1423 1514 1485 1241 1031 1114 1361 1473 1495 900 588 503 470 362 362 185 178 170 169 167 157 167 167 155 143 141 135 147 190 450 524 577 687 830 746 848 812 845 1030 1252 907 380 198 299 279
376 378 379 383 380 378 380 382 384 385 387 388 387 386 384 381 374 363 322 313 295 250 248 221 733 943 1236 1526 1596 1519 1441 1385 1342 1378 1484 1531 1452 1150 1022 1194 1453 1335 744 548 442 376 362 175 175 175 170 167 155 154 170 170 169 170 171 168 172 143 170 186 452 562 659 842 899 635 562 634 805 1056 732 657 242 286 318
376 378 380 384 379 378 379 381 382 384 385 385 384 383 381 379 374 365 335 313 307 248 453 563 697 812 1078 1430 1548 1472 1379 1365 1391 1448 1491 1499 1374 1060 1051 1329 1389 521 383 332 275 173 170 172 174 172 172 170 173 178 176 176 177 175 173 172 166 167 160 171 470 565 643 744 846 751 647 666 805 944 665 601 329 382 348
377 379 380 384 378 378 379 381 382 384 385 384 383 381 380 378 374 367 352 313 312 267 488 628 718 796 1030 1365 1485 1400 1341 1353 1400 1424 1413 1415 1278 1048 1118 1172 392 315 143 142 137 147 170 170 175 186 184 183 178 178 185 190 192 192 192 189 182 181 164 178 201 469 600 572 576 697 747 693 717 778 457 563 382 381 362
378 379 380 383 377 378 380 381 382 384 384 384 382 381 380 379 376 368 361 304 333 240 454 631 757 859 1074 1387 1443 1362 1318 1320 1358 1369 1352 1304 1107 1056 909 87 96 95 101 124 129 148 168 182 196 191 189 189 196 208 221 223 224 224 223 222 217 195 193 185 204 241 276 279 470 609 712 711 707 676 195 316 374 367 362
378 380 380 383 376 378 380 381 382 384 384 384 382 382 381 380 376 368 362 308 320 446 494 629 791 931 1171 1424 1422 1328 1287 1292 1330 1334 1288 1072 940 960 959 84 192 87 93 123 131 147 173 179 192 219 223 224 227 232 238 242 243 242 242 241 239 235 229 231 233 258 289 318 350 568 622 627 699 224 238 364 337 338 355
379 380 381 383 375 378 379 380 382 383 383 383 382 382 382 381 376 368 361 307 316 517 576 698 852 1063 1344 1426 1371 1268 1211 1269 1336 1315 1189 983 1005 977 377 87 84 85 94 123 131 144 170 188 222 225 229 236 244 256 271 283 285 283 279 280 282 282 279 274 285 288 302 299 300 309 286 259 235 243 366 368 311 319 349
380 381 381 383 374 378 379 380 381 382 382 382 382 383 382 381 375 368 354 339 223 494 658 787 955 865 1274 1359 1296 1202 1154 1258 1352 1308 1164 1065 1189 1204 133 92 84 85 94 123 129 142 173 192 224 234 247 265 286 294 301 306 307 304 301 301 303 306 307 306 304 304 301 302 300 295 300 312 363 374 374 366 326 338 365
381 382 382 383 373 378 379 380 381 381 382 382 383 383 382 380 374 368 332 307 428 559 709 884 1086 1113 1270 1268 1271 1238 1227 1363 1401 1322 1203 1128 1240 1158 247 95 84 85 92 120 127 143 174 201 230 248 284 296 309 324 340 351 351 342 333 329 333 343 348 344 335 324 317 310 306 305 301 303 312 330 362 366 353 363 374
382 382 382 383 373 378 378 380 381 381 382 382 383 383 381 379 373 367 328 302 515 689 879 1030 1143 1321 1339 1326 1320 1324 1399 1536 1460 1346 1239 1144 1210 657 185 122 88 86 89 108 126 147 176 213 237 271 299 323 358 370 377 382 382 379 374 371 371 373 373 371 367 362 356 345 336 331 336 363 374 382 371 371 369 375 383
383 383 382 383 374 378 378 379 380 381 382 383 383 381 379 377 372 361 297 188 543 806 1038 1170 1257 1380 1406 1413 1380 1404 1499 1566 1475 1366 1295 1233 1033 359 170 123 99 89 90 108 127 153 180 223 247 290 316 363 379 391 399 404 406 403 398 394 391 389 387 384 380 376 373 372 371 371 373 375 374 368 350 372 379 385 390
383 383 383 382 374 378 378 379 380 381 382 382 382 379 377 374 367 359 313 405 564 853 1111 1207 1379 1396 1429 1428 1464 1432 1516 1540 1507 1401 1285 1345 1279 259 169 123 119 109 104 121 131 168 188 229 261 301 341 378 394 408 421 431 435 430 422 415 408 402 397 394 390 388 387 386 386 386 384 381 375 370 362 374 382 388 392
384 384 383 382 374 378 378 378 379 380 381 382 380 378 374 369 362 307 252 498 700 973 1083 1284 1401 1394 1410 1436 1547 291 41 38 1352 1384 1283 1454 815 162 176 132 123 122 122 125 139 172 203 240 286 316 367 388 406 426 450 458 458 457 448 431 418 409 404 403 405 407 406 402 400 398 393 386 378 372 364 375 380 385 386
384 384 383 381 374 378 377 378 378 379 380 380 379 376 369 359 315 340 430 561 112 1024 1375 1398 1417 1438 1420 1424 1429 172 9 256 174 1096 1238 1678 1245 372 172 166 125 127 125 129 155 178 221 252 298 333 377 396 417 444 458 460 460 458 450 431 417 408 406 412 429 447 439 425 416 410 402 393 384 378 369 373 374 377 376
385 384 383 381 374 378 378 378 379 379 380 379 378 374 364 322 309 263 505 732 165 192 1276 1555 1633 1593 1513 1412 1353 142 28 156 1028 1195 1318 1645 689 366 204 143 136 131 130 136 167 183 227 269 309 360 383 401 421 445 456 457 456 444 434 420 409 403 405 419 459 464 461 457 436 420 409 399 389 383 373 369 366 367 364
385 384 383 381 374 379 378 379 379 379 379 378 376 369 334 299 292 427 237 139 291 9 28 1030 1516 1644 1597 1701 1243 142 57 143 1093 1256 1631 1525 454 134 168 132 155 133 137 145 170 191 234 289 323 370 386 401 417 431 435 433 427 421 416 409 400 396 402 422 466 474 468 462 456 427 412 401 390 383 372 364 355 353 342
385 384 383 381 374 379 379 380 380 379 377 376 373 364 316 300 266 552 563 175 110 765 954 1214 1386 1608 1554 700 138 105 64 146 974 1228 1732 1195 551 158 168 137 150 140 145 161 175 205 244 296 336 375 387 398 410 417 418 414 409 405 401 396 391 389 395 415 462 474 474 466 452 420 406 394 384 376 364 354 339 335 325
386 384 383 380 373 379 379 380 379 377 374 371 366 334 295 237 156 688 849 852 788 981 1125 1289 1517 1584 120 35 33 59 233 771 1021 1459 1650 697 512 167 170 140 162 153 167 169 184 225 266 309 363 375 385 394 400 402 400 397 395 393 391 388 384 382 387 401 431 458 457 432 408 398 390 381 373 367 347 338 325 321 309
386 385 383 380 372 378 377 378 376 372 368 363 339 310 290 257 360 890 1077 1060 1038 1160 1327 375 183 228 247 98 33 36 179 961 1234 1680 1122 419 436 220 169 167 169 169 171 178 205 239 291 329 369 378 384 388 391 390 389 386 384 383 383 381 378 377 380 387 397 402 400 394 389 385 381 374 368 362 333 322 314 309 297
386 385 383 379 370 376 375 375 372 367 361 331 312 291 236 180 512 1085 1199 1192 1176 653 625 44 31 928 978 160 58 33 54 95 745 1657 1031 179 182 224 170 174 173 175 181 199 229 270 308 362 373 378 380 382 382 381 379 378 376 375 375 374 373 372 374 376 379 380 379 377 376 375 373 369 364 354 328 314 302 300 289
386 385 382 377 368 374 372 371 367 360 322 301 288 283 240 387 756 1180 1235 1203 1291 371 58 202 60 102 88 121 60 44 59 64 739 1443 849 711 188 224 179 177 179 184 203 227 251 294 330 367 374 376 376 376 375 374 373 371 370 370 370 370 370 369 369 369 368 368 368 368 369 369 368 365 362 347 326 310 298 296 286
386 385 382 376 367 372 369 367 362 328 304 293 288 238 208 502 889 1261 1317 1277 1351 224 31 55 55 57 63 61 56 58 114 360 1233 701 174 455 233 193 188 179 186 203 225 243 286 309 356 369 372 373 372 372 371 372 371 370 368 367 368 368 369 368 367 366 365 364 365 366 367 368 367 366 363 352 330 312 302 298 289
386 385 381 374 364 370 366 364 337 305 286 249 225 250 359 634 1046 1333 1438 1443 863 34 55 54 56 59 58 59 58 83 87 435 1142 219 228 174 249 185 198 184 202 223 236 270 298 325 363 368 370 370 370 370 370 370 370 369 367 367 368 369 369 369 369 367 366 366 367 369 371 372 372 370 367 362 337 320 308 304 296
385 384 380 372 362 367 363 354 315 293 262 241 266 203 501 380 1065 1536 1594 1023 69 59 55 58 62 64 62 66 60 140 92 423 998 253 193 211 182 221 198 196 222 230 252 291 308 334 363 367 368 368 367 367 368 369 369 369 368 368 369 370 371 372 372 371 370 370 371 372 374 375 374 372 368 363 344 326 316 312 304
383 382 377 369 357 364 355 330 303 278 233 225 175 361 225 215 1024 1545 1522 830 90 58 59 64 79 82 74 84 87 125 569 1006 286 225 182 182 212 221 219 221 227 241 285 297 316 345 363 366 367 367 367 367 368 369 369 370 370 370 371 372 374 374 375 375 375 376 378 379 379 379 376 373 369 364 349 332 323 319 311
379 378 374 365 342 360 334 313 288 241 229 222 458 562 259 44 841 1503 1494 704 73 63 60 70 85 88 89 90 103 82 855 238 231 226 189 186 209 223 224 226 237 275 293 309 330 358 364 367 368 368 369 370 370 371 372 373 373 374 374 375 375 376 377 378 379 381 383 385 384 382 378 374 368 363 349 334 326 323 315
376 375 370 361 329 328 307 294 284 247 221 179 226 468 177 131 782 1465 1361 701 67 87 133 72 92 97 97 96 122 87 104 173 233 230 222 221 225 229 230 236 265 291 307 326 353 363 367 369 371 372 373 374 375 376 377 378 378 379 378 378 379 379 380 382 383 386 387 388 386 383 378 372 365 354 344 335 328 323 315
372 370 365 341 314 307 296 295 285 238 455 417 144 121 816 94 689 1449 1318 1096 850 98 90 86 100 109 117 119 124 122 125 169 307 243 229 226 231 236 239 262 290 305 327 355 364 368 371 374 376 378 379 380 381 382 383 384 384 384 384 383 384 384 386 387 389 390 391 389 386 381 376 369 362 341 338 335 327 322 314
366 364 353 322 305 297 284 247 229 226 700 720 161 99 1073 704 1094 1525 1385 1277 854 92 91 93 106 122 126 129 134 131 168 179 298 367 228 233 239 248 274 290 303 328 361 366 370 373 376 379 381 383 385 386 387 388 389 390 390 389 389 389 390 391 393 395 395 395 393 389 384 379 373 365 344 334 333 332 325 319 311
347 341 324 306 294 270 239 235 217 148 942 323 122 106 1039 647 1383 1637 1577 1409 728 66 111 105 157 168 176 146 151 221 143 701 296 241 234 243 257 286 293 304 328 363 369 373 377 380 383 385 388 389 391 392 393 394 394 394 394 394 395 396 397 400 402 403 401 397 393 387 382 376 369 362 331 329 328 329 321 315 307
315 311 302 294 288 261 231 194 177 533 603 248 799 602 333 1075 1534 1514 1509 1037 59 82 125 123 170 168 189 170 169 174 602 301 274 199 243 266 290 299 308 332 365 373 379 383 386 389 392 394 395 397 398 399 400 400 400 400 400 401 403 405 407 411 413 412 406 399 391 385 379 373 366 347 326 324 324 324 316 310 303
292 289 286 285 263 228 203 223 453 854 894 880 359 1034 978 1258 1362 831 363 83 88 115 128 127 178 178 208 171 170 128 890 776 94 220 252 289 301 311 332 364 373 381 386 390 393 396 398 400 401 402 402 403 404 404 404 404 405 406 409 412 416 419 419 413 404 395 388 382 376 370 363 334 324 322 321 318 310 304 297
263 258 257 258 247 233 193 133 772 1028 1058 1048 923 1177 1242 1443 1112 490 159 121 122 134 133 138 177 183 200 175 175 129 762 166 125 230 285 301 315 341 366 374 383 391 396 401 404 407 410 411 412 414 415 415 416 416 416 416 417 420 424 428 431 430 423 412 401 392 386 381 376 371 363 336 326 321 318 312 304 298 292
235 234 237 237 223 177 143 440 910 1066 1036 898 872 1132 1329 1263 1070 542 217 175 161 142 133 140 168 175 180 174 183 179 352 224 134 233 286 301 316 350 365 373 380 387 392 395 397 400 401 402 402 403 403 403 403 402 402 401 401 402 403 403 401 399 394 389 384 380 377 374 370 364 335 321 317 316 314 307 300 294 287
220 221 225 228 227 207 453 704 1140 1308 1363 1382 1365 1345 1254 687 361 166 155 149 148 143 144 160 171 181 192 197 220 229 228 196 202 261 298 315 339 364 371 377 384 390 395 399 403 405 408 409 410 410 410 410 409 409 408 407 406 405 404 402 400 398 394 390 387 383 380 378 374 370 364 350 335 324 313 304 297 291 282
206 209 224 241 258 477 673 965 1331 1489 1506 1560 1632 1455 1030 505 251 196 176 155 135 137 150 169 178 190 204 220 228 236 238 238 262 294 313 332 358 367 373 378 384 389 395 399 403 407 409 412 413 414 414 414 413 411 410 408 405 403 401 399 397 395 393 390 387 384 381 378 375 371 366 358 338 325 313 303 295 289 276
195 199 223 262 317 672 892 1249 1477 1564 1386 1565 1558 1542 1185 595 286 231 196 170 136 136 150 171 183 195 209 223 232 243 256 275 295 311 328 348 364 369 375 380 385 390 395 400 404 407 410 413 415 416 416 416 414 412 410 407 404 401 399 397 395 393 391 389 386 383 380 377 373 369 364 353 336 323 312 302 294 287 271
189 188 213 256 460 901 1238 1543 1782 1907 2033 1834 1826 1771 1332 733 331 307 246 192 163 154 170 169 182 195 209 224 235 251 275 294 311 327 346 363 368 373 377 382 387 392 397 401 405 407 410 412 413 415 415 414 413 410 408 405 402 399 397 395 393 391 389 387 384 381 378 374 370 365 360 345 333 322 311 300 292 284 268
