---
Thermalling Depth [m] Valid 1200 NZST ~Z75~(0000Z)~Z~ WED 7 Jan 2026 ~Z75~[96hrFcst@2128z]~Z~
Model= RASP Region= NZ Grid= d2 Reskm= 2.0 Indexs= 1 69 1 69 Proj= lambert 2000 2000 -35.0000 -42.0000 176.0000 -37.7968 175.7263
Day= 2026 1 7 WED ValidLST= 1200 NZST ValidZ= 000 Fcst= 96.0 Init= 94 Param= dglider Unit= m Mult= 1 Min= 0 Max= 1500
732 750 757 760 763 767 772 782 802 823 842 860 867 880 891 902 903 882 868 848 828 791 809 804 791 827 844 876 905 938 986 1040 1029 1105 1062 1066 1066 1064 1115 1063 1065 1097 1112 1130 1177 1272 1323 1372 1343 1373 1320 1359 1385 1373 1317 1283 1278 1320 1361 1376 1390 1391 1373 1343 1310 1282 1254 1239 1240
728 751 764 773 784 796 807 820 838 853 868 878 878 886 894 907 909 888 873 851 820 783 798 765 816 834 857 890 923 909 1021 1077 1058 1075 1083 1087 1084 1142 1135 1127 1124 1138 1125 1179 1252 1350 1382 1320 1378 1316 1313 1321 1346 1362 1296 1250 1250 1264 1337 1356 1377 1383 1376 1352 1325 1301 1277 1262 1265
706 733 753 770 787 800 827 847 862 877 888 894 892 895 902 914 918 897 929 859 828 834 777 800 821 839 865 901 938 988 1057 1112 1146 1098 1103 1107 0 1162 1155 1143 1140 1152 1138 1171 1289 1370 1390 1322 1311 1306 1303 1307 1334 1349 1285 1235 1233 1243 1315 1335 1360 1370 1366 1353 1335 1319 1305 1292 1293
658 690 719 743 771 798 833 863 881 897 905 907 906 908 914 926 931 911 897 924 894 854 827 822 832 849 876 914 954 1016 1094 1143 1108 1192 1139 1142 1214 1209 1157 1173 1167 1171 1184 1151 1270 1370 1318 1311 1301 1297 1294 1291 1315 1272 1280 1231 1220 1221 1296 1319 1344 1354 1350 1344 1340 1339 1340 1334 1334
599 649 682 710 741 791 834 866 892 903 1044 936 926 924 929 942 948 948 914 890 859 842 816 836 843 859 888 929 978 1051 1121 1166 1213 1256 1276 1281 1280 1262 1234 1202 1181 1178 1193 1253 1322 1359 1380 1323 1315 1300 1289 1290 1285 1266 1245 1229 1208 1267 1291 1315 1330 1344 1347 1330 1333 1354 1360 1356 1353
555 592 649 686 725 778 841 882 913 926 924 947 962 970 973 974 974 975 965 937 902 865 900 897 903 890 852 877 908 963 1029 1138 1168 1196 1220 1230 1232 1238 1170 1230 1236 1154 1245 1195 1223 1338 1351 1335 1309 1305 1251 1255 1240 1223 1216 1275 1269 1268 1275 1276 1272 1289 1343 1366 1365 1361 1364 1356 1352
509 540 575 635 688 743 824 879 914 934 924 942 979 1003 1010 1004 999 999 995 981 947 908 880 926 937 868 868 947 916 1034 1111 1165 1199 1203 1200 1122 1096 1077 1112 1159 1195 1114 1219 1175 1296 1305 1286 1225 1242 1255 1259 1250 1248 1250 1323 1307 1284 1200 1266 1288 1272 1242 1249 1310 1373 1359 1356 0 0
479 505 539 581 647 714 803 871 905 929 937 965 1057 1087 1039 1034 1022 1005 990 989 987 956 906 882 878 857 866 879 879 906 992 1114 1153 1072 1130 1158 1176 1185 1202 1222 1244 1274 1208 1215 1206 1242 1194 1158 1202 1251 1210 1258 1195 1223 1238 1290 1285 1207 1261 1256 1272 1275 1296 1331 0 1274 1353 1338 1329
461 480 516 558 609 685 746 838 887 908 923 1058 1101 1055 1063 1062 1039 995 964 983 1002 990 1025 909 880 850 870 879 851 844 884 994 1052 1041 1095 1119 1135 1150 1181 1225 1259 1192 1176 1245 1230 1171 1121 1088 1122 1235 1283 1245 1195 1303 1272 1302 1290 1299 1297 1216 1184 1191 1216 1286 0 0 1340 1337 1334
479 476 497 545 595 663 713 832 882 897 904 988 1053 1069 1076 1080 1060 1015 993 1002 1021 1024 1003 941 892 863 887 898 859 909 883 971 1037 1119 1127 1137 1138 1150 1179 1235 1200 1201 1182 1222 1148 1097 1082 1078 1088 1173 1250 1234 1218 1275 1317 1333 1359 1350 1322 1227 1188 1244 1317 1367 1376 1347 0 1344 1358
453 469 549 555 605 681 753 823 892 905 909 982 1045 1063 1074 1082 1078 1054 1037 1040 1062 1067 1030 982 918 910 927 938 893 883 888 941 1008 1086 1052 1074 1076 1074 1076 1083 1083 1075 1064 1120 1091 1064 1063 1072 1071 1097 1145 1185 1227 1276 1306 1336 1363 1358 1328 1315 1312 1351 1376 1420 0 0 1396 1411 1384
470 544 587 581 638 744 766 867 905 917 923 1007 1050 1063 1076 1082 1079 1077 1085 1090 1088 1067 1028 995 975 952 941 938 903 892 889 916 977 991 1019 1041 1043 1036 1040 1060 1075 1078 1064 1114 1093 1070 1070 1081 1073 1066 1081 1128 1201 1249 1299 1362 1319 1289 1229 1270 1297 1364 1394 0 0 0 0 1406 1392
544 564 612 652 711 767 831 909 925 935 955 1046 1070 1072 1079 1083 1076 1103 1138 1138 1092 1044 1014 1005 998 987 956 1033 925 920 925 951 978 994 1025 1116 1069 1076 1087 1094 1079 1119 1097 1089 1076 1046 1038 1058 1062 1058 1077 1136 1214 1256 1298 1338 1389 1368 1344 1297 1325 1377 1411 0 0 0 0 0 1385
562 592 631 743 757 781 894 923 934 968 1031 1075 1089 1088 1081 1077 1092 1114 1133 1139 1106 1061 1029 1024 1021 1012 1000 1001 981 980 1008 0 961 997 1092 1133 1101 1106 1089 1067 1045 1088 1078 1081 1061 1007 988 1019 1037 1047 1067 1117 1194 1257 1311 1350 1392 1421 1411 1391 1407 0 0 0 1260 1374 1399 1406 1387
565 596 680 691 736 827 907 935 971 1053 1071 1090 1100 1100 1092 1098 1112 1105 1095 1097 1104 1098 1077 1057 1041 1032 1036 1042 1048 1053 0 0 946 988 1010 1038 1061 1061 1049 1032 1088 1089 1095 1032 1041 947 928 965 992 1019 975 1084 1161 1222 1276 1320 1416 1463 1407 1389 1366 1352 1370 1370 1364 1337 1356 1372 1396
554 576 602 643 708 757 863 907 1007 1091 1098 1105 1103 1093 1086 1089 1090 1087 1084 1075 1069 1073 1068 1050 1036 1042 1047 1050 1043 1072 0 1031 1003 1004 1010 1025 1038 1036 1021 1002 995 1072 1078 1063 996 917 913 954 979 1010 1028 1092 1178 1177 1219 1255 1436 1500 1461 1319 1300 1290 1295 0 0 1259 1286 1381 1408
496 536 558 574 614 671 726 827 891 1040 1071 1092 1091 1073 1058 1055 1064 1083 1086 1069 1060 1064 1053 1029 1012 1021 1029 1031 1029 1058 1076 1086 1061 1058 1046 1045 1051 1054 1045 1046 1041 1067 1032 1000 949 912 921 947 977 916 1012 1074 1152 1157 1202 1319 1487 0 0 0 1132 1073 1032 1230 0 1148 1328 1364 1395
440 466 503 524 545 599 648 695 812 912 996 1030 1064 1069 1061 1060 1084 1111 1105 1084 1066 1050 1029 1006 995 1015 1026 1021 1023 1051 1084 1110 1095 1098 1095 1097 1099 1091 1074 1045 1067 1033 999 976 953 933 930 941 965 1000 1036 1095 1150 1221 1274 1333 0 0 0 0 948 1002 1030 1224 1311 1225 1255 1333 1351
387 432 451 461 469 503 546 636 711 833 884 986 1050 1086 1105 1139 1152 1125 1093 1081 1076 1058 1029 997 967 986 993 979 1007 1047 1093 1130 1114 1115 1116 1119 1109 1086 1048 1064 1041 1026 996 975 954 928 915 916 942 901 1014 1077 1131 1196 1291 0 0 0 0 0 0 849 1052 1175 1206 1257 1264 1256 1306
351 379 404 402 416 455 478 558 667 774 845 971 1039 1087 1118 1154 1159 1116 1078 1063 1061 1058 1043 1013 968 937 904 871 897 1011 1098 1143 1155 1159 1162 1164 1108 1076 1036 1059 1049 1034 1006 987 956 916 893 893 917 943 1004 1070 1138 1177 1321 0 0 0 0 0 0 972 1194 1318 1324 1290 1228 1199 1172
350 371 383 370 370 398 427 493 596 714 830 958 1017 1062 1090 1094 1084 1090 1095 1088 1073 1053 1029 1001 941 910 856 776 836 965 1093 1141 1151 1142 1135 1145 1104 1084 1049 1015 970 983 960 946 909 869 846 846 868 916 885 928 1014 1125 1223 1304 0 0 0 0 0 0 1166 1306 0 0 0 0 871
352 358 365 354 353 373 382 450 533 688 835 945 1000 1055 1068 1056 1071 1092 1085 1069 1057 1044 1028 1008 963 916 860 811 896 1058 1167 1185 1156 1126 1121 1153 1128 1101 1061 1014 1016 980 962 929 879 842 828 829 846 901 946 915 977 1029 1127 1277 1175 0 1202 1302 1240 0 0 0 0 0 0 682 611
345 350 354 346 346 357 403 467 609 734 873 983 1058 1074 1055 1042 1183 1204 1091 1065 1044 1030 1024 1023 1014 967 928 914 956 1075 1181 1267 1250 1194 1180 1198 1152 1111 1056 1003 916 938 918 872 825 798 800 823 849 908 955 989 1075 1128 1157 1198 1307 1211 1403 1459 1368 1224 1235 1180 815 784 677 580 469
348 361 354 348 345 402 390 429 683 868 914 1045 1083 1058 1033 1043 1074 1069 1052 1049 1038 1026 1022 1023 1008 968 979 1009 1020 1049 1103 1152 1181 1186 1174 1167 1156 1133 1088 1008 926 949 909 845 796 782 802 838 874 928 964 1002 1118 1162 1185 1238 1346 1367 1395 1379 1400 1365 1039 768 520 566 489 446 391
352 358 373 364 362 396 417 445 709 891 1102 1134 1090 1052 1043 1067 1063 1032 1018 1029 1035 1030 1030 1024 970 952 1005 1030 1025 1037 1072 1098 1109 1123 1129 1125 1120 1110 1085 1011 943 882 860 776 748 768 798 836 877 931 958 997 1123 1173 1130 1155 1343 1383 1406 1385 1438 904 607 583 454 437 430 410 365
350 358 368 381 395 418 432 477 646 828 1034 1134 1134 1101 1083 1070 1041 1012 1000 1013 1029 1033 1038 1034 1000 984 1032 1054 1040 1026 1038 1075 1093 1099 1098 1095 1089 1082 1064 1004 942 883 764 707 691 748 796 834 869 927 947 977 1112 1166 1190 1249 1343 1378 1392 1403 1342 352 547 556 424 403 400 380 350
346 356 383 403 427 445 477 542 648 754 869 1039 1099 1100 1072 1045 1023 1005 996 1005 1022 1028 1031 1035 1033 1029 1039 1046 1035 1006 1009 1055 1081 1088 1084 1078 1070 1062 1045 993 941 885 741 673 657 724 801 834 865 927 945 970 1099 1154 1184 1249 1334 1376 1395 1402 771 448 456 487 419 387 381 365 339
338 351 383 418 448 509 541 579 691 766 841 979 1047 1066 1048 1026 1008 1000 1006 1017 1022 1026 1030 1034 1037 1029 1010 1004 987 974 1011 1056 1077 1080 1073 1067 1059 1046 1032 969 933 858 777 668 654 707 790 835 881 943 963 983 1088 1138 1160 1229 1347 1375 1377 1375 384 388 414 445 400 372 366 352 329
339 359 384 424 475 536 573 607 732 796 860 950 1027 1040 1023 1003 993 1000 1023 1025 1015 1017 1022 1081 1038 1004 954 960 951 934 980 1042 1062 1068 1066 1060 1050 1039 1028 999 979 894 740 664 664 706 783 842 900 954 976 999 1084 1136 1149 1180 1290 1360 1352 1367 296 361 388 392 394 347 346 332 299
355 366 409 439 509 553 585 648 759 852 895 963 1023 1021 1005 994 999 1027 1040 1026 1018 1020 1015 1029 1025 947 911 943 934 894 933 1003 1041 1053 1060 1056 1040 1031 1010 985 972 881 702 623 660 722 795 852 911 955 978 1011 1090 1143 1157 1189 1268 1337 1346 1307 325 327 341 370 363 330 329 310 276
445 446 457 521 553 579 613 713 832 917 929 995 1032 1018 1011 1018 1039 1045 1027 1008 997 1001 1000 1017 992 912 892 936 925 876 894 962 1017 1046 1056 1053 1036 1012 997 976 959 823 630 592 612 675 792 843 897 937 963 1005 1070 1121 1079 1143 1238 1132 1290 601 327 327 339 360 327 307 301 282 256
496 528 553 577 597 615 680 761 914 942 965 1059 1052 1042 1048 1053 1051 1037 1021 1005 998 1000 993 985 955 897 884 913 906 886 899 955 1030 1054 1051 1045 1019 1002 992 976 928 739 569 591 681 769 750 841 808 828 914 957 952 985 991 974 1083 1007 1246 418 348 323 326 307 286 269 268 253 223
494 559 583 592 643 700 741 877 937 961 1086 1121 1103 1087 1072 1045 1026 1019 1013 1004 1002 1006 989 952 917 880 869 872 867 905 959 1001 1050 1129 1082 1054 1018 1003 991 975 891 680 596 617 724 835 870 809 810 824 833 855 902 929 910 922 866 990 535 426 352 296 293 264 247 236 236 219 196
364 508 564 603 639 712 784 914 944 1033 1131 1143 1123 1098 1066 1029 1008 991 988 988 990 995 988 957 916 872 862 875 893 944 1009 1053 1069 1091 1094 1071 1070 1019 994 978 863 649 535 578 757 868 803 821 863 872 863 873 938 946 951 815 596 498 386 447 344 275 258 227 215 210 211 200 182
0 452 544 584 598 678 755 876 931 1065 1126 1124 1089 1144 1129 1101 1074 1044 995 986 984 984 983 968 936 895 902 954 998 1024 1044 1058 1063 1074 1081 1072 1077 1025 985 975 830 687 545 639 745 815 844 869 917 916 911 927 971 990 761 364 361 340 377 353 314 275 240 202 194 189 189 181 135
0 432 505 542 596 621 708 818 887 1001 1073 1093 1065 1123 1121 1109 1028 1007 987 980 979 976 965 945 936 933 954 1000 1050 1082 1078 1067 1063 1073 1073 1059 1036 1004 964 959 805 674 603 664 751 826 878 906 948 954 949 969 1067 619 349 323 299 285 270 268 247 200 198 184 168 153 142 0 0
0 441 459 491 537 607 674 763 855 932 1008 1060 1069 1126 1120 1044 1024 985 964 958 959 960 948 928 938 968 994 1004 1023 1058 1072 1072 1068 1071 1064 1048 1006 981 954 949 783 588 578 653 763 867 864 916 950 974 1068 999 951 315 323 277 244 240 212 210 198 177 173 133 128 107 94 0 0
379 425 443 466 498 542 658 737 834 907 946 1033 1077 1062 1043 1027 1001 959 940 934 934 940 942 939 954 987 1009 1009 1011 1026 1047 1054 1055 1052 1042 1026 987 974 966 929 737 562 566 660 705 879 906 940 979 1052 1008 366 418 249 273 212 188 206 185 178 158 146 144 0 0 0 0 0 0
398 425 440 462 491 534 594 704 795 890 925 1002 1066 1048 1024 1002 966 937 923 917 917 925 940 951 962 983 1015 1027 1015 1002 1004 1012 1015 1012 997 995 983 970 985 857 645 584 604 697 741 829 900 957 1001 1130 319 207 458 117 180 151 133 170 149 146 127 0 0 0 0 0 0 0 0
412 430 444 463 493 535 590 679 765 874 904 974 1046 1030 1014 977 946 919 907 905 909 919 939 954 964 976 1005 1024 1015 994 985 982 976 970 967 966 972 972 940 713 529 573 665 776 809 869 915 946 1034 820 230 182 264 0 0 0 0 127 110 108 0 0 0 0 0 0 0 0 0
427 438 452 470 501 537 596 669 754 855 883 951 1033 1021 993 962 937 911 900 901 909 921 937 951 965 971 987 996 993 980 970 962 956 946 939 942 942 962 895 594 553 632 753 880 898 916 944 944 519 338 141 121 203 0 171 0 85 86 0 0 0 0 0 0 0 0 0 0 0
434 447 462 480 517 547 603 655 823 980 915 961 1033 1016 975 949 929 905 894 897 908 919 930 941 956 959 968 972 969 955 943 937 933 926 913 914 918 914 792 551 590 715 826 920 941 980 899 170 147 174 0 63 137 154 122 84 0 0 0 0 0 0 0 0 0 0 0 0 0
441 457 474 491 534 560 610 669 736 899 939 1014 1045 1008 949 936 925 905 893 896 904 912 923 935 947 987 960 956 948 936 923 916 913 910 902 899 910 915 741 621 667 807 892 932 984 349 169 0 0 0 0 0 0 0 111 0 0 0 0 0 0 0 0 0 0 0 0 0 0
446 466 488 507 537 576 622 683 735 888 947 1041 1033 977 932 917 906 893 888 889 895 902 912 922 933 942 945 937 928 920 906 897 894 893 890 882 899 888 721 643 715 862 939 913 973 0 0 0 0 0 0 0 0 0 0 0 0 0 0 0 0 0 0 0 0 0 0 0 0
451 475 506 534 551 594 643 729 778 901 952 1042 1022 953 916 905 895 881 872 870 872 875 885 901 919 927 928 921 912 905 894 885 885 879 878 871 896 845 607 613 716 823 901 956 234 0 0 0 0 0 0 0 0 0 0 0 0 0 0 0 0 0 0 0 0 0 0 0 0
454 482 529 550 578 612 680 766 876 897 955 1029 1006 945 906 885 876 867 863 861 855 841 838 867 900 910 916 912 902 889 881 877 878 873 871 867 816 633 479 565 692 831 842 916 0 0 0 0 156 133 117 0 0 0 0 0 0 0 0 0 0 0 0 0 0 0 0 0 0
456 487 541 565 586 660 704 804 924 921 972 1049 1005 935 909 892 876 864 864 865 853 851 832 886 899 902 904 902 890 873 863 862 864 847 782 704 574 431 447 551 700 810 881 221 0 0 0 0 80 66 0 0 0 0 0 0 0 0 0 0 0 0 0 0 0 0 0 0 0
459 494 549 576 607 642 772 0 864 949 975 1011 986 934 892 876 873 866 867 876 862 861 855 926 926 906 892 889 879 861 848 846 846 769 593 559 500 439 475 621 809 806 831 0 0 0 0 0 0 0 0 0 0 0 0 0 0 0 0 0 0 0 0 0 0 0 0 0 0
463 498 555 590 637 726 0 784 903 983 1014 999 990 938 917 887 869 860 854 860 859 881 879 963 971 926 890 876 868 850 835 830 833 780 574 521 539 546 595 759 984 1047 809 0 0 0 0 176 0 0 0 0 0 0 0 0 0 0 0 0 0 0 0 0 0 0 0 0 0
478 521 565 607 673 761 822 877 895 985 0 925 976 959 0 854 850 810 758 798 839 881 887 945 978 951 900 874 861 842 831 822 824 749 584 571 645 662 692 839 1020 964 314 107 0 0 0 82 0 0 0 0 0 0 0 0 0 0 0 0 0 0 0 0 0 0 0 0 0
512 549 581 629 704 771 864 925 937 986 960 916 926 956 845 826 788 703 683 749 791 843 859 904 938 945 900 863 848 831 824 811 788 723 590 597 698 746 799 924 1049 813 169 60 0 0 60 0 0 0 0 0 0 0 0 0 0 0 0 0 0 0 0 0 0 0 0 0 0
564 581 604 0 714 830 899 0 912 980 998 952 901 903 855 821 746 700 717 760 754 766 784 860 936 957 921 882 864 849 838 816 757 622 596 639 722 753 838 1001 1084 521 169 0 0 0 0 0 0 0 0 0 0 0 0 0 0 0 0 0 0 0 0 0 0 0 0 0 0
589 607 631 0 0 740 906 943 933 927 978 0 880 864 857 835 794 760 774 778 751 752 775 862 939 953 924 887 868 848 835 773 691 644 648 716 779 787 850 969 1142 892 208 0 0 0 0 0 0 0 0 0 0 0 0 0 0 0 0 0 0 0 0 0 0 0 0 0 0
610 636 671 0 0 0 691 908 956 975 0 0 0 812 866 841 790 760 749 753 743 778 854 925 967 962 931 892 869 851 809 822 778 747 776 811 848 866 893 945 1015 1018 472 143 0 0 0 0 0 0 0 0 0 0 0 0 0 0 0 0 0 0 0 0 0 0 0 0 0
627 675 708 700 715 674 707 859 0 0 0 0 757 797 873 850 749 725 713 777 780 860 942 988 998 980 939 895 868 852 884 887 813 767 818 750 755 790 809 847 836 919 772 149 117 0 0 0 0 0 0 0 0 0 0 0 0 0 0 0 0 0 0 0 0 0 0 0 0
657 705 730 736 786 0 703 795 880 0 0 0 855 826 874 870 785 731 773 747 916 979 995 1000 1016 990 943 898 871 854 845 859 842 814 731 739 840 854 808 821 801 812 774 126 0 0 0 0 0 0 0 0 0 0 0 0 0 0 0 0 0 0 0 0 0 0 0 0 0
691 723 745 758 833 824 799 798 872 868 865 814 850 877 916 919 874 813 798 848 980 1085 1066 1058 1029 993 947 904 876 862 847 852 809 710 626 719 756 836 860 933 821 789 652 105 0 0 0 0 0 0 0 0 0 0 0 0 0 0 0 0 0 0 0 0 0 0 0 0 0
714 735 754 783 873 905 867 839 868 892 904 864 862 885 920 932 912 861 854 934 1016 1113 1097 1088 1046 997 951 910 882 870 855 846 763 676 614 747 819 810 813 924 905 834 177 0 0 0 0 0 0 0 0 0 0 0 0 0 0 0 0 0 0 0 0 0 0 0 0 0 0
737 750 769 833 902 925 904 884 882 895 923 890 879 888 909 929 921 885 909 1007 1082 1129 1117 1112 1056 1003 954 915 888 877 862 918 843 702 624 676 790 793 801 901 934 817 139 0 0 0 0 0 0 0 0 0 0 0 0 0 0 0 0 0 0 0 0 0 0 0 0 0 0
759 768 791 0 912 934 919 948 949 939 940 921 904 893 894 914 920 911 942 1042 1111 1146 1135 1130 1061 1003 955 918 894 884 869 849 775 723 671 756 792 811 846 962 899 167 92 0 0 0 0 0 0 0 0 0 0 0 0 0 0 0 0 0 0 0 0 0 0 0 0 0 0
783 796 824 883 913 918 919 925 938 933 963 948 931 911 907 921 935 942 971 1044 1119 1126 1105 1098 1061 1007 960 926 902 891 877 843 886 769 822 762 812 837 983 966 244 123 98 0 0 0 0 0 0 0 0 0 0 0 0 0 0 0 0 0 0 0 0 0 0 0 0 0 0
804 837 877 912 922 976 954 919 927 931 984 979 946 929 936 943 947 960 994 1043 1105 1169 1095 1076 1056 1011 968 938 913 896 885 833 922 897 884 832 828 819 1040 436 198 149 0 0 0 0 0 0 0 0 0 0 0 0 0 0 0 0 0 0 0 0 0 0 0 0 0 0 0
836 885 904 921 930 933 966 957 959 929 978 1007 979 949 945 945 952 980 1027 1058 1107 1137 1096 1066 1058 1029 987 954 927 905 889 833 800 852 859 844 856 961 1069 245 158 142 0 0 0 0 0 0 0 0 0 0 0 0 0 0 0 208 0 0 0 0 0 0 0 0 0 0 0
876 915 945 926 930 931 948 944 934 930 974 1011 1010 967 952 951 963 981 1020 1055 1108 1121 1081 1051 1052 1038 999 967 938 910 889 812 848 842 858 935 962 1010 910 193 112 0 0 0 0 0 0 0 0 0 0 0 0 0 0 0 0 0 0 0 0 0 0 0 0 0 0 0 0
900 925 933 931 967 931 938 957 958 927 968 989 1035 1011 973 985 1005 1038 1075 1099 1153 1143 1096 1059 1059 1059 1035 979 942 908 871 868 860 891 964 991 988 1140 417 161 157 0 0 0 0 0 0 0 0 0 0 0 0 0 0 0 0 0 0 0 0 0 0 0 0 0 0 0 0
924 941 939 930 935 938 944 954 956 933 976 990 1029 1039 1018 997 989 968 966 956 973 999 1019 1030 1047 1044 1024 985 947 913 860 873 917 965 986 989 986 906 256 144 134 0 0 0 0 0 0 0 0 0 0 0 0 0 0 0 0 0 0 0 0 0 0 0 0 0 0 0 0
929 948 944 927 922 926 939 943 941 929 975 999 1048 1063 1035 948 886 0 0 0 0 0 426 733 960 1014 1007 977 954 920 908 886 957 998 1004 990 946 599 206 96 113 0 0 0 0 0 0 0 0 0 0 0 0 0 0 0 0 0 0 0 0 0 0 0 0 0 0 0 0
923 943 948 930 930 932 936 938 928 924 972 1004 1056 1062 1016 875 0 0 0 0 0 0 0 0 833 932 966 951 931 905 896 890 968 1013 1028 1019 941 560 209 126 0 0 0 0 0 0 0 0 0 0 0 0 0 0 0 0 0 0 0 0 0 0 0 0 0 0 0 0 0
927 941 946 942 949 955 944 940 928 933 974 1005 1055 1042 932 408 0 0 0 0 0 0 0 0 0 626 0 887 888 882 870 886 963 1026 1084 1065 975 599 235 0 0 0 0 0 0 0 0 0 0 0 0 0 0 0 0 0 0 0 0 0 0 0 0 0 0 0 0 0 0
