---
Thermalling Depth [m] Valid 1100 NZST ~Z75~(2300Z)~Z~ WED 7 Jan 2026 ~Z75~[95hrFcst@2128z]~Z~
Model= RASP Region= NZ Grid= d2 Reskm= 2.0 Indexs= 1 69 1 69 Proj= lambert 2000 2000 -35.0000 -42.0000 176.0000 -37.7968 175.7263
Day= 2026 1 7 WED ValidLST= 1100 NZST ValidZ= 2300 Fcst= 95.0 Init= 94 Param= dglider Unit= m Mult= 1 Min= 0 Max= 1601
684 692 701 714 728 754 811 851 873 886 891 889 876 864 850 838 817 775 734 710 690 668 702 709 700 742 762 812 861 899 938 986 981 1069 1031 1029 1021 1044 1120 1078 1105 1168 1216 1246 1262 1281 1287 1309 1257 1274 1209 1238 1259 1243 1197 1159 1148 1172 1198 1197 1196 1190 1184 1165 1151 1142 1136 1125 1109
692 697 699 710 725 753 816 855 876 886 891 888 876 865 855 850 832 791 751 710 685 658 693 679 728 742 767 828 880 867 965 1023 1004 1025 1038 1041 1030 1110 1123 1141 1164 1212 1220 1278 1297 1318 1322 1247 1282 1204 1192 1192 1217 1237 1191 1148 1136 1138 1198 1199 1201 1197 1191 1172 1158 1151 1147 1132 1119
696 703 701 711 727 758 821 859 878 888 892 889 879 870 863 862 848 809 821 725 692 708 669 710 737 753 783 842 892 933 987 1041 1070 1029 1041 1052 0 1133 1147 1170 1197 1227 1210 1227 1285 1314 1315 1234 1203 1185 1173 1174 1207 1234 1194 1155 1140 1132 1193 1199 1214 1221 1218 1205 1182 1164 1158 1144 1135
702 710 707 714 729 765 824 859 878 889 894 892 885 880 876 875 865 828 801 812 762 727 717 729 755 776 813 858 899 941 1000 1053 1015 1093 1044 1060 1152 1185 1201 1258 1253 1238 1225 1164 1217 1305 1245 1220 1185 1167 1155 1149 1200 1186 1216 1182 1166 1123 1171 1188 1250 1278 1268 1239 1211 1186 1171 1156 1151
700 709 708 715 731 772 827 860 880 890 967 899 900 901 895 889 877 861 820 786 730 712 704 745 767 801 843 878 911 955 1018 1066 1084 1096 1114 1133 1147 1250 1350 1327 1280 1237 1213 1209 1231 1297 1312 1212 1171 1126 1071 1063 1167 1227 1204 1200 1182 1178 1139 1154 1214 1329 1317 1263 1206 1188 1172 1157 1157
706 717 720 727 751 806 852 883 899 908 901 913 918 917 916 914 896 875 851 822 786 732 782 811 886 884 821 814 823 854 892 1012 1044 1057 1077 1106 1117 1196 1258 1304 1257 1156 1181 1080 1056 1161 1222 1224 1193 1151 1062 1080 1129 1152 1112 1175 1216 1214 1177 1158 1164 1345 1346 1266 1209 1176 1158 1145 1159
691 701 714 724 751 820 866 889 902 914 927 970 974 971 978 960 901 862 840 825 812 783 757 890 943 874 845 876 814 930 998 1023 1024 1010 1033 1005 1044 1086 1192 1236 1218 1088 1127 1030 1110 1129 1159 1136 1155 1141 1116 1100 1102 1065 1132 1149 1163 1110 1175 1162 1138 1206 1223 1205 1178 1131 1128 0 0
681 691 711 724 750 827 878 896 904 922 952 989 1078 1106 1032 979 893 842 819 822 838 845 829 843 878 871 854 831 815 854 922 1043 1062 962 1006 1046 1087 1106 1150 1214 1213 1172 1048 1023 1006 1097 1115 1110 1097 1112 1060 1124 1054 1038 1020 1120 1161 1063 1118 1144 1186 1225 1225 1206 0 1008 1113 1102 1142
677 686 710 727 752 823 870 889 898 905 914 1058 1128 1090 1052 992 917 834 805 830 872 874 926 851 857 867 882 863 827 833 870 932 997 963 976 1002 1045 1073 1108 1158 1195 1105 1056 1121 1125 1115 1095 1081 1082 1117 1152 1105 1030 1099 1051 1120 1145 1149 1146 1093 1088 1115 1136 1160 0 0 1101 1112 1161
724 712 716 734 763 822 860 920 928 1012 1058 1081 1091 1081 1054 1003 935 836 818 849 874 878 874 861 852 849 901 917 856 887 849 902 966 1016 1007 1042 1065 1078 1090 1111 1051 1052 1052 1129 1119 1090 1065 1047 1056 1101 1131 1083 1042 1079 1130 1156 1179 1182 1168 1107 1091 1161 1219 1247 1203 1126 0 1143 1205
690 701 771 752 798 845 902 908 986 1063 1067 1088 1071 1029 1021 1012 965 885 872 883 893 906 905 877 859 868 906 945 892 852 840 891 945 1005 926 936 937 958 974 988 987 978 981 1075 1080 1055 1047 1047 1043 1052 1057 1045 1047 1081 1126 1153 1171 1183 1168 1166 1197 1280 1303 1335 0 0 1201 1248 1239
700 754 783 778 825 892 901 918 975 1021 1015 1026 1026 1002 990 999 991 963 935 932 957 978 935 893 886 887 903 934 921 898 875 902 940 937 930 951 966 963 961 978 988 977 956 1023 1040 1038 1037 1045 1039 1020 1011 1026 1047 1077 1118 1160 1116 1117 1078 1109 1150 1224 1345 0 0 0 0 1255 1254
742 742 791 811 840 901 906 918 947 989 988 1000 1010 996 982 983 976 965 959 965 983 973 925 925 939 940 928 1017 948 958 960 968 965 944 944 1028 984 979 973 977 972 1021 1010 1016 1033 1040 1056 1065 1036 997 996 1018 1048 1084 1127 1174 1254 1225 1209 1136 1179 1277 1370 0 0 0 0 0 1257
742 770 807 881 874 884 904 905 925 972 967 1000 1012 986 968 966 944 915 928 953 965 945 932 955 971 961 961 963 959 959 1003 0 902 873 945 981 935 951 967 964 946 1009 1009 1018 1009 978 998 1027 1021 999 999 1026 1060 1090 1136 1207 1274 1271 1255 1207 1282 0 0 0 1068 1224 1256 1270 1256
703 743 841 821 848 875 895 904 921 953 1058 1076 1031 979 955 958 939 909 926 965 971 955 944 954 958 946 943 943 963 1001 0 0 873 858 862 882 905 915 915 900 966 988 1014 965 975 914 922 964 980 998 927 1017 1063 1095 1135 1179 1234 1252 1269 1316 1346 1372 1365 1284 1239 1211 1219 1232 1257
661 677 727 784 852 868 889 914 938 1054 1099 1080 1030 987 965 966 960 938 944 970 970 938 918 924 937 964 951 948 941 1003 0 969 911 879 872 898 913 903 883 871 852 924 970 1004 938 880 900 948 975 998 1011 1041 1082 1074 1101 1109 1253 1296 1330 1333 1325 1294 1351 0 0 1210 1166 1229 1250
549 631 680 722 797 849 878 902 965 1083 1063 1026 1000 972 958 961 960 946 938 938 930 914 904 912 925 945 941 934 941 996 1015 1007 961 931 912 902 884 862 843 830 815 876 902 920 893 870 903 939 970 911 990 1026 1073 1073 1088 1151 1329 0 0 0 1206 1152 1080 1330 0 1160 1233 1240 1260
445 532 611 669 722 819 850 884 960 1042 1011 976 964 959 955 961 954 935 919 912 913 916 915 907 900 903 906 911 932 985 1012 1010 950 916 892 870 844 823 812 796 841 847 866 886 881 869 883 912 938 956 987 1023 1071 1113 1134 1167 0 0 0 0 1054 1213 1197 1351 1363 1216 1196 1259 1275
360 469 555 618 669 718 794 857 913 983 972 966 971 975 971 963 932 911 899 894 901 915 919 897 874 872 869 866 887 935 977 973 905 875 853 835 814 808 789 830 837 837 836 841 835 826 839 879 924 883 963 1006 1054 1108 1159 0 0 0 0 0 0 1117 1273 1293 1319 1256 1230 1236 1305
331 407 496 545 606 696 723 811 866 899 921 968 1002 999 969 913 873 855 862 887 907 918 915 885 848 828 806 758 783 861 919 930 907 878 854 851 820 818 786 816 817 800 784 796 806 808 824 870 912 936 958 1000 1041 1098 1157 0 0 0 0 0 0 1106 1261 1300 1311 1283 1256 1258 1263
331 403 472 522 563 630 677 731 806 850 886 956 983 976 928 885 874 874 879 884 891 905 905 878 835 799 721 652 710 836 910 932 902 850 814 835 817 805 762 725 689 733 752 776 770 761 772 821 881 928 883 892 902 1049 1109 1126 0 0 0 0 0 0 1293 1271 0 0 0 0 1318
355 398 447 497 543 586 618 695 745 825 882 942 924 921 929 908 881 875 894 909 911 905 899 886 854 810 720 666 731 884 978 966 891 824 786 831 814 776 728 675 705 719 750 753 736 733 744 774 850 909 940 889 889 907 1072 1130 1092 0 1167 1294 1334 0 0 0 0 0 0 1267 1249
356 401 441 484 537 571 628 714 815 845 904 923 880 872 910 927 959 941 880 875 889 902 901 888 860 822 771 742 766 873 946 927 861 803 787 821 784 746 695 665 643 685 692 678 669 681 718 762 842 909 941 959 982 1013 1100 1150 1180 1189 1460 1457 1405 1427 1296 1257 1289 1303 1284 1253 1218
362 416 442 494 545 644 647 711 880 915 936 880 849 849 882 905 904 898 893 889 878 868 877 882 844 808 811 819 802 826 853 847 802 762 760 787 790 765 739 690 663 697 672 634 624 652 718 783 864 911 936 961 1002 1055 1116 1153 1201 1346 1375 1354 1391 1601 1529 1457 1414 1352 1250 1208 1150
361 407 466 520 574 655 708 776 926 949 909 841 812 837 903 904 880 864 857 872 889 889 875 850 799 797 841 856 825 794 806 803 767 742 747 767 769 748 736 692 679 642 634 578 585 650 715 778 865 908 924 947 996 1075 1054 1067 1165 1305 1334 1326 1425 1578 1468 1431 1391 1244 1195 963 818
359 413 461 540 627 689 759 847 872 871 831 813 806 862 910 886 856 836 827 836 852 868 884 871 822 798 850 863 815 757 758 777 762 741 744 757 751 730 722 684 679 656 571 532 538 662 720 765 847 896 909 932 989 1076 1119 1140 1168 1292 1348 1381 1458 1432 1484 1481 1170 929 759 629 560
360 419 489 563 674 721 814 862 847 828 808 808 827 907 904 862 836 821 813 814 824 835 848 859 857 844 841 823 770 730 739 775 773 753 743 746 736 716 709 677 684 666 563 513 520 642 730 772 845 894 912 937 1002 1082 1118 1139 1171 1279 1338 1391 1445 1473 1464 1333 582 550 479 420 346
355 415 490 580 705 764 842 866 854 843 827 859 916 922 876 840 819 813 812 812 813 818 825 829 839 836 827 801 757 726 749 778 769 746 731 729 722 710 711 681 696 644 606 531 538 627 727 788 866 906 927 952 1009 1066 1090 1121 1165 1267 1329 1374 1409 1423 1283 769 449 405 361 326 271
373 444 515 607 732 814 877 896 901 932 934 944 936 888 845 822 809 808 811 812 817 805 806 800 799 762 740 769 761 728 743 758 741 727 719 719 717 715 716 721 749 728 588 537 538 622 713 803 881 923 949 963 1001 1072 1099 1126 1166 1258 1320 1365 1297 1322 708 534 478 339 317 268 244
427 464 535 650 755 855 912 943 959 965 948 942 901 856 827 809 804 807 806 803 807 795 789 796 781 709 682 739 745 695 706 725 714 708 711 717 718 721 722 728 756 718 564 513 538 657 721 815 885 931 971 1005 1056 1076 1073 1089 1127 1219 1283 1313 1246 1130 418 468 423 305 275 248 217
521 551 597 687 782 886 924 962 996 945 907 901 867 837 814 800 792 791 789 789 791 788 784 797 769 685 664 721 719 662 668 693 702 707 713 725 727 726 729 740 758 630 488 490 508 602 723 817 879 925 970 1005 1037 1066 1011 1078 1107 1058 1206 1261 1215 779 367 399 313 267 254 234 191
550 585 643 706 819 889 939 970 958 907 878 878 849 820 808 791 781 780 777 777 778 783 779 776 743 678 666 699 682 649 660 693 721 721 712 719 720 724 730 745 733 571 444 498 591 722 708 835 820 844 947 1004 968 983 985 974 1074 1060 1207 1192 1131 475 306 269 269 239 233 201 177
478 548 606 688 794 871 953 965 913 883 866 867 835 808 787 768 754 750 753 764 770 779 768 740 707 668 657 663 646 667 703 731 738 764 725 722 723 734 745 755 706 530 482 535 655 776 845 815 836 862 899 945 968 978 958 934 950 1092 1142 1184 454 364 269 227 231 202 202 184 148
247 413 518 653 721 830 940 951 895 881 875 861 821 793 784 766 757 754 752 753 761 769 766 740 700 657 641 652 675 711 752 757 729 715 717 738 704 726 741 758 680 511 446 506 679 797 760 820 859 877 905 949 989 997 965 930 988 1063 1157 1041 299 301 248 190 194 182 186 177 123
0 321 434 582 672 774 905 926 919 925 893 849 814 775 737 727 702 752 742 743 751 755 760 749 712 672 681 722 755 778 772 741 707 706 712 758 716 714 718 751 636 545 458 560 676 760 813 851 891 906 928 968 1004 1005 995 981 1016 1038 1082 408 285 300 248 174 175 154 159 133 94
0 327 425 541 685 761 882 903 938 960 894 837 814 751 707 679 670 684 709 727 739 740 736 721 706 701 728 770 789 779 747 718 700 716 731 764 757 733 724 760 636 544 507 574 676 776 857 889 955 969 966 991 1023 1038 1050 1012 905 832 480 354 247 210 189 137 137 127 113 0 0
0 350 429 549 657 794 873 891 925 950 891 835 817 734 674 659 662 673 694 715 726 729 714 694 705 736 759 759 754 741 719 709 714 744 760 769 761 750 750 774 648 481 489 552 687 814 850 906 956 961 962 992 1059 1079 1026 455 390 446 295 291 209 174 162 110 107 85 71 0 0
275 339 431 553 677 771 886 879 902 930 886 836 816 743 676 659 664 678 695 709 716 721 712 704 720 753 758 738 726 717 705 705 726 758 767 769 756 755 773 760 593 458 485 562 645 831 884 933 967 989 1038 1050 1110 1000 467 251 256 291 230 226 154 139 139 0 0 0 0 0 0
312 374 450 572 707 777 845 864 888 923 881 828 793 738 685 666 673 686 696 702 707 714 720 718 726 743 743 723 708 701 696 699 719 748 756 758 751 753 778 684 495 471 525 620 696 803 881 909 936 995 1031 948 1060 158 291 178 179 224 173 159 122 0 0 0 0 0 0 0 0
350 430 510 611 731 787 842 862 882 913 867 817 766 724 693 681 685 689 690 693 701 710 720 722 724 726 731 716 697 690 693 698 712 735 746 744 744 759 744 549 401 470 574 726 757 848 880 903 907 1002 494 301 416 0 0 0 0 161 119 115 0 0 0 0 0 0 0 0 0
391 468 558 660 743 804 854 856 870 912 864 812 762 722 700 693 691 684 683 689 698 705 715 715 724 717 709 695 685 687 694 697 707 724 734 735 739 765 718 454 438 549 697 840 876 901 892 890 847 711 189 172 231 0 222 0 123 115 0 0 0 0 0 0 0 0 0 0 0
431 522 589 690 754 823 856 849 861 885 850 813 769 726 702 695 691 682 680 685 693 698 705 708 711 710 707 690 683 687 691 690 694 709 721 728 744 749 642 433 481 627 759 870 909 882 855 228 193 282 0 114 142 146 168 108 0 0 0 0 0 0 0 0 0 0 0 0 0
453 549 615 709 765 838 852 859 860 853 825 810 774 728 703 695 690 684 681 685 691 697 704 704 714 673 691 690 685 691 690 683 682 703 722 738 757 776 612 507 552 722 816 886 875 685 189 0 0 0 0 0 0 0 142 0 0 0 0 0 0 0 0 0 0 0 0 0 0
473 569 648 721 781 844 854 868 864 835 806 804 771 732 709 695 690 687 689 690 691 692 700 691 707 690 680 677 679 687 682 674 674 704 733 748 764 771 604 538 601 779 870 864 858 0 0 0 0 0 0 0 0 0 0 0 0 0 0 0 0 0 0 0 0 0 0 0 0
493 588 669 730 788 853 869 869 862 830 774 778 768 735 716 704 693 690 688 683 673 669 675 677 696 694 679 668 669 677 674 667 671 714 747 760 771 734 508 514 622 747 870 856 465 0 0 0 0 0 0 0 0 0 0 0 0 0 0 0 0 0 0 0 0 0 0 0 0
510 605 682 739 812 857 888 882 859 829 759 752 753 743 720 701 700 695 689 678 662 622 620 646 690 695 681 665 661 670 668 664 674 735 760 765 728 540 410 488 629 761 821 826 0 0 0 0 196 224 154 0 0 0 0 0 0 0 0 0 0 0 0 0 0 0 0 0 0
529 622 692 748 820 858 881 902 880 844 785 748 745 736 731 726 716 710 708 696 667 640 630 670 692 690 679 667 662 665 664 664 698 731 700 619 505 361 384 491 677 752 800 655 0 0 0 0 100 97 0 0 0 0 0 0 0 0 0 0 0 0 0 0 0 0 0 0 0
544 639 700 756 829 847 884 0 870 863 792 734 732 741 722 719 724 724 720 712 679 669 663 715 705 682 673 667 664 663 662 669 701 658 500 479 430 374 422 548 741 757 758 0 0 0 0 0 0 0 0 0 0 0 0 0 0 0 0 0 0 0 0 0 0 0 0 0 0
561 652 706 765 829 857 0 849 915 890 825 756 741 746 757 740 727 720 708 708 691 705 707 759 725 681 668 662 656 662 662 667 708 609 469 432 450 463 522 660 878 889 696 0 0 0 0 316 0 0 0 0 0 0 0 0 0 0 0 0 0 0 0 0 0 0 0 0 0
574 657 709 766 831 866 836 838 889 896 0 773 762 747 0 708 713 647 609 658 687 714 713 751 727 684 667 660 654 661 667 672 712 621 481 484 559 590 618 741 912 840 746 221 0 0 0 132 0 0 0 0 0 0 0 0 0 0 0 0 0 0 0 0 0 0 0 0 0
584 661 707 756 824 860 875 907 888 890 805 799 773 750 645 658 643 564 554 607 646 663 661 713 707 678 661 645 646 654 663 674 692 615 507 541 619 647 687 776 878 824 663 100 0 0 113 0 0 0 0 0 0 0 0 0 0 0 0 0 0 0 0 0 0 0 0 0 0
598 665 702 0 826 878 904 0 868 907 832 815 751 714 654 644 607 568 590 607 591 587 591 670 712 697 679 672 673 673 679 689 655 550 536 585 671 673 722 802 894 823 250 0 0 0 0 0 0 0 0 0 0 0 0 0 0 0 0 0 0 0 0 0 0 0 0 0 0
611 674 703 0 0 842 947 899 853 896 881 0 724 690 664 674 658 633 632 609 574 570 590 679 714 699 683 679 682 678 671 630 585 576 586 655 727 718 724 792 871 902 369 0 0 0 0 0 0 0 0 0 0 0 0 0 0 0 0 0 0 0 0 0 0 0 0 0 0
622 685 709 0 0 0 846 909 890 907 0 0 0 667 709 704 664 635 604 577 557 592 660 728 737 712 691 686 689 688 662 689 658 657 718 762 779 778 766 804 779 797 726 227 0 0 0 0 0 0 0 0 0 0 0 0 0 0 0 0 0 0 0 0 0 0 0 0 0
634 698 724 728 766 722 817 888 0 0 0 0 633 679 751 710 615 583 564 605 585 663 739 782 758 725 699 693 697 695 746 770 729 714 773 713 722 719 707 716 727 718 732 286 133 0 0 0 0 0 0 0 0 0 0 0 0 0 0 0 0 0 0 0 0 0 0 0 0
652 709 735 749 811 0 732 851 842 0 0 0 716 708 763 716 628 578 610 591 708 750 790 783 754 724 701 698 705 701 714 739 745 758 680 715 733 758 691 689 698 683 689 126 0 0 0 0 0 0 0 0 0 0 0 0 0 0 0 0 0 0 0 0 0 0 0 0 0
671 718 744 766 832 794 759 842 875 812 750 689 716 768 814 766 699 648 633 681 788 853 841 804 743 721 706 707 714 713 723 732 719 650 578 700 710 750 743 721 684 674 650 126 0 0 0 0 0 0 0 0 0 0 0 0 0 0 0 0 0 0 0 0 0 0 0 0 0
687 724 753 792 857 842 807 841 905 852 827 755 752 805 830 786 729 684 682 749 846 876 842 806 747 731 722 723 725 725 731 736 697 616 581 741 784 744 740 722 742 673 309 0 0 0 0 0 0 0 0 0 0 0 0 0 0 0 0 0 0 0 0 0 0 0 0 0 0
704 733 763 829 886 885 849 850 891 865 843 811 809 825 829 787 733 701 738 831 896 871 831 815 769 756 745 740 736 733 739 747 752 647 588 672 768 733 735 761 753 691 162 0 0 0 0 0 0 0 0 0 0 0 0 0 0 0 0 0 0 0 0 0 0 0 0 0 0
724 747 781 0 899 916 878 890 900 890 866 836 826 812 797 771 737 735 785 885 901 867 844 850 803 782 763 752 745 740 743 728 702 678 645 746 767 741 753 809 839 651 104 0 0 0 0 0 0 0 0 0 0 0 0 0 0 0 0 0 0 0 0 0 0 0 0 0 0
750 773 809 860 888 909 894 870 870 864 905 889 867 829 815 791 771 783 833 904 895 840 819 843 840 807 776 762 756 750 752 735 793 718 788 739 778 782 863 895 859 131 94 0 0 0 0 0 0 0 0 0 0 0 0 0 0 0 0 0 0 0 0 0 0 0 0 0 0
773 806 839 876 885 965 932 875 872 875 929 921 890 854 849 852 840 842 869 899 882 875 837 850 860 837 796 777 767 763 764 731 822 826 883 842 793 832 939 960 252 117 0 0 0 0 0 0 0 0 0 0 0 0 0 0 0 0 0 0 0 0 0 0 0 0 0 0 0
796 837 853 879 884 910 948 918 914 880 924 910 875 858 855 872 867 855 874 892 882 857 852 861 871 858 828 799 787 783 775 729 720 782 870 856 844 891 986 663 162 136 0 0 0 0 0 0 0 0 0 0 0 0 0 0 0 252 0 0 0 0 0 0 0 0 0 0 0
822 855 887 876 880 889 921 913 897 881 912 890 860 854 854 859 855 857 872 873 873 863 872 874 877 864 844 832 815 794 759 715 768 775 892 909 909 953 988 172 73 0 0 0 0 0 0 0 0 0 0 0 0 0 0 0 0 0 0 0 0 0 0 0 0 0 0 0 0
830 850 866 873 914 879 897 899 896 880 908 884 863 862 862 864 868 877 884 883 901 901 910 900 891 886 863 842 826 791 739 769 783 835 939 943 964 1013 1038 168 110 0 0 0 0 0 0 0 0 0 0 0 0 0 0 0 0 0 0 0 0 0 0 0 0 0 0 0 0
838 850 860 867 878 882 889 888 884 872 896 885 875 870 866 860 859 846 850 854 866 876 883 887 895 888 879 861 835 784 738 775 812 925 949 955 1016 1035 309 126 99 0 0 0 0 0 0 0 0 0 0 0 0 0 0 0 0 0 0 0 0 0 0 0 0 0 0 0 0
839 841 848 856 862 869 874 873 868 857 882 882 881 879 862 832 778 0 0 0 0 0 760 827 887 889 886 870 846 789 794 787 914 958 964 973 1038 941 194 62 85 0 0 0 0 0 0 0 0 0 0 0 0 0 0 0 0 0 0 0 0 0 0 0 0 0 0 0 0
842 840 838 839 854 881 859 856 854 840 867 874 881 879 862 744 0 0 0 0 0 0 0 0 847 875 878 846 809 774 795 818 927 956 974 998 1057 897 189 93 0 0 0 0 0 0 0 0 0 0 0 0 0 0 0 0 0 0 0 0 0 0 0 0 0 0 0 0 0
848 846 847 852 865 878 851 845 840 828 853 864 878 871 837 556 0 0 0 0 0 0 0 0 0 698 0 731 736 745 787 836 906 948 987 1028 1069 869 213 0 0 0 0 0 0 0 0 0 0 0 0 0 0 0 0 0 0 0 0 0 0 0 0 0 0 0 0 0 0
