---
Height of Critical Updraft Strength (Hcrit) [m] Valid 1500 NZST ~Z75~(0300Z)~Z~ WED 7 Jan 2026 ~Z75~[99hrFcst@2128z]~Z~
Model= RASP Region= NZ Grid= d2 Reskm= 2.0 Indexs= 1 69 1 69 Proj= lambert 2000 2000 -35.0000 -42.0000 176.0000 -37.7968 175.7263
Day= 2026 1 7 WED ValidLST= 1500 NZST ValidZ= 300 Fcst= 99.0 Init= 94 Param= hwcrit Unit= m Mult= 1 Min= 1 Max= 2018
727 768 778 778 762 740 712 692 679 676 684 705 741 771 803 833 873 905 950 998 1044 1102 1182 1206 1199 1243 1234 1210 1179 1153 1157 1152 1081 1123 1065 1073 1112 1174 1309 1307 1341 1379 1398 1425 1456 1507 1517 1564 1528 1559 1512 1584 1648 1675 1666 1639 1643 1698 1771 1822 1829 1828 1826 1827 1848 1876 1907 1936 1907
741 786 802 809 797 771 736 708 687 679 680 696 728 757 787 818 858 888 934 986 1041 1098 1179 1182 1226 1242 1235 1205 1177 1104 1167 1159 1087 1072 1072 1087 1116 1252 1308 1366 1409 1427 1421 1477 1496 1549 1559 1500 1561 1482 1496 1531 1605 1660 1644 1614 1626 1647 1752 1787 1830 1837 1840 1835 1849 1875 1920 1954 1907
717 775 798 814 806 786 757 729 704 691 687 697 724 748 775 805 844 874 964 970 1022 1122 1140 1196 1216 1236 1227 1198 1176 1176 1176 1174 1173 1102 1108 1136 265 1281 1325 1376 1419 1449 1443 1467 1522 1567 1576 1504 1495 1494 1510 1536 1597 1648 1624 1594 1611 1634 1737 1763 1812 1837 1847 1842 1852 1876 1922 1946 1898
672 718 758 783 798 786 771 769 753 744 738 735 744 757 775 803 844 868 909 1003 1049 1098 1139 1174 1199 1221 1212 1190 1179 1185 1188 1195 1142 1245 1200 1221 1311 1339 1336 1404 1436 1467 1493 1437 1498 1580 1515 1516 1512 1511 1516 1532 1590 1550 1603 1569 1583 1609 1716 1742 1772 1803 1840 1847 1861 1878 1917 1925 1897
645 681 707 751 777 780 781 791 788 777 981 785 777 779 792 807 834 869 890 935 981 1045 1080 1145 1179 1193 1194 1186 1199 1206 1210 1230 1271 1306 1328 1345 1359 1373 1392 1420 1451 1485 1517 1540 1587 1605 1616 1540 1536 1530 1527 1530 1537 1544 1551 1561 1566 1682 1710 1734 1754 1779 1804 1841 1843 1863 1901 1904 1893
613 658 680 709 757 767 786 804 814 812 811 822 815 799 795 806 826 850 881 922 971 1021 1107 1139 1161 1164 1124 1118 1120 1136 1136 1218 1275 1323 1355 1382 1405 1427 1365 1448 1470 1414 1522 1481 1517 1628 1637 1641 1645 1648 1565 1555 1548 1551 1544 1637 1656 1688 1717 1738 1761 1779 1807 1824 1855 1863 1886 1886 1885
598 625 642 672 693 724 739 780 804 831 823 844 855 835 813 813 825 841 865 895 935 978 1010 1091 1119 1078 1094 1169 1132 1198 1205 1227 1281 1331 1371 1328 1356 1379 1426 1472 1507 1435 1552 1499 1629 1656 1672 1646 1686 1685 1644 1588 1571 1556 1630 1634 1651 1587 1715 1753 1733 1681 1681 1735 1828 1841 1869 452 463
593 615 623 640 662 658 684 731 775 818 847 859 932 945 881 858 843 852 872 888 906 937 971 996 1018 1025 1036 1067 1111 1137 1139 1214 1279 1268 1387 1417 1451 1478 1507 1564 1602 1624 1568 1574 1576 1665 1685 1705 1714 1706 1633 1729 1646 1590 1559 1633 1642 1573 1696 1744 1770 1750 1743 1798 426 1674 1843 1861 1871
600 622 629 636 634 640 654 674 735 776 798 909 934 889 887 886 898 912 906 892 886 901 1002 977 1001 991 979 1012 1075 1100 1130 1109 1157 1233 1366 1400 1434 1472 1556 1615 1635 1572 1284 983 422 1544 1707 1738 1747 1712 1699 1755 1748 1714 1601 1678 1655 1643 1662 1608 1640 1669 1649 1660 419 426 1770 1820 1871
633 640 641 642 633 635 647 683 670 747 747 811 849 882 895 897 914 949 934 905 893 898 922 946 973 954 944 990 1036 1143 1112 1083 1103 1278 1334 1364 1393 1430 1504 1577 1282 347 367 382 413 469 512 1443 1794 1787 1753 1770 1786 1730 1720 1726 1706 1687 1691 1612 1623 1723 1762 1813 1810 1757 446 1760 1870
612 632 675 641 629 621 634 626 653 703 717 725 817 861 899 927 940 950 946 938 931 913 917 924 928 937 971 1017 1026 1051 1082 1070 1083 1257 1231 1251 1275 1303 1335 1383 1466 921 359 374 421 482 512 540 1390 1674 1739 1832 1813 1757 1734 1722 1719 1731 1738 1747 1737 1761 1776 1837 415 427 1807 1857 1897
614 669 674 639 625 638 592 623 647 689 700 700 755 829 868 920 959 961 935 920 925 935 940 931 925 938 969 1007 1006 1028 1044 1045 1067 1111 1145 1183 1219 1254 1290 1323 1367 1429 1454 1374 1543 1645 1704 1733 1781 1736 1719 1635 1456 1281 1484 1763 1675 1710 1744 1856 1850 1887 1879 409 431 446 476 1910 1913
621 634 646 637 628 637 596 623 636 673 686 690 729 800 829 873 934 969 949 917 908 929 950 940 931 942 963 1064 1000 1016 1019 1023 1055 1084 1097 1219 1180 1217 1256 1294 1333 1473 1545 1569 1609 1667 1699 1718 1754 1790 1802 1777 1745 1736 1505 1157 1244 1726 1798 1866 1900 1902 1890 427 459 478 498 502 1926
596 626 630 687 671 630 625 635 638 674 681 688 721 781 820 850 898 939 947 946 926 916 923 924 936 962 981 1006 1001 1007 1012 175 1029 1061 1152 1209 1180 1220 1259 1308 1348 1472 1522 1560 1603 1661 1695 1728 1752 1777 1783 1759 1722 1706 1675 1240 317 304 336 397 1594 423 428 440 1930 1999 2018 2015 1902
577 616 675 661 665 659 665 663 658 692 689 690 722 774 820 856 871 894 906 935 972 959 935 929 949 979 1005 1020 1035 1042 155 166 997 1029 1042 1070 1145 1206 1252 1295 1409 1440 1487 1460 1574 1626 1671 1697 1719 1749 1670 1737 1687 1676 1662 1627 1839 1689 290 324 1737 1854 1789 1908 1948 1966 1965 1946 1655
573 604 634 662 698 682 685 684 678 706 702 705 727 767 799 837 845 855 870 895 939 987 1009 1006 1009 1021 1043 1057 1049 1087 146 1020 1010 1014 1029 1055 1111 1177 1226 1266 1287 1375 1416 1485 1525 1601 1644 1667 1695 1724 1751 1713 1654 1683 1732 1635 1868 1869 255 277 331 1608 1905 451 486 1819 1549 1611 1053
549 588 633 670 690 699 702 697 694 707 717 747 758 769 778 810 833 844 857 875 904 948 1003 1060 1100 1118 1119 1127 1118 1121 1118 1129 1055 1041 1052 1079 1131 1170 1204 1229 1241 1339 1392 1452 1519 1584 1616 1634 1655 1588 1661 1661 1612 1633 1701 1683 1884 247 247 262 297 1546 1739 465 486 516 529 1157 895
521 579 621 674 704 735 710 699 682 700 722 774 787 782 772 794 825 839 854 872 898 934 981 1037 1078 1109 1142 1160 1152 1141 1149 1165 1130 1133 1141 1154 1173 1185 1194 1207 1296 1346 1409 1475 1533 1580 1612 1631 1640 1642 1638 1633 1607 1573 1582 1590 263 245 252 260 867 1508 1584 1337 459 487 1026 1274 945
482 554 620 686 719 735 728 693 673 691 700 745 766 768 771 802 815 829 850 880 914 945 978 1023 1065 1090 1120 1136 1138 1149 1146 1165 1145 1156 1163 1171 1182 1183 1186 1272 1321 1376 1431 1485 1535 1577 1607 1622 1633 1560 1620 1612 1618 1570 1562 273 250 242 244 252 278 1071 1505 1613 1578 1238 1251 1186 1062
464 530 600 663 702 741 740 712 684 668 661 681 714 751 795 811 822 835 855 885 918 948 978 1019 1075 1121 1170 1211 1177 1095 1127 1147 1183 1213 1229 1235 1179 1170 1181 1276 1336 1399 1461 1518 1544 1577 1605 1620 1630 1629 1630 1627 1654 1628 1633 304 270 256 260 276 289 1235 1505 1602 928 1019 1039 1031 1022
468 530 600 665 704 732 758 733 711 691 614 648 691 719 758 809 833 860 885 904 919 938 970 1019 1086 1161 1251 1281 1250 1126 1102 1144 1191 1239 1260 1253 1177 1168 1183 1219 1255 1391 1470 1514 1533 1561 1593 1618 1626 1629 1556 1551 1555 1669 1673 1656 344 332 332 336 318 298 1432 1205 334 347 359 369 939
496 543 605 656 688 727 764 768 707 664 597 636 672 693 710 778 830 848 866 886 906 929 962 1005 1067 1145 1241 1304 1278 1170 1182 1167 1202 1259 1285 1278 1208 1228 1264 1271 1378 1431 1476 1506 1517 1558 1587 1610 1615 1611 1616 1549 1550 1594 1685 1689 1666 413 1850 1907 1411 305 297 299 305 311 317 716 697
494 544 595 639 671 709 784 775 714 596 565 623 644 663 685 720 1021 1087 877 870 886 920 977 1055 1100 1126 1147 1168 1188 1257 1269 1318 1291 1275 1294 1363 1329 1329 1324 1330 1358 1462 1506 1541 1557 1593 1607 1608 1605 1598 1601 1608 1636 1687 1713 1698 1731 1779 1997 325 314 794 965 906 698 648 636 624 601
508 547 580 611 631 685 663 651 641 548 549 614 637 654 680 704 767 832 878 899 906 930 1006 1073 1112 1127 1144 1135 1166 1206 1265 1365 1395 1392 1375 1384 1387 1384 1379 1336 1355 1455 1520 1581 1598 1618 1615 1605 1601 1598 1598 1603 1653 1698 1733 1714 1764 1784 1688 310 293 269 523 622 545 574 547 538 517
518 537 568 566 571 566 545 533 556 559 597 631 652 671 689 705 712 786 855 906 961 1014 1052 1084 1107 1133 1140 1127 1150 1178 1216 1324 1384 1422 1427 1417 1389 1382 1399 1358 1356 1384 1531 1613 1615 1601 1595 1597 1596 1595 1600 1606 1665 1709 1663 1631 1753 1757 1050 295 266 241 238 521 475 481 472 464 456
513 531 533 530 524 499 486 455 436 515 636 687 690 689 700 717 728 768 839 881 941 1042 1082 1108 1144 1168 1148 1145 1168 1201 1228 1282 1358 1400 1418 1264 1408 1387 1367 1344 1386 1414 1494 1638 1622 1578 1562 1566 1570 1569 1585 1604 1674 1716 1737 1721 1752 1772 1101 273 678 561 570 542 436 436 429 420 412
498 509 517 495 484 468 448 414 398 447 572 698 778 761 721 739 774 803 835 869 906 998 1068 1098 1123 1142 1159 1184 1214 1248 1270 1313 1358 1379 1385 1398 1390 1233 1228 777 701 1099 1496 1662 1621 1570 1558 1548 1542 1532 1549 1586 1671 1715 1732 1729 1769 1795 1172 256 398 464 482 509 420 401 392 383 374
477 485 491 467 465 450 434 408 394 422 499 638 746 830 831 805 805 826 849 875 904 947 1040 1069 1087 1110 1145 1176 1214 1250 1257 1291 1351 1367 1369 1381 1375 820 583 75 73 119 1511 1667 1615 1556 1560 1567 1540 1519 1530 1610 1663 1703 1723 1721 1746 1758 1475 251 203 375 402 462 384 361 355 347 340
454 467 464 445 447 444 448 426 404 415 443 526 650 795 860 876 853 846 870 903 932 975 994 1201 1091 1120 1160 1167 1198 1245 1244 1248 1316 1359 1368 1384 1391 1392 1370 1333 1239 861 283 1583 1659 1601 1561 1554 1553 1551 1572 1620 1662 1687 1709 1713 1731 1732 1616 247 260 306 327 368 366 313 311 306 301
432 432 432 441 441 458 463 442 416 416 432 494 561 664 812 880 915 903 891 921 969 1019 1022 1072 1115 1171 1202 1186 1209 1266 1272 1250 1268 1335 1364 1390 1413 1434 1440 1443 1474 1429 315 1155 1625 1554 1520 1511 1520 1535 1566 1614 1650 1668 1693 1695 1726 1680 1750 228 182 231 239 302 318 276 275 272 268
431 431 441 444 451 461 461 439 423 425 437 482 532 615 687 824 893 1001 1037 1024 1011 1047 1079 1103 1151 1213 1242 1233 1248 1286 1307 1300 1281 1335 1373 1381 1164 1134 1491 1525 1529 1495 1585 1585 1472 1419 1472 1481 1493 1519 1557 1601 1646 1666 1245 1639 1636 1508 1691 197 153 255 201 250 227 221 227 229 223
423 434 445 458 468 472 462 442 431 440 456 496 530 587 661 721 837 906 1041 1084 1091 1088 1115 1154 1195 1235 1271 1287 1306 1313 1328 1343 1356 1413 1403 1372 833 860 1501 1522 1542 1546 1605 1573 1454 1433 1338 1422 1382 1416 1526 1565 1524 1170 991 1481 1523 1385 1570 160 125 270 198 192 188 183 189 191 187
414 443 464 485 499 499 479 458 436 457 484 515 544 591 659 706 807 858 924 1048 1097 1126 1157 1206 1248 1256 1279 1309 1347 1346 1304 1336 1437 1470 1424 1397 1373 1413 1486 1491 1506 1573 1675 1570 1450 1409 1380 1314 1329 1358 1383 1412 1437 1453 1468 1476 1403 1339 481 407 411 289 200 164 152 150 162 164 142
389 451 497 540 532 526 492 461 448 479 509 523 564 606 648 685 730 814 857 904 1040 1096 1160 1226 1296 1327 1327 1321 1322 1316 1358 1391 1413 1432 1430 1422 1647 1515 1481 1475 1474 1582 1601 1510 1506 1487 1373 1329 1305 1329 1358 1379 1394 1396 1414 818 787 675 357 337 331 273 192 145 125 126 134 127 109
59 456 509 555 546 543 508 482 474 513 518 534 567 808 902 921 949 867 847 870 912 1048 1101 1171 1248 1306 1337 1333 1364 1392 1406 1415 1419 1420 1437 1459 1727 1575 1524 1491 1464 1648 1590 1565 1539 1552 1513 1378 1353 1402 1425 1386 1050 595 547 498 556 492 302 210 267 267 189 132 115 111 109 101 73
61 453 512 543 575 558 525 499 507 535 524 549 570 826 924 972 838 846 859 876 904 956 1074 1143 1189 1206 1226 1323 1365 1381 1234 1086 1124 1423 1459 1525 1569 1580 1569 1543 1499 1641 1653 1589 1579 1563 1516 1423 1440 1438 633 239 225 313 344 362 372 339 224 159 180 180 163 123 111 98 81 1 1
74 470 504 542 553 581 536 510 535 543 534 565 577 815 926 837 870 884 892 905 933 981 1046 1130 1179 1162 1169 1239 1326 1356 1363 808 70 897 1529 1560 1547 1555 1560 29 1565 1598 1636 1587 1575 1555 1442 1466 1448 55 33 25 152 222 228 212 198 215 193 145 137 134 127 100 77 52 1 1 1
419 454 491 526 550 554 563 529 541 550 541 576 609 618 683 770 883 921 938 952 990 1063 1110 1156 1189 1196 1228 1296 1329 1341 1359 950 56 940 1542 1567 1540 1534 1529 1191 1189 1635 1681 1586 1467 1548 1466 516 298 212 190 132 175 140 105 132 148 154 155 131 112 108 101 2 1 1 1 1 1
430 457 485 513 533 548 540 536 551 553 538 566 616 618 672 728 854 907 958 1045 1091 1117 1142 1179 1229 1323 1374 1374 1374 1372 1373 1382 1399 1478 1523 1549 1545 1542 1538 1548 1586 1702 1643 1578 1467 1385 355 231 174 176 174 122 254 7 40 59 73 84 85 80 64 3 1 1 1 1 1 1 1
435 457 481 503 521 535 534 533 542 555 552 583 625 643 676 709 784 874 920 1044 1109 1146 1173 1212 1335 1397 1395 1390 1399 1407 1405 1406 1408 1419 1478 1515 1538 1547 1569 1576 1639 1647 1565 1506 1471 256 145 105 131 130 111 96 163 8 1 1 2 51 2 2 2 1 1 1 1 1 1 1 1
442 459 477 496 509 524 533 538 532 539 534 569 621 661 687 709 764 853 888 948 1071 1122 1196 1329 1385 1382 1267 1213 1025 793 914 1465 1497 1472 1464 1483 1503 1421 1603 1638 1739 1610 1483 1515 277 71 46 21 9 9 6 7 167 6 2 6 4 1 1 1 1 1 1 1 1 1 1 1 1
448 461 474 489 498 513 529 536 681 705 540 551 582 649 683 707 761 839 877 918 1042 1082 1136 1281 1344 1350 897 27 29 29 30 772 1359 1486 1494 1481 1466 1486 1551 1608 1671 1527 1404 1460 133 36 25 14 6 3 2 2 116 118 4 4 2 1 1 1 1 1 1 1 1 1 1 1 1
452 461 472 484 490 499 517 527 544 575 549 573 591 636 662 683 735 823 869 916 1005 1060 1090 1153 1272 1398 1201 889 24 600 1102 1282 1142 1272 1492 1501 1463 1538 1559 1622 1560 1476 1385 1446 22 17 12 5 2 2 2 1 2 7 115 1 1 1 1 1 1 1 1 1 1 1 1 1 1
450 460 467 474 480 489 502 522 539 557 553 614 623 630 641 657 698 782 841 894 964 1040 1062 1099 1138 1217 1250 1261 1234 1247 1288 1316 1157 944 1442 1486 1476 1540 1551 1593 1502 1424 1415 362 8 4 2 1 5 6 3 1 2 3 2 1 1 1 1 1 1 1 1 1 1 1 1 1 1
444 453 458 464 470 491 486 505 523 577 584 581 623 633 638 651 680 736 821 867 924 978 1051 1069 1087 1109 1165 1233 1246 1275 1313 1323 1309 1305 1335 1439 1455 1523 1520 1582 1454 1284 1410 139 3 1 1 5 13 11 3 1 1 1 1 1 1 1 1 1 1 1 1 1 1 1 1 1 1
431 440 445 452 476 477 472 488 524 579 600 587 624 632 641 652 677 724 790 855 913 971 998 1010 1043 1058 1096 1185 1226 1253 1284 1287 1268 1234 1252 1324 1280 1464 1516 1493 1386 1255 1342 53 1 1 1 6 11 7 39 1 1 1 1 1 1 1 1 1 1 1 1 1 1 1 1 1 1
420 426 434 448 467 467 465 503 527 551 588 613 618 634 642 652 678 727 794 845 904 1015 1066 1076 1031 1045 1072 1159 1032 14 1171 1226 1201 1133 684 1325 1443 1529 1593 1433 1354 1259 226 1 1 1 1 2 3 1 1 1 1 1 1 1 1 1 1 1 1 1 1 1 1 1 1 1 1
410 415 424 450 455 456 489 24 473 531 563 616 614 642 638 648 672 729 805 845 893 1000 1064 1120 1069 1088 1102 1144 1212 12 461 1034 1051 448 1328 1557 1581 1606 1537 1463 1414 1259 131 5 1 1 1 1 1 1 1 1 1 1 1 1 1 1 1 1 1 1 1 1 1 1 1 1 1
403 408 420 440 446 457 18 465 511 527 555 608 632 644 647 672 722 813 836 849 873 968 1041 1118 1105 1131 1166 1187 1229 1243 10 8 13 1215 1535 1686 1596 1516 1476 1426 1446 1391 82 20 11 2 1 2 1 1 1 1 1 1 1 1 1 1 1 1 1 1 1 1 1 1 1 1 1
397 404 424 434 442 464 469 487 495 524 14 552 598 665 22 704 810 853 869 881 857 934 1024 1095 1074 1088 1166 1235 1250 1284 810 4 2 1361 1521 1592 1552 1536 1499 1400 1416 1281 55 26 17 5 1 1 1 1 1 1 1 1 1 1 1 1 1 1 1 1 1 1 1 1 1 1 1
397 406 430 432 441 464 497 511 513 528 496 508 540 664 707 771 845 933 966 891 911 960 971 1011 1032 1043 1072 1210 1234 3 1 678 1257 1402 1438 1453 1471 1542 1595 1519 1488 758 91 27 4 1 1 1 1 1 1 1 1 1 1 1 1 1 1 1 1 1 1 1 1 1 1 1 1
406 418 432 26 441 465 502 1 499 534 518 531 549 658 730 770 868 967 983 971 1013 1048 1024 975 1065 1084 1109 1236 3 2 2 1018 1315 1382 1436 1366 1372 1445 1550 1533 1567 506 118 38 4 14 7 1 1 1 1 1 1 1 1 1 1 1 1 1 1 1 1 1 1 1 1 1 1
417 435 435 26 17 449 512 506 500 511 521 1 613 705 754 741 810 895 956 1020 1078 1109 1081 1023 1103 1110 1180 1265 1176 3 16 1233 1364 1445 1405 1306 1327 1339 1429 1428 1388 146 120 46 20 36 14 1 1 1 1 1 1 1 1 1 1 1 1 1 1 1 1 1 1 1 1 1 1
433 448 442 29 20 12 421 518 535 537 1 10 75 670 735 750 814 877 945 1019 1025 1085 1048 1130 1124 1216 1335 1319 1309 1293 1253 1393 1449 1459 1405 1309 1317 1333 1350 1347 1310 134 120 49 14 17 5 1 1 1 1 1 1 1 1 1 1 1 1 1 1 1 1 1 1 1 1 1 1
447 457 452 436 437 362 406 497 4 2 1 31 604 648 673 766 875 928 947 1046 994 995 1034 1070 1134 1321 1344 1329 1313 1311 1364 1367 1324 1347 1407 1271 1236 1225 1213 1235 1225 1295 118 46 64 1 1 1 1 1 1 1 1 1 1 1 1 1 1 1 1 1 1 1 1 1 1 1 1
467 469 464 450 447 21 349 403 472 3 8 42 628 612 643 744 875 950 1000 942 919 916 1016 1055 1125 1283 1302 1313 1315 1305 1281 1264 1276 1408 1452 1419 1503 1339 1227 1229 1134 1281 273 63 4 1 1 1 1 1 1 1 1 1 1 1 1 1 1 1 1 1 1 1 1 1 1 1 1
483 482 477 462 471 429 399 393 427 489 543 561 583 607 688 758 859 955 997 938 943 965 1080 1112 1143 1284 1287 998 1019 1306 1278 1263 1283 1366 1407 1468 1362 1452 1420 1530 1238 1059 205 92 11 1 1 1 1 1 1 1 1 1 1 1 1 1 1 1 1 1 1 1 1 1 1 1 1
497 496 491 477 487 486 427 405 430 494 560 579 570 588 678 750 824 904 949 898 956 1042 1110 1176 1235 735 3 3 609 1285 1286 1255 1280 1332 1353 1473 1458 1510 1525 1587 1393 308 180 107 16 1 1 1 1 1 1 1 1 1 1 1 1 1 1 1 1 1 1 1 1 1 1 1 1
507 506 501 497 522 527 495 456 470 497 569 586 584 630 685 740 805 866 865 815 915 1054 1128 1280 1312 3 3 3 3 550 1300 1472 1374 1339 1355 1429 1492 1517 1557 1509 1227 210 182 97 12 1 1 1 1 1 1 1 1 1 1 1 1 1 1 1 1 1 1 1 1 1 1 1 1
516 516 514 41 534 542 517 537 535 549 583 590 610 688 726 755 794 818 780 766 885 1036 1109 1259 1045 3 3 3 2 1070 1308 1297 1327 1382 1364 1467 1503 1567 1558 1500 435 210 197 49 5 2 1 1 1 1 1 1 1 1 1 1 1 1 1 1 1 1 1 1 1 1 1 1 1
531 534 525 530 524 530 532 531 529 537 594 605 668 716 747 755 760 714 725 777 884 917 1041 1104 1245 1105 574 3 2 906 1337 1290 1402 1373 1470 1417 1537 1558 1571 464 326 223 158 18 5 3 1 1 1 1 1 1 1 1 1 1 1 1 1 1 1 1 1 1 1 1 1 1 1
571 580 559 548 536 595 594 553 545 543 626 685 711 730 740 741 741 722 738 844 898 1013 1039 1088 1161 1272 1323 560 950 1394 1342 1285 1399 1429 1465 1490 1560 1528 1537 359 269 221 45 14 3 2 1 1 1 1 1 1 1 1 1 1 1 1 1 1 1 1 1 1 1 1 1 1 1
599 602 580 570 558 561 653 661 661 591 687 718 738 742 744 748 749 746 775 888 920 974 1057 1103 1169 1254 1298 1025 727 1453 1397 1336 1358 1447 1480 1509 1563 1566 1415 348 244 184 34 10 1 1 1 1 1 1 1 1 1 1 1 1 1 89 1 1 1 1 1 1 1 1 1 1 1
617 624 634 599 586 581 647 654 654 653 706 737 760 762 762 765 757 766 867 907 949 1015 1076 1114 1170 1253 1270 1268 1256 1328 1383 1375 1483 1510 1521 1546 1549 1552 535 316 191 56 24 5 1 1 1 1 1 1 1 1 1 1 1 1 1 1 1 1 1 1 1 1 1 1 1 1 1
623 633 640 640 702 651 673 675 676 672 718 749 781 794 786 776 781 883 910 925 1047 1091 1132 1189 1305 1344 1350 1290 30 62 1112 1454 1463 1504 1524 1553 1536 1533 508 293 205 38 15 1 1 1 1 1 1 1 1 1 1 1 1 1 1 1 1 1 1 1 1 1 1 1 1 1 1
639 656 672 688 724 717 708 702 699 696 736 754 787 832 889 890 888 874 874 882 967 1024 1047 1071 1144 1233 1266 1296 54 96 1368 1468 1497 1523 1546 1543 1521 1430 453 244 177 23 8 1 1 1 1 1 1 1 1 1 1 1 1 1 1 1 1 1 1 1 1 1 1 1 1 1 1
657 683 710 744 762 756 743 732 726 721 749 760 809 901 918 921 915 25 11 3 1 3 347 313 681 931 1087 1182 1275 1327 1429 1471 1515 1560 1584 1547 1476 1064 377 173 150 17 7 1 1 1 1 1 1 1 1 1 1 1 1 1 1 1 1 1 1 1 1 1 1 1 1 1 1
663 699 750 791 794 818 778 764 755 747 771 778 873 915 925 925 28 15 6 1 1 2 1 1 320 669 882 1099 1198 1273 1378 1428 1514 1563 1577 1464 1438 895 365 201 37 15 6 1 1 1 1 1 1 1 1 1 1 1 1 1 1 1 1 1 1 1 1 1 1 1 1 1 1
662 707 771 808 819 846 815 805 793 778 799 803 921 923 905 876 20 7 2 1 1 1 1 6 11 367 60 970 1170 1249 1355 1394 1382 1390 1386 1346 1251 794 358 69 37 16 7 1 1 1 1 1 1 1 1 1 1 1 1 1 1 1 1 1 1 1 1 1 1 1 1 1 1
