---
Vertical Velocity & Wind [kt] at 700mb Direction [deg] Valid 1500 NZST ~Z75~(0300Z)~Z~ WED 7 Jan 2026 ~Z75~[99hrFcst@2128z]~Z~
Model= RASP Region= NZ Grid= d1 Reskm= 6.0 Indexs= 1 79 1 99 Proj= lambert 6000 6000 -35.0000 -42.0000 176.0000 -38.5000 176.0000
Day= 2026 1 7 WED ValidLST= 1500 NZST ValidZ= 300 Fcst= 99.0 Init= 94 Param= press700 Direction Unit= cm/sec Mult= 1 Min= 133 Max= 342
236 236 235 234 234 236 238 239 240 240 238 241 243 244 246 245 246 246 247 248 249 250 253 255 257 259 262 266 266 265 261 262 265 267 266 264 262 260 259 257 256 258 262 264 265 266 267 268 269 270 272 273 274 276 278 279 281 283 285 288 290 293 295 298 300 302 304 306 307 309 310 311 311 311 312 312 312 312 312
235 233 231 229 230 233 236 237 236 236 235 240 244 244 245 245 245 246 246 247 249 251 253 255 257 259 262 265 266 263 255 256 260 264 266 266 264 262 261 257 255 258 262 265 267 267 268 268 269 270 271 272 274 275 277 279 281 283 285 287 289 292 294 297 300 302 303 305 307 308 310 310 311 311 311 311 311 311 311
233 231 230 229 230 232 233 234 234 235 235 239 242 244 245 245 245 245 245 246 248 251 253 255 257 259 261 263 264 262 258 257 260 263 265 266 266 266 264 262 261 262 265 267 267 267 267 267 268 268 269 270 272 274 276 278 280 282 284 285 287 289 292 295 298 300 302 304 305 307 308 309 309 309 309 309 310 310 310
232 230 230 229 229 229 231 232 232 233 234 236 239 241 242 243 244 244 244 245 247 250 252 254 256 258 260 262 262 262 261 260 261 263 266 268 270 271 269 268 268 267 267 266 265 264 264 264 265 265 267 268 271 273 275 278 280 281 281 282 283 285 288 292 295 297 299 301 303 304 306 307 307 308 307 309 309 308 308
231 229 228 228 227 227 228 229 230 230 232 234 236 237 239 241 242 243 244 245 247 250 252 253 255 256 258 260 261 262 262 262 263 265 267 270 272 272 272 271 272 271 270 268 266 264 262 262 262 263 264 266 268 272 277 281 282 282 282 283 285 287 290 293 296 297 298 299 300 301 302 304 305 306 307 309 308 307 307
230 227 226 225 224 224 225 226 227 227 230 232 233 235 237 240 242 243 244 246 247 249 251 253 254 255 257 258 259 260 262 262 262 265 268 269 270 271 271 271 272 273 273 272 269 266 263 261 259 258 259 261 267 274 280 283 284 282 282 283 286 289 292 294 296 297 297 297 298 299 301 303 305 306 305 308 307 306 305
228 226 224 222 221 221 222 223 224 225 227 229 231 233 235 238 241 243 244 246 247 249 251 253 254 255 256 257 258 260 261 263 262 263 266 267 268 269 270 271 273 275 276 275 273 270 265 259 254 252 254 261 270 278 283 285 284 282 280 281 285 289 292 294 296 296 297 297 297 299 301 304 305 306 306 308 307 305 303
228 225 223 220 218 218 218 219 220 221 223 225 228 231 233 236 239 241 243 245 247 249 251 253 255 257 257 257 258 259 261 264 265 263 264 266 267 268 269 272 275 278 279 279 279 276 269 260 251 250 256 265 273 279 282 284 284 282 279 280 284 288 292 294 296 296 296 297 297 299 302 305 306 307 307 308 306 304 302
228 225 223 220 217 215 214 214 215 217 219 221 224 228 231 234 237 239 241 244 247 250 252 254 256 258 258 257 257 258 260 264 268 266 264 265 267 268 271 275 281 282 281 282 284 283 277 268 258 256 261 268 274 278 280 281 282 281 279 280 283 287 291 294 295 296 296 296 297 299 302 305 306 307 307 308 306 303 301
229 227 224 221 218 214 211 211 212 214 216 218 221 225 229 232 235 237 240 243 247 250 253 254 256 257 257 257 256 256 258 262 267 270 268 267 268 270 273 279 287 288 287 285 286 286 286 277 267 262 264 269 273 276 277 278 279 279 279 280 283 287 291 293 295 296 296 296 297 299 302 305 306 307 307 307 305 303 301
230 229 227 225 220 215 211 209 210 213 216 218 220 224 229 232 235 238 240 244 247 250 252 254 255 256 256 256 255 255 256 259 264 271 274 271 270 270 272 276 290 295 293 289 288 290 290 282 272 266 267 269 271 273 273 275 277 279 280 281 283 287 291 293 295 296 296 296 297 299 302 305 306 307 307 306 304 302 301
233 231 230 229 224 218 213 210 211 214 218 221 223 225 230 234 237 240 242 245 248 251 253 254 255 255 256 255 255 254 254 256 259 266 275 277 275 273 273 272 293 304 299 293 292 295 292 282 273 269 268 268 269 271 272 274 277 280 281 282 284 287 291 294 295 296 296 296 297 300 303 305 306 307 306 305 303 302 300
235 234 233 232 228 223 218 215 215 220 225 227 228 229 232 236 240 242 245 247 249 252 253 255 255 256 256 255 255 254 253 253 256 260 269 278 279 277 276 274 290 314 299 294 295 298 292 282 273 270 269 268 269 271 272 274 277 280 282 283 285 288 291 294 296 296 296 295 297 299 302 304 305 306 305 304 302 301 300
238 237 236 236 233 228 224 222 224 229 233 235 235 236 237 240 243 246 248 249 251 253 255 256 256 256 256 256 255 254 253 253 254 257 259 269 277 279 279 279 283 300 292 291 296 297 291 283 275 272 271 270 270 272 273 274 276 280 283 285 286 289 292 294 296 296 295 295 296 298 301 304 305 305 304 303 301 300 299
240 240 239 239 238 234 230 230 232 237 240 242 241 242 243 245 247 249 251 252 253 255 256 257 257 257 256 256 255 254 253 255 256 256 255 257 264 274 279 281 279 277 275 283 293 291 289 285 280 276 274 273 272 273 275 273 275 281 286 287 287 289 292 294 295 295 294 294 295 298 301 303 304 305 303 302 301 300 299
242 242 242 242 241 238 236 236 238 242 245 246 246 246 248 249 251 252 253 254 255 256 257 258 258 258 257 256 255 254 254 256 259 260 258 255 252 261 274 279 278 274 270 273 282 283 287 290 286 281 277 274 273 276 277 275 277 284 289 290 288 289 291 293 294 294 293 293 294 297 300 303 304 304 303 301 300 299 298
244 243 243 244 243 242 240 240 242 244 247 248 249 250 251 252 253 254 255 256 257 258 258 259 259 259 258 257 255 254 255 258 261 262 262 259 253 248 258 274 279 278 275 272 275 280 286 295 295 286 278 274 274 278 279 278 281 288 291 291 288 288 290 292 293 292 292 292 294 297 300 302 303 303 302 301 300 299 298
245 245 244 245 244 243 242 242 243 245 247 249 250 252 253 254 255 256 257 258 259 259 259 260 260 259 259 258 256 256 258 260 261 262 263 264 261 255 244 263 279 283 280 276 274 282 286 301 305 296 282 274 275 279 280 281 284 288 291 290 287 287 288 291 292 292 291 292 294 297 300 302 303 303 302 301 300 298 297
246 245 245 245 245 244 243 242 243 245 246 248 250 252 254 255 256 257 258 259 260 260 260 260 260 259 259 260 259 259 260 261 261 262 263 265 267 264 252 245 275 288 284 279 276 284 289 307 315 302 285 275 274 277 280 283 286 287 288 287 286 286 288 290 291 291 291 292 295 297 299 301 302 302 301 301 300 298 297
247 246 246 246 245 244 243 242 242 243 245 247 249 252 254 256 258 259 259 260 261 261 261 260 259 259 260 263 264 263 261 262 262 261 262 263 267 269 264 246 261 294 286 280 279 287 297 313 321 301 285 276 272 275 280 285 287 286 285 284 285 286 289 290 291 290 291 292 295 297 299 300 301 301 301 301 300 298 297
247 247 246 246 245 244 243 242 242 242 244 246 248 251 254 257 259 260 260 261 262 262 261 260 259 260 263 266 267 265 261 261 263 263 262 261 264 270 268 260 239 302 287 284 284 293 305 316 321 301 285 277 271 272 279 285 286 283 282 283 285 287 289 290 289 289 290 292 295 297 298 299 300 300 300 301 300 298 297
248 247 247 246 246 244 243 242 241 242 243 244 247 250 254 257 259 260 261 261 262 261 260 260 260 263 266 267 267 266 263 260 261 264 265 264 264 268 269 266 267 304 287 288 290 300 310 317 323 306 285 275 269 272 278 283 282 280 281 284 286 288 289 288 287 287 289 292 294 296 297 298 299 300 300 301 299 298 296
248 248 247 247 246 245 243 242 241 241 242 243 246 249 253 257 259 260 260 261 261 261 261 261 263 266 267 266 266 267 265 262 260 263 266 268 267 268 270 270 270 296 289 291 297 306 314 321 333 298 276 271 269 273 279 280 280 281 284 285 286 287 287 286 285 286 289 291 293 295 296 297 298 300 300 300 299 298 296
248 248 247 247 246 245 243 242 241 241 242 243 245 249 253 257 258 259 260 260 261 262 263 264 265 267 267 265 265 266 266 265 262 261 265 270 272 272 272 273 269 303 300 298 305 310 316 324 318 255 256 263 266 274 280 281 282 285 286 286 286 286 285 284 284 285 288 290 292 294 295 297 298 299 299 300 299 297 296
248 248 248 247 246 245 244 242 241 241 242 243 246 250 253 256 257 258 259 261 262 264 264 264 266 266 266 265 264 265 266 267 266 264 265 270 274 276 275 272 268 299 311 307 310 309 318 317 263 241 244 256 265 275 280 283 286 287 286 285 285 285 283 282 283 285 287 290 291 293 294 296 298 298 299 300 298 296 295
248 248 248 247 247 246 244 243 242 241 242 243 246 250 253 255 256 258 260 262 264 265 264 263 264 265 265 264 264 265 267 268 268 268 267 269 275 278 277 274 273 263 310 311 306 307 320 275 249 246 249 258 269 276 281 284 286 285 283 283 284 283 282 281 282 285 288 290 291 292 294 296 297 298 298 299 297 295 294
248 248 248 248 247 246 245 244 242 242 242 244 247 250 253 255 258 260 262 263 263 264 264 261 260 261 264 265 265 266 268 268 268 269 269 270 274 276 279 277 276 265 291 312 305 315 290 257 254 254 255 260 268 274 278 282 283 282 281 282 282 281 280 280 282 285 288 290 292 293 294 296 297 297 298 298 296 294 292
248 248 248 248 247 246 246 244 243 242 243 244 247 250 254 258 260 262 263 262 261 262 262 259 257 257 261 265 266 267 269 269 270 271 270 270 272 277 280 278 273 273 290 318 311 306 268 261 261 260 261 263 267 271 275 278 280 280 280 280 279 278 278 278 281 284 288 290 292 292 294 295 297 297 297 297 294 292 290
248 248 248 248 247 247 246 245 244 243 243 244 247 252 257 261 262 262 261 259 258 259 259 258 257 257 259 263 266 268 269 271 272 272 272 272 274 279 280 278 274 280 297 320 320 289 272 268 267 266 265 265 267 270 272 275 277 278 278 278 277 276 275 277 279 283 287 290 291 292 293 295 296 296 297 295 292 289 288
248 248 248 248 248 247 246 245 244 243 243 244 248 255 260 262 262 260 258 256 255 254 255 257 259 260 259 263 266 267 268 269 271 272 274 279 278 279 280 281 280 282 292 316 313 277 272 271 270 270 269 269 270 270 271 273 275 276 277 276 275 274 274 275 278 282 286 288 290 291 292 294 295 295 296 294 289 287 286
248 248 248 248 248 247 246 245 244 243 243 244 250 258 262 262 260 257 254 252 251 251 252 258 262 262 261 263 266 267 267 268 270 274 281 283 280 280 285 289 291 287 301 309 306 285 276 273 273 273 273 273 273 272 272 273 275 276 276 275 274 273 273 274 277 281 285 287 288 290 291 292 293 293 295 292 287 284 283
248 248 248 248 247 247 246 245 244 243 243 245 254 263 262 259 256 253 250 248 248 248 252 259 263 261 264 265 267 267 267 267 270 275 284 283 281 287 294 300 300 302 318 312 311 286 282 278 277 276 275 274 274 273 273 274 277 278 276 273 272 271 271 272 275 279 283 285 286 288 289 291 292 291 294 290 285 282 281
249 248 248 248 247 247 246 245 244 244 243 244 260 266 258 253 250 249 247 245 245 247 253 259 262 264 270 269 267 266 267 270 271 274 276 276 281 294 304 308 307 320 332 327 316 285 282 281 280 277 274 272 273 273 274 276 279 279 276 271 269 270 270 270 273 277 281 283 284 286 287 288 289 289 291 288 283 280 278
249 249 248 248 247 246 246 245 244 244 244 244 267 259 251 248 246 246 246 246 246 249 253 261 267 273 275 273 266 263 266 269 265 268 275 275 282 293 314 321 317 333 335 323 319 279 272 276 288 284 273 270 271 272 274 276 277 278 274 268 268 269 269 270 273 277 280 282 283 284 285 285 285 285 288 286 280 277 275
249 249 248 248 247 246 246 245 244 243 246 246 264 252 248 246 246 247 248 248 248 249 255 264 270 274 274 269 264 263 266 265 267 282 284 286 302 313 331 334 331 333 334 312 279 264 260 265 272 273 272 271 272 273 275 275 273 271 267 266 267 269 269 271 274 278 280 282 282 282 282 281 281 281 284 283 278 275 273
249 248 248 248 247 246 246 245 244 244 245 241 247 251 251 249 249 250 250 251 251 253 265 270 269 268 264 263 263 263 265 266 269 278 274 285 308 322 325 324 302 296 283 236 224 241 249 256 251 258 270 272 273 277 278 276 272 266 264 266 268 269 269 272 275 277 279 281 281 280 278 277 277 277 280 280 276 273 271
248 248 248 247 247 246 246 246 245 244 242 240 246 254 255 252 250 250 251 251 252 258 267 268 265 262 260 260 259 260 263 268 269 272 271 273 293 297 280 246 196 204 231 225 216 230 246 254 257 260 269 273 276 277 276 273 269 265 264 266 268 269 270 272 275 276 277 279 279 277 275 274 273 273 276 277 274 271 269
248 248 248 247 246 246 246 246 245 243 241 241 247 254 256 253 249 248 249 250 251 253 257 260 260 259 258 257 258 260 262 266 269 269 260 240 224 229 225 224 220 213 220 225 219 217 250 251 259 263 266 275 279 276 272 269 265 263 264 267 269 269 270 272 274 276 277 277 276 275 273 272 271 271 274 275 272 270 268
248 248 247 247 246 246 246 246 245 242 240 241 246 251 254 253 249 247 248 250 252 250 251 254 257 257 258 259 261 262 261 261 264 259 257 253 224 217 240 220 213 205 206 217 220 219 243 247 258 260 261 273 275 271 268 264 262 264 266 268 270 270 271 274 276 277 277 276 276 275 273 271 270 270 274 274 271 268 267
247 247 247 246 246 246 246 246 245 242 240 241 244 249 252 253 250 247 248 250 251 251 251 252 254 256 257 260 261 260 257 255 256 254 254 256 241 246 255 239 237 220 205 208 207 208 228 243 251 250 255 270 271 266 265 263 263 266 268 270 272 272 272 276 278 277 276 276 276 275 273 271 270 270 276 273 269 267 266
247 247 246 246 246 246 246 245 244 242 240 240 243 247 251 252 250 248 248 249 251 252 254 254 254 254 256 258 258 257 255 253 252 253 251 251 248 248 246 237 234 234 235 211 206 204 215 235 242 238 259 275 268 265 266 264 264 265 270 273 273 274 276 276 275 275 275 275 275 274 273 272 272 273 278 273 268 266 265
246 246 246 245 246 246 245 245 244 242 240 240 242 246 249 251 251 249 248 248 250 252 254 254 253 252 253 254 253 251 250 250 248 250 248 247 247 239 231 225 221 222 232 221 213 209 213 222 239 253 276 281 265 259 256 255 261 267 275 277 273 273 276 275 272 273 273 272 271 270 270 272 275 277 280 272 267 265 264
245 245 245 245 245 245 245 245 244 242 240 240 242 244 248 250 250 249 248 248 249 251 252 252 251 250 250 251 250 249 247 246 246 248 247 245 245 238 228 220 216 216 218 222 224 222 227 232 232 244 264 274 269 270 268 259 265 271 275 277 275 274 276 275 273 271 269 266 265 266 268 271 275 276 278 270 266 264 263
245 245 245 244 245 245 245 245 243 242 240 240 241 244 247 249 250 249 248 247 248 250 250 250 249 249 248 248 248 248 245 243 243 245 246 242 242 239 232 227 223 220 217 218 224 227 235 241 245 241 233 245 258 266 272 275 281 278 277 278 278 280 278 274 271 268 264 261 262 265 268 271 272 271 273 268 264 263 263
244 244 244 244 244 245 245 244 243 242 241 240 241 243 246 248 249 249 247 247 248 249 249 250 249 248 247 246 247 247 245 242 242 243 243 241 239 238 235 233 230 227 224 224 227 232 238 243 244 246 243 241 246 251 257 270 290 288 283 280 281 281 278 273 268 266 263 261 263 267 271 271 269 267 267 265 263 262 262
244 244 243 243 244 244 245 244 243 242 241 241 241 243 245 247 248 248 247 247 247 248 249 249 249 248 247 246 246 245 244 242 242 243 243 241 240 239 236 235 234 232 232 233 234 237 241 244 245 245 246 249 253 255 259 258 265 281 279 276 275 276 275 274 270 266 266 265 267 270 274 275 271 264 261 261 261 261 260
243 243 243 243 243 244 244 244 243 242 241 241 242 243 245 246 248 248 247 247 247 248 248 248 248 247 246 246 245 244 242 241 242 244 244 243 241 239 237 236 236 237 238 237 237 239 242 244 245 246 248 250 253 254 255 250 240 258 275 273 268 267 267 270 271 270 266 264 266 271 275 277 274 264 259 259 260 259 258
243 243 243 242 243 244 244 244 243 243 242 241 242 243 244 246 247 247 247 247 246 247 248 248 247 246 245 244 244 242 241 240 242 245 247 244 242 241 240 238 236 236 236 236 237 239 243 245 245 247 249 251 252 254 254 251 242 231 259 272 268 262 259 265 268 268 265 263 267 272 274 276 276 269 262 259 259 258 257
243 243 242 242 243 243 244 244 243 243 242 241 242 243 244 245 246 247 246 246 246 247 247 247 245 244 243 243 242 242 240 240 242 245 248 247 244 242 242 241 240 240 240 239 238 240 242 246 248 248 247 246 246 246 242 237 233 224 219 247 258 263 256 258 260 260 265 266 270 272 274 277 277 271 263 259 258 256 255
243 242 242 242 242 243 244 244 243 243 242 242 242 243 244 245 245 246 246 246 246 246 246 245 243 242 242 242 242 241 240 240 242 246 248 249 245 243 243 244 245 245 246 246 242 240 241 244 245 250 240 238 235 235 234 234 232 234 233 237 243 247 255 253 258 265 273 270 267 269 274 279 278 272 263 258 257 255 252
242 242 242 242 242 243 243 244 243 243 242 242 242 242 243 244 245 245 245 245 245 245 244 243 242 242 243 243 243 242 242 242 243 246 249 248 245 242 241 242 245 247 247 247 246 243 241 244 243 252 245 239 238 238 237 241 243 254 256 254 267 247 256 269 271 281 285 278 265 265 274 281 282 276 269 261 258 254 250
242 242 242 241 242 243 243 243 244 243 243 242 242 242 243 244 244 244 244 244 244 242 242 243 242 244 245 244 244 243 243 243 243 245 248 248 247 244 241 241 242 245 248 248 248 245 243 244 245 248 248 245 246 247 251 252 252 260 264 264 279 271 271 267 279 272 286 283 272 263 271 275 278 277 276 265 259 254 248
242 242 242 241 242 242 243 243 244 243 243 242 242 242 243 243 243 243 243 243 243 242 243 244 244 245 245 244 243 243 242 242 242 243 246 247 247 246 243 242 243 247 249 248 247 245 245 248 249 244 247 251 249 249 254 258 259 264 266 263 267 269 279 254 268 264 264 280 285 264 264 270 276 276 277 266 259 253 246
242 242 241 241 241 242 243 243 243 243 243 243 242 242 242 243 243 243 243 243 243 243 244 245 243 244 243 243 242 241 241 241 241 243 244 246 247 247 244 242 244 246 248 248 248 247 247 248 249 247 247 257 254 247 249 256 258 261 261 259 258 267 275 283 276 274 252 274 281 260 254 270 278 276 276 265 258 252 245
242 241 241 241 241 242 242 243 243 243 243 243 242 242 242 242 242 242 242 242 242 243 243 243 242 243 243 244 243 242 241 240 241 243 245 246 246 246 245 244 244 246 248 248 249 248 246 242 241 243 250 263 263 251 248 250 249 248 249 248 255 269 274 277 274 265 272 281 285 280 280 281 280 275 273 265 258 252 245
241 241 241 241 241 241 242 243 243 243 243 243 242 242 242 242 241 241 241 241 241 241 241 241 243 243 245 246 246 244 242 242 242 243 245 245 245 245 246 246 246 246 248 249 247 245 243 243 249 249 260 273 268 254 247 242 240 240 241 246 259 270 271 268 267 268 293 295 287 295 305 287 277 268 270 265 258 251 244
241 241 240 240 240 241 242 242 243 243 243 242 242 242 242 241 241 240 240 240 240 240 240 240 244 245 248 248 247 245 243 242 242 243 244 244 243 243 244 245 245 246 247 248 247 244 245 252 264 262 266 267 261 253 247 241 239 239 244 255 265 267 267 264 267 267 291 300 288 279 280 272 265 257 271 266 258 251 244
240 240 240 240 240 240 241 241 242 242 242 242 242 241 241 241 240 239 239 238 239 239 240 241 244 247 248 245 244 242 241 240 241 242 242 242 241 241 242 243 243 244 247 247 247 248 256 269 274 262 256 254 253 250 246 242 241 243 249 257 261 263 264 264 264 263 272 289 285 278 272 258 246 255 273 265 258 252 245
240 239 239 239 239 239 240 240 241 241 241 241 241 241 240 240 239 238 238 238 238 239 240 242 244 244 242 240 240 240 239 239 239 240 242 242 242 241 241 242 242 243 246 246 246 248 262 264 259 251 247 247 246 245 244 243 243 246 251 255 257 259 262 264 265 264 264 269 283 283 261 249 260 267 275 265 260 255 249
239 238 238 238 238 238 239 239 240 240 240 240 240 240 239 239 238 238 237 238 238 239 240 240 240 238 237 238 239 240 240 240 239 240 242 243 243 242 242 241 242 242 243 245 247 251 252 249 246 245 244 243 242 242 242 243 245 248 251 253 255 257 260 263 266 266 265 262 282 287 256 260 284 279 276 267 264 261 256
237 237 237 237 237 237 237 238 239 239 239 239 239 239 239 238 238 237 237 237 238 239 238 237 236 237 238 240 241 242 242 241 240 241 243 243 242 241 241 240 241 240 242 246 251 252 249 248 247 248 246 243 241 241 243 244 246 248 251 253 255 257 259 262 264 265 265 264 264 266 255 277 297 230 342 277 273 270 266
236 236 236 235 235 236 236 237 237 237 238 238 238 238 238 237 237 237 237 237 237 237 236 236 235 238 240 241 241 242 241 241 240 241 241 241 240 239 237 237 237 238 241 251 256 247 246 246 246 246 244 242 242 242 244 245 247 249 251 253 255 257 260 263 264 265 265 263 256 255 248 254 236 175 318 293 283 279 275
235 234 234 234 234 234 235 235 236 236 236 236 237 237 237 236 236 236 236 236 236 236 236 237 238 240 241 241 241 240 241 240 239 239 239 239 239 237 235 234 236 238 244 252 251 243 243 244 244 242 240 240 241 243 245 246 248 249 251 254 256 259 262 264 265 266 265 260 257 254 248 241 246 244 274 286 286 284 282
233 233 233 232 232 233 233 234 234 234 235 235 235 235 235 235 235 235 235 236 236 236 237 238 240 240 240 240 239 239 239 239 238 238 238 239 239 238 235 236 238 241 244 244 243 242 241 242 242 241 239 240 242 244 246 247 248 250 252 255 258 261 263 265 266 266 264 260 258 255 254 249 250 255 265 277 283 285 284
232 231 231 231 231 231 231 232 232 233 233 233 234 234 234 234 234 234 235 235 235 236 237 238 239 239 238 239 238 238 238 238 238 238 238 238 238 238 237 239 241 241 240 240 240 240 240 241 241 241 240 241 243 246 247 248 249 251 253 256 259 262 264 266 266 265 263 259 256 254 254 255 254 257 260 271 280 283 284
230 230 229 229 229 229 230 230 231 231 231 232 232 233 233 233 233 234 234 234 235 236 237 237 237 237 237 237 237 237 237 236 237 237 237 238 238 238 237 239 239 238 238 238 239 239 240 241 242 243 243 244 246 248 249 249 250 252 256 259 261 263 265 266 265 264 261 258 254 253 253 254 255 259 257 267 276 280 281
228 228 228 227 227 228 228 228 229 230 230 230 231 231 232 232 233 233 233 234 234 235 235 235 236 235 235 236 236 235 235 235 236 235 236 236 237 237 237 236 236 236 237 238 239 240 241 243 245 246 246 247 248 249 250 251 252 254 258 261 263 264 265 264 263 262 259 257 253 252 252 254 254 258 255 265 273 276 278
226 226 226 226 226 226 226 227 228 228 229 229 230 231 231 232 232 232 233 233 234 234 234 234 235 234 234 234 234 234 234 234 234 233 233 233 235 236 236 235 236 237 239 240 241 242 243 245 246 248 248 248 249 250 251 252 253 256 259 262 264 264 264 263 261 260 258 256 253 251 251 253 253 256 253 263 270 273 276
225 225 224 225 225 225 225 226 227 227 228 229 229 230 231 231 231 232 232 233 233 233 233 234 234 233 232 232 232 232 232 231 232 231 230 231 234 235 235 237 238 239 241 242 242 243 243 245 246 248 249 249 250 251 252 253 255 257 260 262 263 263 262 261 259 258 257 255 253 252 251 253 253 255 252 262 269 272 274
223 223 223 223 224 224 224 225 226 227 228 228 229 230 230 231 231 231 232 232 232 232 233 233 233 232 231 231 230 230 230 230 230 230 230 231 234 234 235 238 239 240 241 242 242 243 244 245 247 248 249 249 250 251 253 255 257 259 260 261 262 261 260 259 257 257 256 255 254 253 253 254 254 256 252 262 268 270 273
221 221 222 222 223 223 223 224 225 226 227 228 229 230 231 231 231 231 232 232 232 232 232 233 232 232 231 230 229 229 229 229 230 230 230 231 234 234 234 237 238 240 241 243 244 245 247 248 249 250 250 250 251 252 254 256 258 259 260 260 260 259 258 257 256 256 256 256 256 255 254 255 255 257 253 261 267 269 271
220 220 220 221 222 222 222 223 225 226 227 228 229 230 231 231 231 231 231 232 232 232 232 232 232 232 230 230 229 229 229 230 230 230 229 231 234 236 236 238 239 241 243 245 246 247 248 249 250 251 252 252 252 254 255 256 258 258 259 258 258 257 256 256 255 255 255 256 256 257 256 256 255 257 254 261 266 268 270
218 218 219 220 221 221 221 223 224 226 227 228 229 230 231 231 231 231 231 231 231 231 231 231 232 232 231 229 229 230 229 231 233 230 228 232 233 232 238 239 241 242 244 246 246 247 247 249 251 252 253 254 254 255 255 256 256 257 256 256 256 255 255 254 254 254 254 255 256 256 256 256 255 256 253 260 265 267 269
216 217 217 219 220 220 221 222 224 226 227 228 229 230 230 231 231 231 231 231 230 230 230 229 231 230 230 229 228 230 230 232 234 232 232 233 235 232 237 239 241 242 244 246 247 247 248 250 251 253 255 255 256 255 255 255 254 254 254 253 254 254 254 254 253 253 253 254 254 255 255 256 255 257 254 260 264 266 268
214 215 216 217 218 219 220 222 224 226 227 228 229 229 230 231 231 231 231 231 230 230 230 229 230 230 230 229 229 231 232 232 232 232 233 236 240 238 240 242 243 244 245 247 248 249 249 251 252 254 255 256 256 255 254 253 252 252 251 252 252 253 254 254 254 253 253 253 254 255 255 256 256 258 256 260 263 265 267
212 213 215 216 217 218 220 222 224 226 227 227 228 229 230 230 231 231 231 231 231 231 231 231 230 230 229 229 232 234 235 234 231 232 233 240 244 243 245 245 245 246 248 249 250 250 251 252 252 253 254 255 256 255 253 252 250 250 250 251 252 253 255 255 256 255 255 254 255 255 256 257 258 259 259 261 263 264 266
211 212 213 215 216 218 220 222 224 226 227 227 228 229 230 230 231 231 232 232 232 232 232 232 232 231 233 238 242 239 237 236 233 233 239 262 247 246 246 246 247 247 249 250 251 251 252 252 252 253 254 254 254 253 252 250 249 249 249 251 253 254 256 257 257 257 257 256 256 256 257 258 259 260 261 261 262 264 265
209 210 212 214 216 218 220 223 225 226 227 227 228 229 230 231 231 231 232 232 233 233 233 233 233 234 238 244 241 237 235 234 235 236 257 276 248 246 245 245 245 246 248 249 250 251 251 251 251 251 252 252 252 251 250 248 248 248 249 251 253 254 256 257 257 258 257 257 257 257 258 259 260 261 262 262 262 264 265
208 209 211 213 215 217 220 223 225 226 227 228 229 230 231 231 231 232 233 233 233 233 234 235 236 236 237 238 236 235 234 234 237 239 254 254 248 248 246 244 244 245 246 248 249 249 250 249 249 249 248 248 248 248 247 246 246 246 248 249 251 253 254 255 256 256 256 256 256 256 257 258 259 260 261 262 263 264 266
207 208 211 213 215 218 220 223 225 226 227 228 230 231 232 232 232 233 234 235 235 234 235 235 236 236 234 234 234 235 236 237 239 244 253 250 248 248 247 245 244 244 245 246 247 248 247 247 246 245 244 244 244 244 243 243 243 244 246 247 249 250 252 253 253 254 254 255 255 255 255 255 256 258 259 262 263 265 266
206 208 210 213 215 218 221 223 225 226 227 229 231 232 233 233 233 233 235 235 235 235 234 234 234 233 233 234 234 236 238 241 244 248 250 247 246 247 247 246 245 244 245 245 245 245 245 244 243 241 241 240 241 241 241 241 241 242 243 245 246 248 249 250 251 252 252 253 253 253 254 254 255 256 259 262 264 266 267
205 207 210 213 215 218 221 223 225 227 228 230 231 233 233 233 233 233 234 234 235 235 235 234 233 232 233 235 237 238 241 243 245 246 243 243 244 245 246 245 244 244 244 243 243 243 243 242 240 239 238 238 239 239 239 239 240 241 242 243 244 246 247 249 250 250 251 251 252 253 253 254 255 257 260 263 265 267 268
205 207 210 213 216 218 221 223 225 227 229 230 232 232 233 233 232 233 233 234 236 235 235 235 234 235 236 238 240 241 242 243 243 242 239 240 242 244 244 243 242 242 241 241 241 241 240 240 239 238 237 238 238 238 239 239 239 240 240 241 242 244 246 247 248 249 250 251 251 252 253 255 256 259 262 265 266 268 270
205 207 210 213 216 218 220 223 225 228 229 230 231 232 232 233 233 233 234 235 235 235 235 236 236 237 239 240 241 241 241 241 238 238 238 239 240 241 242 241 240 239 238 238 238 238 238 238 238 237 237 237 238 238 238 238 238 238 239 240 241 242 244 245 247 248 249 250 251 252 254 256 258 261 264 266 268 270 271
205 208 211 214 216 218 220 223 225 228 229 230 231 232 232 233 234 234 233 234 234 234 234 236 237 238 239 240 241 241 239 237 235 237 238 238 239 239 240 239 238 236 236 236 236 237 237 237 237 237 237 237 237 237 237 237 237 237 238 238 239 240 242 243 245 247 248 250 251 253 255 258 260 263 265 267 269 271 273
205 208 211 214 216 218 220 223 226 228 229 230 231 232 233 234 234 234 233 232 233 234 234 235 237 238 238 239 240 239 236 234 235 238 239 238 238 238 238 238 237 236 235 235 235 236 236 236 236 236 236 237 237 237 237 237 237 237 236 237 237 238 240 242 243 245 247 249 252 254 257 259 261 264 265 267 270 272 274
205 208 211 215 216 217 220 223 227 229 230 231 231 233 234 235 234 234 233 233 234 234 234 234 236 237 237 237 237 235 233 234 236 238 238 236 236 236 237 236 236 235 235 235 235 235 235 236 236 236 236 237 237 237 237 237 237 236 236 236 236 237 239 241 243 245 248 250 252 255 257 260 261 264 263 267 270 273 275
205 208 211 215 216 218 221 225 228 230 231 231 232 233 234 234 233 232 232 232 232 232 232 232 234 235 236 236 235 234 233 235 235 235 235 234 234 234 235 235 235 235 235 234 235 235 235 236 236 236 237 237 238 238 238 238 238 237 237 237 237 238 239 241 244 246 248 251 253 255 257 259 260 262 262 267 270 273 275
204 207 211 215 216 218 221 226 229 230 230 231 232 232 233 233 232 230 230 231 231 230 229 230 231 233 234 234 233 233 233 234 233 233 233 232 232 233 233 234 234 234 234 234 235 235 236 236 237 237 238 238 239 239 239 239 239 239 239 238 239 239 241 242 245 247 249 251 253 255 256 258 259 261 261 266 270 272 275
204 207 211 215 215 218 222 226 229 229 229 229 230 231 231 232 233 233 234 234 233 231 229 228 229 231 232 233 233 234 234 233 232 232 231 231 232 233 233 234 234 234 234 235 235 236 237 237 238 238 239 240 240 240 240 241 241 241 241 241 241 241 242 243 245 247 249 251 252 254 255 257 258 260 259 266 270 272 274
203 207 211 214 214 217 222 226 228 228 227 227 228 229 230 232 234 237 242 239 236 234 231 229 229 230 232 233 235 235 235 234 234 233 233 233 233 234 235 235 235 235 235 236 236 237 238 238 239 239 240 241 241 241 242 242 242 242 242 242 242 242 242 243 245 247 248 250 251 253 254 256 257 259 258 265 270 272 274
202 207 211 214 214 217 223 226 227 226 225 225 225 225 227 230 233 233 234 233 233 233 232 230 229 230 232 234 235 236 234 235 235 235 235 235 235 236 237 237 237 237 237 237 237 238 238 239 239 240 241 242 242 242 243 243 243 242 242 242 242 242 243 243 244 246 247 249 250 252 253 255 257 259 259 265 270 272 274
201 206 211 215 216 220 226 230 230 229 226 224 223 223 224 226 227 228 228 229 229 231 233 232 231 231 232 233 234 233 233 234 235 235 236 237 237 238 239 239 239 239 239 239 239 239 240 240 241 242 243 243 244 244 244 244 244 243 243 243 243 243 243 243 243 244 246 247 249 250 252 254 256 259 260 265 269 272 275
199 205 212 215 218 223 229 232 233 232 229 226 224 224 224 225 226 229 232 232 231 232 233 234 232 231 230 231 232 231 231 232 233 233 234 235 236 237 238 239 239 239 239 239 240 240 240 241 241 242 243 243 244 244 244 244 243 243 243 242 241 241 240 240 240 241 243 244 247 249 251 254 256 259 261 265 269 272 275
196 204 214 221 229 235 239 241 241 238 234 230 228 227 227 229 233 238 242 243 241 239 238 238 237 236 235 235 236 237 237 237 237 237 237 238 238 239 239 240 240 240 241 241 242 242 243 243 243 244 244 245 245 245 246 246 246 245 245 244 243 242 241 241 240 241 242 243 246 248 251 254 257 260 262 265 269 272 276
192 203 217 231 237 237 236 235 234 231 228 224 221 220 221 226 233 237 238 239 237 235 233 232 232 232 231 232 232 233 234 234 233 233 233 233 233 233 233 233 233 234 234 235 235 236 236 236 236 237 237 237 237 237 238 238 238 238 237 237 237 236 236 236 236 237 239 241 244 247 250 253 257 260 263 266 270 273 277
187 205 229 249 250 246 241 237 234 230 225 221 217 216 218 223 229 232 233 234 234 233 232 231 231 231 231 231 232 232 232 232 232 232 232 231 231 231 231 231 231 231 231 231 232 232 232 232 232 232 232 232 233 233 233 233 233 233 233 233 233 233 233 234 235 237 238 241 243 246 249 252 256 260 263 267 271 275 279
177 214 261 281 269 259 250 245 240 234 228 220 215 214 219 225 229 232 233 233 234 234 234 233 233 233 233 233 234 234 234 233 233 233 233 232 232 232 231 231 231 231 231 231 231 230 230 230 230 230 230 230 230 231 231 231 231 232 232 232 232 232 233 234 235 236 238 240 242 245 249 252 256 260 265 269 274 278 282
133 306 298 296 278 267 256 249 242 236 230 222 217 216 220 225 229 232 233 234 235 236 236 236 236 236 236 236 236 236 236 236 235 235 234 234 233 233 233 232 232 232 232 231 231 231 230 230 230 230 230 230 231 231 231 232 232 232 232 232 232 233 233 234 236 237 239 241 243 246 250 254 259 264 268 273 278 282 287
