---
Vertical Velocity & Wind [kt] at 700mb Direction [deg] Valid 1100 NZST ~Z75~(2300Z)~Z~ WED 7 Jan 2026 ~Z75~[95hrFcst@2128z]~Z~
Model= RASP Region= NZ Grid= d1 Reskm= 6.0 Indexs= 1 79 1 99 Proj= lambert 6000 6000 -35.0000 -42.0000 176.0000 -38.5000 176.0000
Day= 2026 1 7 WED ValidLST= 1100 NZST ValidZ= 2300 Fcst= 95.0 Init= 94 Param= press700 Direction Unit= cm/sec Mult= 1 Min= 182 Max= 324
242 242 242 242 242 243 245 247 248 248 248 252 256 259 260 261 263 266 269 271 273 274 277 278 278 278 281 284 286 284 281 283 289 292 293 291 289 287 285 282 280 281 282 282 282 283 284 285 286 288 291 294 297 300 303 305 307 309 312 313 315 317 318 319 319 320 321 321 322 322 322 322 322 321 320 319 318 317 315
240 240 239 238 239 242 245 247 247 247 246 251 257 260 261 260 263 266 268 271 272 273 276 276 276 277 279 283 286 285 278 278 284 289 292 292 290 289 288 286 283 283 283 284 283 283 283 284 286 288 291 294 298 301 304 306 309 311 312 314 316 317 318 318 319 320 321 322 322 323 323 323 323 322 321 321 319 318 316
239 239 239 239 239 241 244 246 247 248 248 251 255 259 260 261 263 266 268 270 272 273 275 275 275 276 278 281 283 284 281 282 284 287 289 289 289 289 289 289 287 285 285 285 284 283 283 284 285 287 290 294 297 301 304 306 309 311 313 314 315 317 317 318 319 320 321 322 323 323 324 324 324 323 322 322 321 319 317
239 239 239 239 239 241 243 245 247 248 250 252 255 258 261 263 264 266 268 270 272 273 275 275 275 275 276 277 279 283 284 285 285 286 287 287 286 286 288 290 290 289 288 287 286 285 284 284 285 287 290 294 297 300 303 306 308 310 312 314 315 316 317 318 319 320 320 321 322 322 323 323 323 323 323 322 322 320 318
239 238 239 239 240 241 243 245 247 249 251 253 255 259 262 264 265 266 268 270 272 273 274 275 275 275 275 275 274 277 284 292 287 287 288 287 285 285 289 290 291 291 290 288 286 286 285 285 286 289 292 295 298 301 303 306 308 310 312 313 315 315 316 317 318 319 319 320 320 321 321 322 322 323 324 323 322 320 318
239 238 239 240 240 241 243 245 247 249 252 254 256 259 262 264 265 267 268 270 271 272 273 274 275 275 274 273 273 273 276 297 291 288 289 288 287 287 291 292 291 292 292 290 288 287 287 286 287 290 294 297 300 302 305 307 310 312 313 314 315 316 317 317 318 319 319 320 320 321 321 321 321 322 323 323 322 320 318
239 238 239 240 241 241 243 244 247 249 251 254 256 259 262 264 265 267 268 269 271 271 272 274 275 275 274 273 273 272 271 287 294 290 290 290 289 291 293 294 294 294 295 293 291 289 288 287 288 292 296 299 302 304 306 309 311 312 314 314 315 316 316 317 318 318 319 319 319 320 320 320 320 321 322 322 321 320 318
239 239 239 240 241 242 243 244 246 248 251 254 256 259 261 263 265 267 268 269 270 271 272 272 273 274 274 273 273 272 270 270 289 290 291 291 291 293 296 298 298 298 298 297 294 292 290 288 289 293 298 301 303 305 307 309 311 313 314 314 315 315 316 317 317 318 318 318 318 319 319 319 319 320 320 320 319 318 317
240 240 240 241 242 242 244 245 247 249 251 254 256 259 261 263 265 266 267 269 270 271 271 271 272 272 272 273 273 272 271 266 274 286 290 291 292 293 296 300 302 302 301 300 297 295 293 290 291 295 299 302 304 306 307 309 311 312 313 314 314 315 315 316 316 317 317 317 318 318 319 319 319 318 319 317 317 316 315
241 241 241 242 243 244 245 246 248 250 252 255 257 259 261 263 264 266 267 268 269 270 271 270 270 270 270 271 272 273 272 269 267 282 289 291 292 294 297 302 305 305 302 300 300 298 296 292 291 295 300 303 305 306 307 308 310 312 313 313 314 314 315 315 315 315 316 316 317 317 318 318 318 317 317 315 314 314 312
242 242 242 243 244 245 246 247 249 251 253 256 258 259 261 262 264 266 267 268 269 270 270 270 270 269 269 269 270 272 273 272 268 277 289 291 292 293 296 303 309 308 303 300 301 301 298 293 291 295 300 303 305 306 307 308 309 311 312 313 313 313 314 314 314 314 314 315 316 317 318 318 318 317 316 313 312 311 310
243 242 243 244 245 246 247 248 250 252 254 256 258 260 261 263 264 266 268 269 270 270 271 270 270 269 268 268 268 270 273 274 272 271 285 290 291 291 293 298 309 311 304 300 300 305 301 293 290 295 300 303 305 306 306 307 308 309 311 312 312 313 313 313 313 313 313 314 315 316 317 318 318 317 316 312 310 309 308
244 243 243 244 245 246 247 248 250 252 254 256 258 260 261 263 265 267 269 270 271 271 271 271 270 269 268 268 267 268 271 274 275 273 274 284 289 289 290 295 301 312 303 300 302 307 302 293 290 294 300 302 304 305 305 305 307 308 310 311 312 312 312 312 312 312 312 312 313 315 316 317 318 317 316 312 309 308 307
245 244 244 244 246 246 247 248 250 252 254 256 258 260 261 263 265 267 269 271 272 272 271 271 270 269 268 268 267 267 269 273 276 276 273 275 283 287 289 293 295 305 302 301 305 307 301 294 290 294 300 302 304 304 304 304 305 307 308 310 311 311 312 312 311 311 311 311 312 313 315 316 317 317 316 312 309 308 306
246 245 245 245 246 247 247 248 249 251 253 255 257 260 262 264 266 268 270 272 272 272 271 271 270 269 268 268 268 268 269 271 275 278 276 272 276 285 289 292 296 300 303 303 308 307 299 293 289 293 299 302 303 303 303 303 303 305 307 309 310 311 311 311 310 310 309 309 310 311 313 315 316 316 316 312 309 307 306
246 246 246 246 246 247 248 248 250 251 253 255 257 260 262 264 267 268 270 271 272 272 271 270 269 269 268 268 268 269 270 272 274 277 278 275 271 280 290 293 295 300 303 306 310 304 296 292 290 291 298 301 302 302 302 301 302 303 305 307 309 310 311 311 310 308 308 307 308 309 311 313 314 315 315 312 309 307 306
247 247 247 246 247 248 249 250 251 252 254 255 257 260 262 264 266 268 269 270 271 271 270 270 269 269 269 269 269 270 271 273 274 276 278 277 272 272 287 293 297 301 305 309 309 301 294 292 291 290 295 300 302 301 300 300 300 301 304 306 308 309 310 310 309 307 306 306 306 306 308 310 312 313 314 311 308 307 305
248 248 247 247 248 249 250 251 252 253 254 256 258 260 262 264 266 267 268 269 269 269 269 269 269 269 269 269 270 271 273 274 274 275 276 278 276 272 275 290 297 302 306 310 307 298 293 292 293 290 291 299 301 300 299 298 298 300 303 306 308 309 309 309 308 306 305 304 304 304 305 308 310 311 312 310 308 306 305
248 248 248 248 249 250 252 252 253 254 255 256 258 260 262 264 266 267 267 268 268 268 268 268 268 269 269 270 270 272 273 274 274 273 274 276 278 273 270 275 297 303 305 308 303 295 293 293 294 292 289 297 299 298 297 296 297 299 302 305 307 308 309 309 308 306 304 303 302 302 303 305 307 309 310 309 307 306 304
248 248 248 248 250 251 252 253 253 254 255 256 258 260 261 263 265 266 266 266 267 267 267 268 268 269 269 270 271 272 272 274 274 273 273 274 277 277 273 264 283 304 302 302 298 294 293 294 294 292 290 296 298 297 296 295 296 298 301 304 307 308 309 309 307 306 304 302 301 301 302 303 306 307 308 308 307 305 304
249 249 248 249 250 252 253 253 253 253 254 256 257 259 261 262 264 264 265 265 265 266 266 267 268 269 269 271 272 272 271 272 274 274 273 272 275 278 277 271 262 297 300 297 293 292 292 293 293 291 290 295 297 295 295 294 295 298 301 304 306 308 308 308 307 306 304 302 301 300 301 302 304 306 307 307 307 305 303
249 249 249 249 250 252 252 252 252 253 253 255 256 258 259 261 262 262 263 263 263 264 265 266 267 268 270 270 271 272 271 271 272 274 274 273 274 277 278 275 273 295 298 293 292 291 292 292 292 291 291 293 295 294 293 294 295 298 301 304 306 307 308 308 307 305 304 302 301 300 300 301 303 304 306 307 306 305 303
249 249 249 249 250 251 252 252 252 252 252 254 255 257 258 259 260 260 260 260 261 262 264 265 266 268 269 269 270 271 272 271 271 272 274 274 275 276 278 277 277 295 297 291 291 291 291 291 291 290 291 291 292 292 292 294 295 298 301 303 306 307 308 308 307 305 304 302 301 300 300 300 302 304 305 306 306 305 303
249 249 249 249 250 251 251 251 251 251 251 253 254 255 256 257 258 258 258 258 259 261 262 263 265 267 268 269 269 270 271 272 272 271 272 275 276 277 278 278 277 287 295 292 292 291 290 290 290 288 289 290 290 291 292 294 296 298 301 303 305 307 307 307 307 305 304 303 301 300 300 301 302 304 305 306 305 304 303
249 249 249 249 249 250 250 250 250 250 250 251 253 254 255 255 256 255 255 256 258 260 260 262 264 266 268 268 268 269 271 272 272 271 272 273 275 277 277 278 277 282 292 292 293 291 289 288 288 286 285 288 290 292 293 294 296 298 301 303 305 307 307 307 307 306 305 304 303 302 301 302 303 304 305 306 305 304 303
249 249 249 249 249 249 250 250 249 249 249 250 251 252 253 253 253 253 254 255 257 259 260 261 263 265 267 267 268 269 270 270 271 272 272 272 274 276 276 277 278 283 287 292 293 290 288 287 286 283 283 287 292 293 293 295 297 299 301 303 305 307 308 308 308 307 306 305 304 303 303 304 305 306 306 306 305 304 303
249 249 249 248 249 249 249 249 248 248 248 249 250 251 251 252 252 252 253 254 255 257 260 261 261 263 266 267 267 268 269 269 270 271 272 272 273 274 276 277 279 282 285 290 290 289 288 286 283 281 284 291 294 294 294 295 297 299 301 303 305 307 308 309 309 308 308 307 306 306 305 306 307 308 308 307 306 305 303
249 249 248 248 248 248 248 248 247 247 247 247 248 249 250 251 251 252 252 252 253 256 260 261 260 261 264 265 265 266 268 269 270 270 271 271 272 273 275 277 279 281 283 290 289 287 287 284 281 280 287 294 295 294 295 296 297 299 301 303 306 307 309 310 310 309 309 309 308 307 307 308 309 309 310 309 307 306 304
248 248 248 248 248 248 247 247 247 246 245 245 246 248 249 250 251 251 251 251 251 254 258 260 261 262 262 263 264 265 267 269 269 269 270 271 272 274 275 277 279 281 282 290 286 286 285 283 280 281 290 295 294 294 295 296 298 300 301 303 306 308 309 310 310 310 309 309 309 308 308 309 310 311 312 310 309 307 306
248 248 248 248 247 247 247 246 246 245 244 244 245 247 248 250 250 250 249 250 251 253 256 260 262 262 260 262 263 264 266 268 269 270 271 272 273 274 276 278 279 281 281 287 283 285 285 283 279 281 289 294 295 295 296 297 298 300 301 303 305 308 309 310 310 310 309 309 309 309 309 310 311 312 313 311 310 308 307
248 248 247 247 247 247 246 246 245 244 243 243 244 246 248 249 249 249 248 249 250 252 254 258 260 259 259 261 263 264 265 266 268 270 272 274 274 275 277 279 279 280 280 281 281 283 285 282 279 279 287 294 296 296 297 298 299 300 301 302 305 307 309 310 309 309 308 309 308 308 309 310 312 312 314 312 311 309 308
247 247 247 247 246 246 245 245 245 244 243 242 243 246 248 248 248 247 247 248 249 251 253 255 257 257 258 259 261 263 265 265 266 269 272 275 276 276 277 279 281 282 283 283 284 286 285 282 279 278 284 293 296 297 297 298 299 299 300 302 304 307 309 309 308 308 308 308 308 308 308 310 312 313 315 313 311 310 309
247 247 247 246 246 246 245 245 245 244 242 240 242 246 247 246 246 245 247 248 249 250 251 253 254 255 256 258 259 262 263 264 265 266 272 275 277 279 286 287 286 287 287 291 293 292 288 284 282 281 283 290 294 297 297 298 298 299 300 301 304 307 308 308 307 306 307 307 307 307 308 310 312 314 315 313 312 310 309
247 247 246 246 246 245 245 245 245 244 243 241 243 246 245 244 243 244 246 249 249 248 249 250 251 253 255 256 258 259 261 262 264 264 276 279 285 293 302 294 290 290 295 300 302 300 289 286 285 285 286 287 292 295 296 296 297 298 299 301 304 306 306 306 305 305 306 306 306 306 307 310 313 315 316 314 312 311 310
246 246 246 246 246 245 244 245 245 244 244 242 241 245 245 243 242 243 245 247 248 247 248 249 250 251 254 255 256 256 257 258 260 259 275 281 300 312 307 294 290 292 298 306 306 294 283 282 286 289 292 291 290 292 294 295 295 297 298 301 303 304 304 304 303 304 305 304 304 305 307 310 313 315 317 314 313 311 310
246 246 246 246 245 245 244 245 245 245 245 244 239 243 245 244 243 244 245 246 246 246 247 248 249 250 252 253 254 254 254 254 254 248 243 257 258 265 266 270 273 275 278 283 270 269 272 276 282 290 296 296 291 290 291 293 294 296 298 300 302 302 302 301 301 302 303 302 303 304 307 310 314 315 317 314 313 311 310
246 246 246 245 245 245 244 245 246 247 246 241 239 243 245 246 246 245 245 246 246 246 247 248 249 250 251 251 252 252 252 252 250 247 232 236 234 219 220 229 240 245 241 238 243 251 265 273 280 288 295 299 295 290 288 290 292 294 297 299 300 300 299 299 299 301 301 301 302 304 307 310 314 315 316 314 312 311 311
246 246 245 245 245 245 245 245 246 247 246 243 241 243 246 247 247 246 246 246 247 247 247 248 249 250 250 251 251 252 252 252 251 248 235 234 238 236 226 225 231 241 245 248 252 256 264 274 282 289 294 298 300 296 290 288 288 291 294 297 298 297 297 297 298 298 298 299 300 303 306 310 313 314 316 314 312 311 311
245 245 245 245 245 245 245 245 246 247 246 244 243 244 246 247 246 246 246 247 247 247 247 248 249 249 250 250 251 252 251 251 252 251 249 248 248 249 251 248 251 257 262 265 268 270 273 277 283 290 294 296 300 301 298 295 291 287 289 293 296 296 295 295 295 295 295 296 299 302 305 309 312 313 315 313 312 311 310
245 245 245 245 245 245 245 245 246 247 247 246 244 244 245 245 244 244 245 246 247 247 247 247 248 248 249 250 250 251 251 251 251 252 251 252 253 256 259 264 270 271 274 274 275 278 279 281 284 289 292 294 297 301 302 301 299 294 288 289 294 295 294 292 290 291 293 295 298 301 304 307 309 311 313 312 311 310 310
245 245 245 245 245 246 245 246 246 247 247 246 245 245 245 244 243 243 244 245 246 246 246 247 248 248 248 248 249 250 251 250 250 251 252 254 256 260 264 268 271 273 274 276 277 279 280 282 285 289 290 291 293 296 299 303 302 299 295 291 293 295 295 294 290 290 294 294 297 299 302 304 307 309 311 311 310 310 310
245 245 245 245 246 246 246 246 246 247 247 246 246 245 245 244 243 243 244 245 245 245 246 247 248 248 248 248 248 249 250 250 250 252 255 256 258 262 267 269 270 271 272 274 276 278 279 282 283 286 287 288 291 295 298 299 300 301 300 297 295 296 297 297 294 294 295 294 295 297 299 302 304 306 309 309 308 308 309
245 245 246 246 246 246 246 246 246 246 246 246 246 245 245 244 244 244 244 244 245 245 246 247 248 248 248 248 248 249 250 251 251 253 256 258 260 263 267 269 269 269 271 272 275 277 278 280 281 283 285 285 289 292 294 296 297 299 300 300 298 297 297 295 293 295 295 293 293 295 298 300 301 303 306 306 306 307 307
245 246 246 246 246 246 246 246 246 246 246 246 246 245 245 245 244 244 244 245 245 245 245 246 247 248 248 248 249 250 251 252 253 254 256 259 262 265 267 268 269 269 270 272 274 276 278 279 280 281 282 283 286 288 290 292 295 296 296 299 299 298 297 294 291 295 294 292 292 294 296 298 299 301 303 304 305 306 306
245 246 246 246 246 246 246 246 246 246 246 246 245 245 245 244 244 244 244 245 245 245 246 246 247 248 248 248 249 251 252 253 254 255 258 261 265 267 267 269 270 270 271 272 274 275 277 278 279 279 280 281 283 285 287 289 291 293 293 295 297 297 296 293 292 294 293 291 292 293 295 296 297 299 300 302 303 304 305
245 246 246 246 246 246 246 246 246 246 246 245 245 245 245 244 244 245 245 245 245 246 246 246 247 248 249 248 249 251 253 254 255 256 259 263 266 267 268 269 271 272 272 273 273 275 276 276 277 279 279 280 282 283 285 286 288 288 290 291 291 294 294 293 293 295 292 291 292 293 293 294 295 297 298 299 301 303 303
245 246 246 246 246 246 246 246 246 245 245 245 245 245 245 244 244 245 245 245 245 246 247 247 247 248 248 249 249 251 253 255 256 257 259 263 266 266 266 268 270 272 273 273 273 273 274 275 277 279 280 281 282 282 284 285 286 286 287 287 289 291 293 292 293 296 293 291 290 290 291 292 294 295 296 298 299 301 301
245 245 246 246 246 246 246 246 245 245 245 245 245 245 245 245 245 245 245 245 245 245 247 248 248 248 248 249 250 251 253 256 257 259 260 263 265 266 266 267 269 271 272 273 273 273 274 275 277 278 280 280 281 282 283 284 285 286 287 286 288 291 293 290 292 295 294 291 289 287 289 291 292 294 294 296 298 299 299
245 245 246 246 246 246 246 245 245 245 245 245 245 245 245 245 245 245 245 245 245 245 247 248 248 248 248 249 250 251 254 256 259 261 261 262 264 266 267 267 268 269 271 272 273 273 274 275 276 277 278 279 280 281 283 283 284 285 286 286 289 290 291 289 292 293 293 291 288 286 287 289 291 292 293 294 296 297 298
245 245 245 246 246 245 245 245 245 245 245 245 245 245 245 245 245 245 245 245 245 245 246 247 247 247 248 249 250 252 254 257 260 262 261 261 263 265 266 267 268 269 271 272 273 274 274 275 276 276 276 277 278 280 281 283 284 285 285 286 287 287 289 288 292 292 291 290 288 286 286 288 290 290 291 293 294 295 296
245 245 245 245 245 245 245 245 245 245 246 246 246 246 246 246 246 246 246 245 245 245 245 245 246 247 248 249 250 252 254 257 259 261 261 260 262 263 265 267 268 269 270 272 273 274 274 274 274 275 275 275 276 278 279 281 283 284 284 285 287 288 288 290 292 292 291 290 288 287 288 288 288 288 289 291 292 293 295
244 244 245 245 245 245 245 245 246 246 246 246 246 246 246 246 246 246 246 246 245 244 243 244 245 247 249 249 250 251 254 257 259 260 260 260 260 261 264 266 269 271 271 271 273 275 274 273 273 273 274 274 275 277 278 280 282 283 283 285 287 287 288 290 290 292 292 293 289 286 287 287 286 287 288 289 291 292 293
244 244 245 245 245 245 245 245 246 247 247 247 247 247 247 247 247 247 247 246 245 244 244 245 245 248 249 250 250 252 254 257 258 259 259 259 260 262 264 266 269 270 271 271 272 273 272 272 272 272 273 274 275 276 276 278 280 281 282 284 286 286 287 289 289 292 293 293 289 284 282 284 285 286 287 288 289 291 292
244 244 245 245 245 245 245 246 246 247 248 248 248 248 248 248 248 248 247 247 246 246 246 246 247 248 249 250 250 252 254 256 257 258 259 260 262 263 264 265 267 269 269 270 270 270 271 271 270 270 272 275 275 275 275 276 278 280 281 283 285 286 286 288 287 290 291 289 289 283 279 282 284 285 286 287 288 290 291
244 244 245 245 245 245 245 246 247 247 248 248 248 248 248 248 248 248 248 248 248 248 248 247 248 248 248 249 251 252 254 255 256 257 259 261 263 264 264 265 267 268 268 268 269 270 270 270 268 269 271 274 274 274 275 276 277 279 281 284 287 287 286 286 287 288 291 294 292 283 278 280 283 285 286 286 287 288 289
244 244 245 245 245 245 246 246 247 248 248 249 249 249 249 249 249 249 249 249 249 249 248 248 250 249 249 250 252 253 254 255 256 257 259 261 263 264 264 265 266 267 267 268 269 268 268 269 268 269 270 271 273 274 276 277 279 280 282 285 286 286 285 284 286 288 290 300 294 284 276 277 282 284 285 285 286 287 288
244 245 245 245 245 245 246 247 247 248 248 249 249 249 249 249 249 249 249 249 249 249 249 249 251 251 251 252 252 253 254 256 257 257 258 260 261 262 263 263 264 265 266 267 267 265 265 266 268 269 269 270 272 274 276 278 280 281 282 284 284 284 284 284 284 284 285 307 292 282 276 274 280 283 284 284 285 285 287
244 245 245 245 245 246 246 247 247 248 249 249 249 249 249 249 249 250 250 250 250 250 250 251 251 253 253 252 253 253 254 256 257 257 258 259 259 260 261 262 263 264 265 265 263 260 261 263 266 267 269 272 274 275 277 279 280 281 281 282 282 282 283 282 281 277 273 289 280 283 278 273 277 281 281 282 283 284 285
244 245 245 245 245 246 246 247 248 248 249 249 249 249 249 249 250 250 250 250 250 251 252 252 253 254 254 253 253 254 254 255 256 257 257 258 258 259 260 261 262 263 263 262 260 259 262 265 268 271 275 277 278 279 280 280 280 280 280 280 280 280 280 281 279 276 273 259 241 274 276 275 275 277 278 280 282 283 284
244 244 245 245 245 246 247 247 248 249 249 249 250 250 250 250 250 250 250 250 251 251 252 252 253 253 252 252 253 254 254 254 255 256 257 258 258 258 260 261 261 261 262 261 260 264 271 275 277 278 279 280 280 280 280 280 280 280 280 280 280 279 278 279 278 276 273 264 229 246 269 277 272 271 273 278 281 283 284
243 244 244 244 245 246 247 248 248 249 249 250 250 250 250 250 250 250 250 250 251 251 251 250 251 251 251 251 252 253 254 254 255 255 256 257 257 258 260 261 261 261 261 262 266 274 279 279 277 276 277 277 278 278 279 279 279 279 279 279 279 278 278 278 277 276 274 267 259 256 271 275 269 266 269 276 280 282 283
242 243 243 244 245 246 247 248 248 249 249 250 250 250 250 250 250 250 250 250 250 250 249 249 248 248 249 251 252 252 253 254 254 254 255 256 257 259 261 260 260 260 261 265 273 276 275 273 273 274 275 276 277 278 278 278 278 278 278 278 278 277 277 276 276 276 275 272 270 270 269 271 268 267 269 276 280 282 283
241 242 242 243 244 246 247 247 248 248 249 249 249 250 250 249 249 249 249 249 249 249 248 249 248 248 250 252 252 252 253 253 253 254 255 256 258 259 260 259 260 261 264 271 274 272 271 272 273 274 275 276 278 278 278 278 278 278 277 277 276 276 276 276 275 274 275 275 274 274 273 272 274 276 272 277 281 282 283
240 240 241 242 243 245 246 246 247 247 248 248 249 249 249 249 249 248 248 248 248 249 249 249 249 250 251 252 252 252 252 253 253 254 255 256 258 260 259 259 262 266 269 271 271 271 271 272 273 274 276 277 278 279 279 279 278 278 277 276 275 275 275 274 274 273 273 274 276 276 278 279 283 282 274 277 281 282 283
239 239 240 240 242 244 244 245 246 246 247 247 248 248 248 248 248 248 248 248 248 248 249 249 250 251 251 251 251 252 253 254 254 255 255 258 259 259 260 262 265 268 269 269 269 270 271 272 274 275 276 278 278 279 279 279 278 278 277 276 275 274 273 272 272 272 272 273 273 274 276 279 283 280 275 278 281 282 283
237 238 238 239 241 242 243 244 244 245 246 246 246 247 247 247 247 247 247 247 248 248 249 249 250 250 250 250 251 253 254 255 256 256 257 259 260 260 261 264 265 266 267 267 268 269 270 272 274 275 276 277 278 279 279 278 278 277 276 275 274 273 272 271 271 271 271 271 271 272 273 275 276 276 274 278 281 282 283
236 237 237 238 240 241 242 242 243 244 244 245 245 245 245 246 246 246 247 247 247 248 249 249 250 251 250 251 252 254 255 256 257 258 259 259 260 261 262 264 265 265 266 267 268 268 270 271 273 275 276 277 277 278 278 277 277 276 276 275 274 273 272 271 270 270 270 270 271 271 272 273 274 275 274 278 281 282 283
235 236 236 237 238 240 240 241 242 242 243 243 244 244 244 245 245 245 246 246 247 248 248 249 250 251 251 252 253 255 256 257 258 259 260 260 261 262 263 265 265 266 266 267 268 269 270 271 273 274 275 276 276 277 276 276 276 275 275 274 273 272 272 271 270 270 270 270 271 272 273 274 275 276 275 278 281 282 282
234 235 235 236 237 238 239 240 240 241 241 242 242 243 243 244 244 245 245 246 247 247 248 249 250 251 252 253 254 255 256 257 258 259 259 260 260 262 263 265 265 266 267 267 268 269 270 271 273 274 274 274 275 275 275 275 274 274 274 274 273 272 272 271 271 271 271 271 272 273 274 276 276 277 276 279 280 281 281
233 233 234 235 236 237 238 239 239 240 240 241 241 242 243 243 244 244 245 246 246 247 248 249 251 252 253 254 254 255 256 257 259 259 260 260 261 261 263 264 265 266 267 268 269 270 271 272 272 273 273 273 274 274 273 273 273 273 273 273 273 272 272 272 271 271 271 272 272 274 275 277 277 277 277 278 279 280 280
232 233 233 234 235 236 237 237 238 239 240 240 241 242 243 243 244 244 245 246 246 247 248 249 251 252 253 255 255 255 256 258 259 260 260 261 261 262 263 265 266 267 267 268 270 270 271 271 272 272 272 272 272 272 272 272 272 272 272 272 272 272 272 272 271 271 271 272 273 274 275 276 277 277 278 278 278 279 279
231 232 233 234 234 235 236 237 238 239 239 240 241 242 243 244 244 245 245 246 247 248 249 250 251 253 254 255 256 256 257 259 259 260 261 261 262 264 265 266 266 266 267 269 270 270 271 271 271 270 270 270 270 270 270 270 271 271 271 271 271 271 271 271 271 271 271 272 273 274 275 276 277 277 279 279 278 278 278
230 231 232 233 234 234 235 236 237 238 239 240 241 242 243 244 245 246 246 246 247 248 249 250 253 253 254 255 256 258 259 260 260 260 261 262 263 264 267 267 266 266 267 268 269 270 270 269 269 269 269 269 269 269 269 270 270 270 270 271 271 271 271 271 272 272 272 272 273 274 275 276 278 279 282 280 278 278 279
230 231 232 233 233 234 235 236 237 239 240 241 242 243 244 245 246 247 247 247 248 249 250 251 253 253 253 255 256 259 260 260 261 261 261 262 265 264 267 267 266 266 267 268 269 269 268 268 268 268 268 268 268 268 269 269 270 270 270 270 271 271 272 272 272 273 273 273 274 275 277 278 280 281 284 281 279 279 279
231 231 233 234 233 234 235 237 238 239 240 242 243 244 245 246 248 248 248 249 249 250 251 253 254 254 255 255 256 258 260 260 261 262 262 263 264 265 266 267 267 267 267 268 268 268 267 267 266 266 267 267 268 268 268 269 269 270 270 270 271 271 272 273 273 274 274 275 276 277 278 280 282 283 286 282 280 279 280
231 232 233 234 234 235 236 238 239 240 242 243 244 245 246 248 249 249 250 250 251 252 253 254 255 256 256 256 257 258 260 261 261 262 263 262 264 265 265 266 267 267 267 267 267 267 266 266 265 266 266 267 267 268 268 269 269 270 270 271 271 272 273 273 274 275 275 276 277 279 280 281 283 284 287 283 281 281 282
231 232 234 235 235 236 238 239 241 242 243 244 245 246 247 249 249 250 250 252 253 254 255 255 257 257 257 257 258 260 260 261 261 261 261 261 265 266 265 265 266 266 266 266 266 266 265 265 265 265 266 266 267 268 268 269 269 270 270 271 272 273 273 274 275 275 276 277 279 280 281 283 284 285 287 284 282 282 283
231 233 234 235 236 238 239 241 242 244 245 246 247 247 248 249 249 249 251 252 254 255 256 257 258 258 259 261 261 261 261 262 261 261 260 264 270 267 265 265 265 265 265 265 265 265 265 265 265 265 266 266 267 268 268 269 269 270 271 272 272 273 274 275 276 276 277 279 280 281 283 284 285 286 288 285 283 284 285
231 233 235 236 238 240 241 243 244 245 247 247 248 248 248 249 249 250 251 253 254 255 257 258 259 260 262 263 262 261 262 261 260 261 263 270 274 267 265 265 264 264 264 264 264 264 264 264 265 265 266 266 267 268 268 269 270 270 271 272 273 274 275 276 276 278 279 280 281 282 284 285 287 287 288 286 285 286 287
231 233 235 236 240 242 243 244 245 246 247 248 248 248 249 249 249 250 251 253 254 255 257 258 259 261 262 262 262 262 262 261 261 262 266 273 270 265 264 264 263 263 263 262 262 262 263 264 264 265 265 266 267 267 268 269 270 271 272 273 274 275 276 276 277 278 280 281 282 284 285 287 288 288 289 287 287 288 290
231 233 235 236 241 243 243 244 245 246 247 248 248 249 249 249 249 250 251 252 253 255 256 257 258 259 260 261 261 261 261 262 262 264 267 269 266 264 263 263 263 263 262 261 261 262 262 263 264 264 265 266 266 267 268 269 270 271 272 273 274 275 276 277 278 279 280 282 283 285 286 288 289 289 290 289 289 290 292
230 232 234 236 241 243 243 244 244 246 247 248 249 249 249 249 249 250 250 252 253 255 256 257 258 258 259 260 260 260 261 261 262 265 266 265 265 264 263 263 263 262 262 261 261 261 262 263 263 264 265 265 266 267 268 269 270 271 272 273 274 275 276 277 278 279 281 282 284 285 287 289 290 290 291 290 290 292 293
228 231 234 236 241 243 243 243 244 245 246 248 249 250 250 250 250 250 250 252 254 255 256 256 257 257 258 259 259 260 261 261 263 265 265 264 264 264 264 263 263 263 262 262 261 262 262 262 263 264 264 265 266 267 268 270 271 272 272 273 274 275 276 276 278 279 280 282 284 286 288 289 290 291 292 291 292 293 295
226 230 233 236 241 243 243 243 243 244 246 248 249 250 250 251 251 251 252 254 255 255 255 256 256 257 258 258 260 261 261 262 264 263 263 264 264 264 264 264 263 263 263 262 262 262 262 263 263 264 264 265 266 267 268 270 271 271 272 273 273 274 275 276 277 279 280 282 284 286 288 290 291 291 293 292 293 294 296
224 228 232 236 241 243 244 244 244 245 246 248 249 250 251 252 253 253 254 255 255 255 255 256 256 257 257 258 260 260 260 261 261 261 262 263 263 264 264 263 263 263 263 263 263 263 263 263 263 264 264 265 266 267 268 269 270 271 272 272 273 274 275 276 277 279 281 283 285 287 289 290 291 292 293 293 294 295 297
222 226 231 235 241 244 245 245 245 246 247 248 249 250 251 252 253 254 255 255 255 255 255 255 256 256 257 258 259 259 259 259 259 259 260 261 262 262 262 262 262 263 263 263 263 263 263 263 263 264 264 265 266 267 268 269 270 271 271 272 273 274 275 276 278 280 282 284 285 287 289 291 292 292 293 293 294 296 298
220 225 229 234 241 244 246 247 247 247 248 249 249 250 251 252 253 254 255 255 256 256 256 256 256 256 256 257 258 259 259 260 259 258 259 259 260 260 260 261 261 262 263 263 263 264 264 264 264 265 265 266 267 267 268 269 269 270 271 272 273 274 275 277 279 281 283 284 286 288 290 291 292 293 293 294 296 298 299
218 223 228 233 240 244 247 248 249 249 249 249 249 250 251 252 253 254 255 256 257 258 258 257 257 257 257 258 259 260 260 260 259 258 258 258 258 259 259 260 260 261 262 263 263 264 264 265 265 265 266 267 267 268 268 269 270 270 271 272 273 275 276 278 280 282 284 286 287 289 290 291 292 293 294 295 297 299 300
215 221 226 231 239 245 248 249 250 250 249 248 249 251 252 253 253 254 254 255 257 259 260 260 259 259 259 259 260 260 260 260 260 259 259 259 258 259 259 260 260 261 262 263 264 264 265 265 266 266 267 268 268 269 269 270 270 271 272 273 274 276 278 280 281 283 285 287 288 289 290 291 292 293 294 295 298 301 302
212 219 224 229 240 245 249 251 251 251 249 249 251 252 254 255 255 255 254 254 257 260 261 262 261 261 260 260 261 261 261 261 261 260 260 260 260 260 260 260 261 262 262 263 264 264 265 266 266 267 268 268 269 269 270 270 270 271 272 273 275 276 278 280 282 284 285 287 288 289 290 291 292 293 295 296 300 303 303
209 217 223 228 242 248 251 253 253 252 252 253 254 255 256 258 258 258 257 257 259 262 263 263 263 262 262 262 262 262 261 261 261 262 261 261 261 261 262 262 262 262 263 264 264 265 265 266 267 267 268 269 269 270 270 270 270 271 272 273 274 276 278 280 282 283 285 286 288 288 289 290 292 293 295 298 301 304 305
204 213 220 228 247 253 255 257 257 256 257 258 258 259 260 261 262 263 263 264 264 264 264 264 264 263 263 263 262 262 260 261 262 262 262 262 262 263 263 263 263 263 264 264 264 265 266 266 267 267 268 268 269 269 269 269 270 270 271 272 273 275 277 279 280 282 283 285 286 287 288 290 292 294 297 299 303 306 306
199 209 217 228 256 261 261 261 261 262 262 262 263 264 265 267 268 270 271 269 266 265 265 265 265 265 264 263 263 262 262 262 263 263 263 263 263 263 264 264 264 264 264 264 265 265 266 266 267 267 268 268 268 268 268 268 268 269 270 271 272 274 275 277 279 280 281 283 284 286 287 289 292 295 299 301 304 306 306
192 203 214 230 268 270 267 266 265 266 265 264 265 266 269 271 272 274 274 271 269 267 266 266 266 266 264 264 263 263 263 264 264 263 263 263 264 264 264 264 264 264 265 265 265 265 266 267 267 267 267 267 267 267 266 266 267 267 268 269 271 272 274 275 277 278 279 281 283 284 287 289 293 296 301 303 306 307 307
187 198 213 237 277 276 272 270 268 267 265 263 263 266 272 275 277 278 276 273 270 268 267 267 267 266 265 264 264 264 264 264 264 263 263 263 263 264 264 264 265 265 265 266 266 267 267 267 268 267 267 266 266 265 265 265 265 265 266 267 269 270 272 274 275 276 277 279 281 284 287 290 294 299 304 306 307 308 307
183 193 212 246 276 274 271 270 267 265 264 263 263 267 274 278 281 280 277 274 271 269 269 268 268 267 266 266 265 265 265 265 264 264 264 264 264 264 264 265 265 265 265 266 266 266 267 267 267 267 266 266 265 264 264 264 264 265 266 267 269 270 272 274 275 277 278 281 284 287 291 295 299 303 307 309 309 309 308
182 191 210 250 262 261 261 266 264 263 261 260 263 269 276 279 279 278 276 273 272 271 270 269 269 268 268 267 267 267 267 266 266 266 266 265 265 265 265 265 264 264 264 265 265 265 265 266 266 266 265 265 265 265 265 265 265 266 267 269 270 272 274 275 277 279 281 285 288 292 296 299 303 306 308 309 310 310 309
185 192 211 261 254 256 256 265 264 264 261 258 263 273 283 283 281 280 277 275 273 272 272 271 271 270 270 269 269 268 268 268 268 267 267 266 266 265 264 264 264 263 263 264 264 264 265 265 265 265 265 265 265 265 265 266 266 267 268 270 271 273 275 276 278 281 284 287 291 294 298 301 304 307 308 309 310 310 310
191 203 218 237 235 240 245 257 261 266 269 268 271 277 284 284 282 281 279 278 276 276 275 274 273 273 272 272 271 270 270 269 269 268 267 266 265 265 264 263 263 263 263 264 264 265 265 266 266 266 266 266 266 266 266 266 267 268 269 270 271 273 275 277 279 281 284 288 292 295 299 302 304 306 307 308 309 310 311
