---
Vertical Velocity & Wind [kt] at 850mb Direction [deg] Valid 1400 NZST ~Z75~(0200Z)~Z~ WED 7 Jan 2026 ~Z75~[98hrFcst@2128z]~Z~
Model= RASP Region= NZ Grid= d1 Reskm= 6.0 Indexs= 1 79 1 99 Proj= lambert 6000 6000 -35.0000 -42.0000 176.0000 -38.5000 176.0000
Day= 2026 1 7 WED ValidLST= 1400 NZST ValidZ= 200 Fcst= 98.0 Init= 94 Param= press850 Direction Unit= cm/sec Mult= 1 Min= 0 Max= 0
231 229 227 225 223 224 225 228 228 230 231 241 246 244 239 235 238 242 248 255 265 273 282 287 293 296 301 310 311 303 274 266 270 281 288 294 297 303 307 303 301 300 300 301 301 302 303 303 304 305 305 306 306 307 307 308 309 309 310 311 312 311 310 309 308 308 308 309 311 314 317 320 323 326 329 332 334 337 338
233 230 228 225 224 225 227 228 228 227 229 241 252 253 247 244 248 254 259 265 272 277 283 284 287 288 292 300 310 302 230 230 241 258 273 286 296 304 309 301 294 294 294 296 298 299 300 301 302 303 303 304 304 304 304 305 305 306 308 309 310 310 310 309 308 308 308 309 311 315 318 321 324 327 329 332 334 336 338
234 232 230 228 227 228 229 230 230 232 234 240 246 250 250 250 254 259 265 270 275 280 283 284 286 286 289 292 294 276 226 214 218 230 245 262 280 285 285 280 276 275 278 283 287 290 293 296 298 300 301 302 302 302 302 303 303 304 306 307 308 309 309 308 307 306 305 307 310 315 319 322 325 327 329 331 334 336 338
234 233 232 231 230 231 232 233 235 237 238 242 247 251 253 254 257 261 266 272 277 281 284 285 285 286 284 282 273 253 224 205 198 202 213 228 238 229 223 226 234 242 250 256 262 271 284 292 296 298 299 300 301 301 301 301 302 303 304 305 306 307 308 307 306 302 300 303 308 314 319 323 326 328 330 332 334 336 338
233 233 232 233 233 234 236 238 240 243 244 247 251 254 255 257 260 263 267 272 277 282 285 286 286 285 282 277 270 264 237 208 193 192 198 212 217 212 206 207 211 216 214 205 236 283 296 299 300 301 302 302 303 303 303 302 303 303 304 304 304 305 305 305 303 300 298 301 307 313 319 324 328 330 332 333 334 336 338
231 231 232 233 234 236 238 240 242 244 248 251 252 254 255 257 260 264 267 271 275 278 281 282 282 282 280 273 268 264 254 209 191 188 195 206 207 205 202 198 196 196 191 212 283 298 304 306 307 308 308 307 306 304 303 302 302 302 302 303 302 302 302 300 297 295 297 301 307 313 319 323 327 330 332 333 333 335 338
229 229 230 232 235 238 240 242 243 245 249 252 254 255 256 258 260 263 266 269 272 274 277 277 278 278 277 274 266 270 273 247 191 192 198 206 204 199 196 193 203 228 242 265 290 304 310 312 312 311 309 307 305 303 302 301 301 300 301 300 300 299 299 297 294 293 295 300 305 311 316 321 326 329 332 333 333 335 337
228 227 229 231 235 239 241 243 245 246 247 250 254 256 257 259 261 263 265 267 269 271 272 274 275 277 275 273 271 276 280 270 215 183 200 217 223 235 244 240 249 265 271 278 294 308 314 314 312 310 308 306 304 302 300 299 298 298 298 298 297 297 296 294 291 291 295 300 305 310 315 320 325 329 333 333 333 334 337
226 226 228 231 236 240 242 244 245 245 245 248 251 255 257 259 261 263 264 266 267 268 269 271 274 276 274 272 273 279 283 278 263 222 238 262 268 272 272 269 270 278 284 289 300 311 316 315 312 308 305 303 300 298 297 296 295 295 295 295 294 294 293 291 289 290 295 299 303 307 312 318 323 328 333 333 332 333 335
225 226 227 231 236 241 243 244 245 244 244 246 249 253 256 259 261 262 263 264 265 266 268 271 273 275 273 271 273 279 288 287 281 261 262 277 281 285 284 279 276 284 292 297 304 312 317 314 308 303 300 298 296 294 293 292 292 292 292 292 291 291 290 288 287 289 293 298 301 305 310 316 322 327 332 332 331 332 334
225 226 228 231 237 242 244 245 245 245 244 245 248 251 255 258 260 261 262 263 264 266 268 271 273 275 274 273 277 284 291 293 291 280 275 285 290 294 294 291 284 287 296 303 308 314 319 311 302 297 294 293 291 290 289 288 289 289 289 289 288 287 287 285 285 288 292 296 300 303 308 313 319 325 330 331 330 331 333
228 229 230 233 238 243 246 246 246 246 246 247 249 252 255 257 259 260 261 262 264 267 270 273 275 276 277 279 284 290 295 296 297 292 287 289 294 297 298 297 290 291 299 306 310 316 317 307 296 291 290 289 288 287 286 285 286 286 286 286 285 285 283 282 283 287 292 295 298 301 306 311 317 322 328 330 329 330 331
233 234 235 237 241 245 248 249 249 249 249 250 251 252 254 256 258 259 260 262 265 269 272 275 278 280 283 286 290 294 297 298 298 298 295 293 295 298 300 300 296 296 302 309 311 314 313 302 291 287 286 286 285 284 283 283 283 283 283 283 283 282 280 279 282 287 291 294 297 300 304 308 314 319 325 329 328 329 331
239 240 241 243 245 248 250 252 253 253 254 253 254 254 256 257 258 259 261 263 266 270 273 277 281 284 287 290 293 296 298 298 298 297 296 296 296 298 300 300 300 301 306 311 311 310 310 296 287 284 284 283 283 282 281 281 281 281 280 281 280 279 277 278 281 287 291 294 297 299 302 306 311 316 322 327 328 329 330
244 246 247 248 249 251 253 255 257 258 258 258 258 258 258 259 260 262 263 265 267 270 274 277 281 285 288 291 294 296 297 296 296 296 296 296 297 297 298 300 300 302 307 310 307 304 305 291 284 282 282 282 282 281 280 280 279 278 278 278 278 276 276 277 282 288 292 294 296 298 301 304 309 313 318 325 327 329 330
247 249 251 252 253 254 256 258 259 260 261 261 261 261 261 262 263 264 265 267 269 271 274 277 281 284 287 290 293 294 295 294 293 293 294 296 298 298 297 298 300 300 304 303 300 298 303 288 283 282 282 282 282 281 280 279 277 276 276 276 275 274 275 278 284 289 293 295 297 299 301 303 307 311 315 323 326 328 330
249 251 253 254 255 257 258 260 261 262 262 263 263 263 263 263 264 265 266 267 269 271 274 277 280 283 286 289 291 292 292 291 291 292 293 295 299 300 299 297 297 296 296 294 293 292 299 285 281 283 284 284 284 282 280 278 276 275 275 275 273 273 275 280 286 291 295 297 299 300 302 303 306 310 313 321 325 327 329
249 251 253 255 257 258 260 261 262 263 264 264 265 265 264 264 265 265 266 267 269 271 273 276 279 282 285 287 289 290 289 289 290 291 293 295 300 298 299 299 295 292 289 288 288 289 291 286 278 285 287 287 287 285 281 277 275 274 274 273 271 272 275 280 287 293 297 299 301 302 303 304 306 309 311 319 323 326 328
249 252 254 256 257 259 260 262 263 264 265 265 266 266 266 266 266 266 267 268 269 271 273 275 278 281 284 287 288 287 287 288 289 291 294 297 298 296 295 296 294 288 284 283 284 287 285 289 276 283 285 286 286 284 280 276 273 272 272 271 270 271 274 279 288 295 300 303 304 305 306 306 307 309 309 316 321 324 327
249 251 253 255 257 259 261 262 263 264 265 265 266 267 267 267 267 268 268 269 270 272 274 276 279 282 284 285 286 286 286 287 290 294 297 299 296 294 291 291 290 286 281 280 280 284 281 287 280 278 279 280 279 277 275 272 271 270 270 269 268 269 271 278 289 298 303 306 308 308 308 308 308 309 308 314 319 323 325
249 251 253 255 257 259 260 261 262 263 264 265 266 266 267 267 268 269 270 270 272 273 275 278 281 282 283 283 283 285 287 289 292 296 297 294 292 290 288 287 286 283 279 277 277 280 278 283 282 275 275 274 272 269 268 267 267 268 268 267 266 266 269 278 290 300 305 308 310 311 311 310 308 309 307 312 317 321 324
249 251 253 254 256 258 259 261 262 263 264 264 265 266 267 267 268 269 270 271 273 275 277 279 281 281 281 281 282 285 289 293 295 295 293 290 288 287 285 284 283 281 278 276 275 278 277 279 283 269 277 274 269 264 262 262 263 264 264 263 263 263 268 279 292 302 307 311 313 313 312 311 309 309 306 311 316 320 322
250 251 253 254 256 257 259 260 261 262 263 264 264 265 266 267 268 269 270 272 274 276 278 279 279 279 280 282 283 286 290 295 296 294 289 286 284 283 282 280 279 279 278 276 275 276 277 275 282 263 282 279 271 264 260 258 259 260 260 260 259 261 269 282 294 303 309 313 314 314 313 312 310 309 306 310 315 319 321
250 252 253 254 255 256 258 259 260 261 262 263 264 264 265 266 267 269 271 273 274 276 277 277 277 277 279 282 286 289 292 294 293 290 286 283 280 279 277 275 276 277 277 276 274 274 276 272 280 264 276 277 274 266 257 256 256 256 256 256 257 263 274 285 295 303 309 312 313 313 313 312 310 309 306 309 314 318 320
251 252 253 254 255 256 257 258 260 261 261 262 263 263 264 266 268 269 271 272 273 274 276 276 276 277 279 284 288 292 293 291 287 285 282 280 276 274 271 269 270 274 277 277 274 271 272 270 275 269 272 271 274 272 265 261 258 256 254 255 261 270 279 287 295 302 307 309 310 311 311 310 308 307 305 307 313 317 320
251 252 253 254 255 256 257 258 259 260 261 261 262 262 264 266 268 269 270 271 271 273 275 276 277 278 281 286 291 292 291 287 284 280 277 276 273 271 268 264 264 270 277 277 272 272 271 270 272 265 269 264 266 270 267 262 258 254 253 260 270 276 280 286 294 300 303 305 306 307 308 308 307 306 303 305 311 316 319
252 252 253 254 255 256 257 258 259 259 260 260 261 262 264 266 267 268 268 269 270 271 273 276 279 281 285 291 293 291 287 284 280 277 275 272 270 268 264 260 261 267 274 273 268 269 270 270 255 239 251 256 258 261 261 259 255 254 261 271 277 278 280 285 292 297 300 302 303 304 305 305 305 304 302 303 310 315 319
252 253 253 254 255 256 257 257 258 259 259 260 261 262 263 265 266 266 267 268 270 271 273 277 281 285 292 294 290 287 284 280 277 275 273 270 267 264 260 256 256 261 267 269 265 267 265 263 244 244 251 254 254 254 255 255 256 260 267 273 276 277 278 283 289 294 296 298 299 301 303 304 303 303 300 301 308 315 319
252 252 253 254 255 255 256 257 258 258 259 260 260 261 261 262 263 264 265 267 270 271 274 280 284 289 294 292 286 283 280 277 275 273 271 268 265 261 257 253 251 253 258 265 263 268 258 252 247 247 249 250 251 250 251 253 256 261 267 271 274 275 277 280 285 289 292 294 296 298 301 302 302 301 299 300 307 314 319
252 252 253 254 254 255 256 257 257 258 259 259 259 258 258 258 260 262 265 267 270 274 279 284 285 288 291 285 280 279 277 275 274 271 267 264 261 258 253 249 246 248 251 258 261 258 255 254 244 244 245 247 247 248 249 252 256 260 265 269 272 274 276 278 282 286 289 291 292 295 298 301 301 301 298 298 306 315 320
251 252 252 253 254 254 255 256 257 258 259 258 256 255 255 256 258 261 265 269 274 279 284 285 285 286 284 279 276 276 275 274 271 267 264 261 259 257 253 249 246 246 247 251 254 245 252 267 237 236 240 244 246 247 249 251 255 260 264 269 272 273 275 278 281 285 287 288 289 291 295 298 300 300 297 297 306 315 321
251 251 252 252 253 253 254 255 256 257 258 256 254 252 252 254 258 262 267 275 281 286 286 285 284 279 274 273 274 275 274 273 270 265 260 258 257 257 254 250 246 245 246 244 247 232 243 285 250 238 237 240 244 247 249 252 256 262 266 270 272 274 277 281 284 286 287 287 287 288 290 294 297 299 296 297 307 316 322
250 250 251 251 252 252 252 253 254 256 257 256 252 250 251 255 260 266 274 286 289 288 284 277 271 265 266 269 271 273 273 273 269 263 254 249 250 251 251 248 245 244 244 236 238 223 233 303 273 243 236 239 243 247 251 255 260 265 269 273 277 282 285 288 289 289 288 286 285 284 286 290 295 298 295 297 308 319 325
249 249 250 250 250 250 251 251 252 253 254 256 249 247 254 261 270 275 283 290 291 276 268 263 262 263 266 266 265 266 268 269 266 257 245 238 236 239 242 244 242 240 241 232 221 210 238 287 281 255 244 244 249 253 257 260 265 272 278 285 290 293 294 294 292 290 288 285 283 282 282 286 292 297 294 297 311 322 328
248 248 248 249 249 249 249 248 249 248 247 249 245 244 259 274 282 283 280 272 266 252 249 253 261 268 264 260 258 259 259 258 0 0 244 228 222 225 232 238 239 235 234 228 203 191 237 262 275 248 243 249 254 257 259 266 277 286 293 298 299 298 296 294 291 289 286 284 281 279 277 281 288 295 293 298 314 326 332
247 247 247 247 247 247 247 246 246 246 244 247 248 240 236 245 260 262 246 238 238 238 241 250 259 258 255 253 253 254 253 250 253 0 261 232 220 220 226 232 240 243 234 202 177 205 237 277 293 254 248 252 252 257 267 282 292 298 301 301 299 296 293 290 288 285 284 282 279 275 272 274 283 292 291 299 317 329 335
246 246 246 246 246 246 246 245 245 245 245 249 248 238 222 209 213 225 236 242 237 234 240 245 249 249 247 246 248 250 250 250 251 259 262 242 214 219 260 265 264 259 257 268 159 224 251 268 269 258 270 270 260 264 280 293 302 305 303 299 296 293 290 286 283 281 281 279 276 271 266 268 278 290 288 301 319 331 338
245 245 245 245 245 245 245 244 244 245 246 248 246 239 227 213 208 210 223 235 239 236 232 231 232 237 239 240 243 245 247 248 249 254 257 246 233 287 303 294 286 273 275 289 286 272 253 230 251 268 271 266 266 277 291 302 307 307 304 300 295 291 286 281 279 279 280 277 273 266 261 264 276 288 286 302 319 332 340
244 244 244 244 244 243 244 244 244 245 246 246 245 240 231 221 215 214 218 223 229 227 220 215 216 223 230 234 238 241 244 247 247 249 254 252 257 281 291 289 289 286 285 286 280 271 263 264 281 267 248 251 273 289 302 310 309 307 306 303 297 291 284 280 279 280 281 277 271 264 261 268 278 287 285 301 319 332 342
243 243 243 243 243 243 243 243 243 244 245 245 244 240 233 225 222 222 223 224 225 221 214 207 207 214 224 231 234 237 243 249 251 251 254 255 259 271 277 277 282 285 284 283 276 273 278 284 284 240 213 265 301 308 310 310 306 305 306 305 301 300 297 288 285 288 294 291 279 274 274 278 282 286 283 299 318 333 343
242 242 242 242 242 242 242 242 243 243 244 244 243 240 234 228 224 225 227 228 227 222 216 211 204 207 216 224 227 231 238 245 249 250 250 252 252 261 265 268 273 278 279 279 277 278 283 280 272 250 217 68 9 325 310 302 301 305 307 310 327 4 0 31 33 358 331 306 291 282 279 280 282 285 283 297 316 332 345
241 241 241 241 241 241 241 241 242 242 242 242 242 240 235 230 227 226 228 228 227 224 221 215 208 204 206 217 223 227 237 245 251 251 246 247 251 256 256 259 264 269 273 274 274 276 280 282 282 279 273 278 318 315 304 303 304 306 311 331 85 237 198 348 346 336 324 305 293 282 276 275 277 282 282 293 313 332 346
241 241 240 240 240 240 240 240 241 241 241 241 241 239 236 231 229 228 228 227 226 225 224 219 213 207 204 215 226 238 247 253 256 254 246 245 252 265 266 255 255 260 266 269 269 273 277 282 284 284 281 283 293 298 303 318 308 303 299 140 115 15 303 311 316 317 311 301 293 281 272 267 268 275 278 288 309 330 346
240 240 240 239 239 239 239 240 240 240 240 240 239 238 235 232 230 230 229 228 227 226 223 222 218 212 206 211 217 232 242 249 252 252 249 248 253 258 265 258 252 255 262 266 269 272 276 279 281 283 283 286 288 291 290 296 292 285 212 171 71 13 304 307 302 301 300 293 289 282 270 260 258 264 272 283 304 328 346
239 239 239 239 239 239 239 239 239 239 239 239 238 237 235 232 231 230 230 229 227 226 224 221 221 220 214 208 209 219 233 243 249 249 248 248 251 247 249 253 254 255 259 264 268 271 273 274 276 278 281 285 288 289 289 290 288 262 216 158 107 338 308 297 293 290 294 286 284 285 273 256 249 253 263 278 300 326 345
238 238 238 238 238 238 238 238 238 238 238 238 237 236 234 232 231 231 230 229 228 226 224 221 220 222 222 218 214 213 226 240 248 250 249 248 256 262 261 263 263 260 260 265 269 272 273 274 276 277 279 282 284 285 287 284 282 273 270 270 328 356 339 306 297 300 298 290 283 284 275 254 242 243 254 272 295 323 343
237 238 237 237 237 237 237 237 237 237 236 236 236 235 233 232 230 231 230 229 228 226 224 222 220 221 224 224 222 222 228 239 247 250 248 246 249 257 262 266 266 264 264 266 268 271 271 272 273 275 276 277 277 279 282 282 285 284 278 265 35 46 40 356 317 312 305 298 290 285 270 249 237 236 245 266 291 318 340
237 237 236 236 236 236 236 236 236 235 235 235 235 234 233 231 230 230 230 229 228 226 225 223 222 222 224 226 225 225 227 236 243 247 246 243 246 250 253 257 260 262 264 265 264 266 268 270 272 273 274 274 274 276 278 281 283 278 275 263 274 20 25 350 328 314 301 296 295 292 263 240 230 229 237 261 288 314 336
236 236 236 235 235 235 235 235 235 234 234 234 234 233 232 231 230 230 230 229 228 227 224 224 224 224 225 227 228 226 226 232 239 242 243 241 246 250 252 255 256 258 260 261 262 262 266 270 273 274 274 274 273 274 276 278 278 277 275 275 272 282 284 285 292 293 290 291 320 290 268 240 223 220 229 259 285 309 332
235 235 235 234 234 234 234 234 234 233 233 232 232 232 231 230 229 229 229 229 228 227 224 223 225 226 227 229 230 229 228 231 236 237 238 239 245 250 252 255 256 258 259 258 257 259 263 267 270 271 272 273 274 274 276 277 275 274 276 277 276 275 275 279 282 285 285 315 343 281 257 247 230 220 225 260 283 303 326
234 234 233 233 233 233 233 233 233 232 232 231 231 231 230 229 229 229 229 229 229 228 224 223 226 227 228 229 230 229 230 234 238 239 238 240 244 248 250 252 254 257 258 256 254 256 261 266 269 271 273 275 276 277 279 277 274 271 271 272 272 270 270 283 287 285 268 250 346 308 248 234 229 224 227 266 280 295 318
233 233 232 232 232 232 231 232 232 231 230 230 229 229 229 229 228 228 229 229 229 228 225 222 222 225 228 229 229 228 229 234 239 242 247 250 250 251 251 252 253 254 257 256 254 253 257 265 265 268 265 267 270 266 267 265 268 269 270 273 269 271 270 275 281 282 271 259 286 299 245 225 226 236 236 274 276 286 308
232 232 231 231 231 230 230 230 230 230 229 229 228 228 228 228 227 228 228 228 228 227 223 222 221 221 224 226 229 231 231 232 235 239 243 247 250 253 255 255 255 253 253 254 255 253 257 262 263 256 247 248 259 257 258 255 257 259 262 263 268 273 271 271 280 289 296 322 34 333 235 217 228 246 239 282 274 279 299
230 230 230 230 229 229 229 229 229 229 228 228 227 227 227 227 227 227 227 227 227 225 223 223 223 221 220 221 225 231 235 233 234 234 234 238 242 248 253 255 254 251 250 254 259 257 257 254 256 250 246 242 252 259 263 256 249 242 244 243 251 253 268 275 277 275 274 269 318 328 255 208 217 233 225 284 274 274 293
229 229 229 229 228 228 227 228 228 228 227 226 226 226 226 226 226 226 226 226 226 225 224 223 225 225 221 219 219 225 233 236 236 233 233 234 238 243 249 253 252 248 248 252 256 254 253 248 249 255 247 238 241 246 252 246 238 234 234 233 232 228 261 276 279 279 288 299 321 340 272 184 193 206 212 282 274 272 288
228 228 228 227 227 226 226 226 226 226 226 225 225 225 225 225 225 225 225 225 225 225 224 224 226 225 222 219 216 218 226 234 237 237 235 234 235 240 245 249 250 248 246 247 249 251 254 247 244 257 249 237 234 233 236 235 233 230 227 226 230 228 245 268 280 286 295 305 311 320 5 162 170 186 199 282 274 271 285
227 227 227 226 226 225 225 225 225 225 225 224 224 224 224 224 223 223 224 224 224 223 222 221 223 220 218 216 214 214 218 228 235 240 240 236 236 238 242 247 248 248 245 242 247 258 258 246 239 248 246 236 230 229 231 233 230 227 224 230 238 244 254 255 280 295 293 297 314 295 61 141 152 168 185 290 275 271 283
226 226 225 225 225 224 224 224 224 224 224 223 223 223 223 222 222 222 222 222 222 220 220 219 218 217 215 214 211 213 219 226 231 238 242 242 239 238 241 246 247 246 244 246 250 250 248 241 231 235 239 233 225 222 226 230 226 221 221 233 243 253 261 262 276 296 297 294 299 277 255 154 157 156 188 301 279 273 284
225 225 224 224 224 223 223 223 223 223 223 223 222 222 222 221 221 221 221 221 220 219 218 218 217 217 215 213 210 212 218 223 229 235 240 242 242 242 245 247 246 243 241 248 248 239 236 231 224 224 234 229 221 216 218 221 220 218 221 232 243 250 255 258 258 268 289 297 298 287 262 344 274 328 279 294 282 278 287
224 224 223 223 222 222 222 222 222 222 222 222 222 221 221 220 220 220 220 219 219 219 219 218 217 217 216 211 209 211 215 220 228 236 238 237 239 244 246 247 245 240 235 239 243 236 230 226 222 221 229 226 218 212 212 215 217 219 224 234 244 251 255 258 258 260 281 296 291 290 267 274 299 316 295 284 284 285 293
223 223 222 222 222 221 221 221 221 221 221 221 221 221 220 220 219 219 219 219 220 219 220 219 217 213 212 207 204 209 220 228 232 237 238 233 232 238 242 244 241 236 233 236 243 241 234 230 227 223 224 222 215 209 209 211 215 220 228 238 247 253 257 260 260 261 264 287 285 277 259 272 288 299 279 275 287 295 302
222 222 222 221 221 220 220 220 220 220 220 220 220 220 219 219 218 218 219 220 220 221 220 219 215 211 209 205 199 201 215 228 232 234 235 232 231 235 240 241 237 234 236 240 240 233 228 226 226 223 221 218 211 206 205 208 213 221 231 241 250 255 257 259 260 258 257 265 265 268 262 280 277 286 258 273 297 305 309
221 221 221 220 220 219 219 219 219 219 219 219 219 219 218 218 217 218 218 219 220 219 218 216 214 210 208 203 194 193 205 221 229 230 232 233 234 238 242 242 236 234 235 234 229 224 222 222 223 222 218 214 207 201 201 204 211 222 234 243 251 256 258 258 259 258 261 253 252 262 273 259 204 282 242 289 311 313 314
220 220 220 219 219 218 218 218 218 218 218 218 218 217 217 216 216 217 218 218 218 217 216 214 212 209 208 201 192 194 208 223 232 233 232 232 235 239 242 238 233 232 228 222 218 219 218 218 220 218 215 209 203 197 198 204 214 226 236 244 250 256 258 257 258 257 261 260 267 264 258 229 204 327 269 316 319 316 315
219 219 219 218 218 217 217 217 217 217 217 217 217 216 215 215 215 216 216 216 216 216 216 214 211 209 208 204 195 194 206 221 233 235 231 231 233 236 238 234 227 225 224 217 211 212 212 214 215 214 211 207 201 198 200 209 220 231 239 244 248 252 256 257 256 256 260 263 266 266 262 259 263 292 292 314 315 314 314
217 218 217 217 217 216 216 216 216 216 216 216 215 214 214 213 214 214 215 215 215 216 215 214 211 208 208 205 198 191 197 215 229 231 229 230 232 233 233 230 223 220 220 216 207 206 208 209 210 210 209 206 201 200 206 215 225 233 239 243 245 248 252 255 256 255 256 260 265 267 268 269 272 283 292 310 310 310 311
216 216 216 216 216 215 215 215 215 214 214 214 214 213 212 212 212 213 213 214 214 214 214 212 210 207 206 204 199 194 204 219 227 225 224 227 233 234 232 227 220 217 217 214 206 203 205 205 206 207 206 203 201 203 210 219 227 234 239 241 243 245 248 252 255 255 254 257 262 267 272 275 276 285 287 303 305 306 309
215 215 215 215 214 214 214 213 213 213 213 213 212 211 211 210 211 212 212 213 213 213 211 209 209 207 206 203 199 204 219 227 226 223 223 225 229 235 238 231 223 218 215 213 207 202 202 201 202 202 201 199 200 205 213 221 228 234 238 240 241 243 246 250 254 255 254 254 257 264 270 276 279 286 281 296 300 303 308
213 214 214 213 213 213 212 212 212 212 212 211 210 210 209 209 209 210 211 212 212 210 209 207 205 205 206 203 196 199 215 226 227 226 227 227 226 232 240 237 229 222 218 214 209 204 200 195 194 195 196 198 202 209 216 222 228 233 237 239 240 241 244 248 252 254 254 253 254 259 266 274 276 282 275 290 297 301 308
212 212 212 211 211 211 211 210 210 210 210 210 209 208 207 207 208 209 210 211 210 208 207 207 205 204 205 202 194 191 204 220 231 233 233 232 230 232 236 235 230 224 219 215 210 205 200 194 192 195 199 203 208 214 219 224 229 233 236 238 239 240 241 245 249 252 254 253 254 257 262 270 271 277 270 285 295 301 309
210 210 210 210 209 209 209 209 209 209 208 208 207 206 206 206 207 208 208 208 206 205 205 205 203 203 203 202 196 190 196 214 233 239 235 233 235 236 234 230 227 223 218 215 211 207 204 201 201 204 209 212 215 219 222 226 229 232 235 237 237 238 239 242 246 250 252 254 255 257 261 267 267 273 267 282 293 301 310
209 209 208 208 208 207 207 207 207 207 206 206 205 204 204 204 205 206 206 204 203 203 202 201 202 202 201 205 205 194 193 208 228 235 233 233 237 236 235 230 225 221 218 215 212 210 209 209 211 214 217 219 220 222 224 226 229 231 233 235 235 235 236 238 241 245 249 252 254 256 259 263 264 270 266 281 294 303 311
207 207 206 206 206 205 205 205 205 205 204 204 203 203 203 203 203 204 203 202 201 201 200 199 199 203 208 212 223 216 198 202 214 225 230 235 241 239 234 230 225 218 216 215 213 212 212 213 216 219 221 222 223 224 225 226 228 230 232 233 233 233 233 234 236 240 243 247 250 252 255 259 261 268 265 282 296 306 313
205 205 204 204 204 204 203 203 203 203 202 202 201 201 201 201 202 201 200 199 200 198 200 200 196 200 211 211 218 225 205 193 196 209 218 229 240 239 233 228 222 216 214 213 212 212 212 214 217 220 222 223 224 224 225 227 228 230 232 232 232 231 231 231 232 234 237 241 244 247 249 254 257 266 264 285 300 309 316
203 202 202 202 202 202 201 201 201 201 200 200 199 199 200 200 200 199 198 197 197 195 195 194 174 179 208 227 224 229 211 193 193 198 207 228 242 241 234 229 222 215 213 213 212 212 212 214 217 220 222 224 225 225 226 227 228 230 231 232 232 231 230 229 229 230 232 236 239 243 245 250 253 265 265 290 305 313 319
200 200 200 200 200 199 199 199 198 198 198 198 198 198 198 199 198 197 196 195 194 193 191 172 136 160 192 208 222 237 223 200 192 193 203 229 242 241 236 230 223 217 214 214 213 212 212 213 216 219 222 224 225 225 225 226 227 229 230 231 232 231 230 229 228 229 231 234 238 241 244 249 254 267 268 296 310 317 322
198 198 197 197 197 197 197 196 196 195 195 195 196 196 197 197 196 194 194 194 191 190 188 161 152 174 194 203 213 225 221 204 189 189 212 229 235 236 231 226 221 217 215 215 214 213 212 213 215 219 221 223 223 224 223 224 225 226 228 230 231 231 230 229 228 229 230 234 238 242 245 252 259 274 277 302 314 320 325
195 195 195 195 195 195 194 194 193 193 193 193 194 194 194 194 194 192 193 192 191 190 183 161 155 175 205 207 206 212 210 202 185 193 231 230 227 228 225 219 214 213 214 215 214 212 211 212 214 217 219 221 221 221 220 220 221 222 224 226 227 228 228 228 228 229 231 234 238 243 248 257 266 281 287 308 318 323 327
193 192 192 192 192 192 191 190 190 190 190 191 191 191 191 191 191 190 191 191 188 187 182 159 153 184 208 205 204 205 202 193 176 200 230 226 222 222 219 213 209 209 211 213 212 211 210 211 213 216 217 218 218 217 217 217 217 218 219 221 222 223 225 225 226 227 230 233 238 243 251 261 272 287 295 312 321 326 330
190 189 189 189 189 189 188 187 186 186 187 188 188 188 188 188 188 188 189 189 187 184 174 158 157 182 203 201 200 199 194 183 173 209 232 224 217 216 215 211 207 206 208 210 210 209 209 210 212 214 216 216 216 215 214 214 214 214 215 216 217 218 220 222 223 225 228 232 237 244 254 266 279 293 302 317 324 328 332
187 186 186 186 186 185 184 183 182 183 184 184 184 184 185 185 185 185 184 184 187 186 175 164 167 179 191 191 191 190 184 171 164 204 229 223 215 212 212 210 206 205 206 208 209 209 209 210 212 214 215 215 214 213 212 211 211 211 212 212 213 214 215 218 220 223 226 231 238 248 260 274 287 300 308 321 327 331 335
184 183 182 182 182 181 179 179 179 179 180 181 181 181 182 181 181 182 179 175 205 204 187 173 174 180 182 181 181 179 172 165 167 202 219 214 209 209 209 208 206 204 204 206 208 208 208 209 211 213 214 214 213 212 211 210 210 210 209 209 209 210 212 214 218 221 226 233 243 256 270 284 296 306 312 325 330 333 338
180 180 179 178 178 176 175 175 175 176 176 177 177 177 178 178 179 176 152 131 201 225 211 190 182 180 178 175 174 172 170 170 190 203 205 203 202 205 206 205 204 203 203 205 207 207 207 208 210 211 212 212 211 210 209 208 208 208 207 206 206 207 209 213 217 222 229 238 251 267 281 294 302 310 315 328 334 337 342
177 176 175 174 173 172 171 171 171 172 172 172 173 173 173 173 176 163 134 158 201 212 203 195 192 187 177 172 171 171 175 177 195 200 192 192 194 198 200 200 200 199 201 203 205 205 205 206 207 209 209 209 208 207 207 206 206 205 204 203 203 205 208 212 217 224 232 245 260 276 289 299 305 312 318 332 337 341 346
174 173 172 171 170 169 168 167 167 168 168 168 168 168 167 170 167 136 150 193 196 193 188 189 191 188 180 175 175 177 182 191 196 183 175 183 186 190 192 193 193 194 197 200 201 201 201 202 204 205 205 205 204 204 204 203 203 202 201 200 201 203 206 211 217 225 235 248 263 278 290 299 305 313 320 335 341 345 350
171 170 169 168 167 165 165 164 164 164 163 163 163 162 162 170 153 125 178 208 194 183 183 184 186 187 185 183 183 183 186 195 190 170 168 176 181 185 186 186 187 190 194 196 196 196 196 198 199 200 200 200 200 200 200 200 199 199 198 198 199 202 205 210 216 225 235 247 262 277 289 298 305 315 322 338 345 349 355
169 168 166 165 164 162 161 161 161 161 160 159 158 156 159 156 132 138 194 209 192 188 187 186 186 187 188 189 190 192 194 191 183 184 187 180 181 184 184 183 184 187 190 190 190 191 192 193 195 195 196 196 196 196 197 196 196 196 196 197 199 202 205 210 216 225 235 246 260 274 287 297 305 316 326 342 349 354 359
167 166 164 163 161 159 158 159 159 159 157 154 151 151 152 143 132 156 201 204 197 197 194 191 189 189 191 194 195 196 193 185 189 197 201 193 187 186 183 181 181 183 185 185 185 186 188 189 190 191 191 192 192 193 193 193 193 194 195 196 199 202 206 211 217 226 235 246 258 272 285 295 306 321 335 348 354 359 4
166 164 163 161 157 156 155 156 158 158 154 149 148 149 146 139 139 160 208 211 199 199 196 194 192 191 193 195 196 193 189 188 192 197 199 195 190 185 180 177 177 179 180 181 181 183 184 185 186 187 188 188 189 189 190 190 191 192 194 196 199 203 207 212 219 227 235 244 254 268 283 296 311 332 348 356 0 4 9
164 163 161 159 154 154 154 156 157 157 152 147 147 148 144 137 142 149 190 240 216 200 196 195 193 192 193 194 192 189 188 188 189 190 191 189 185 179 174 173 174 175 176 177 178 179 181 182 182 183 184 184 185 186 186 187 189 191 194 197 200 204 208 213 219 226 232 239 248 262 282 302 324 349 4 5 7 10 15
162 161 160 157 152 153 154 156 157 156 152 147 147 150 141 131 127 133 180 229 233 212 199 194 193 191 190 189 187 185 185 184 183 182 182 180 176 171 169 169 170 172 173 174 175 176 177 178 179 180 181 181 182 183 184 185 188 191 194 197 201 204 209 213 218 223 228 234 240 255 286 320 346 9 17 14 14 16 20
160 159 158 155 150 152 153 155 156 157 152 147 150 156 151 133 119 170 197 203 213 207 198 193 190 188 186 183 180 178 179 179 176 176 174 170 166 164 164 165 167 168 169 170 172 173 174 175 176 176 177 178 179 180 181 183 186 189 192 195 198 202 206 210 214 219 223 227 233 248 315 355 10 26 28 21 20 22 26
158 157 155 153 145 149 149 152 154 155 149 144 152 163 159 133 156 186 185 188 192 192 190 189 186 184 182 180 179 177 173 169 168 169 167 163 161 161 162 163 165 166 167 168 169 170 172 173 174 175 176 177 178 179 181 184 186 188 191 193 196 198 202 205 209 212 216 218 220 228 24 23 25 35 35 26 26 27 31
155 154 152 148 137 143 142 143 145 144 132 129 153 178 157 153 187 189 180 181 180 180 182 183 182 181 179 177 176 174 162 157 160 161 160 157 157 158 159 160 161 162 163 164 165 167 168 169 170 171 172 174 175 177 178 180 182 183 184 185 186 188 190 193 195 197 198 196 181 99 52 37 31 37 38 30 31 33 36
151 150 148 144 134 140 136 135 135 119 87 52 13 312 224 191 182 171 167 165 165 168 172 175 177 178 175 170 165 162 155 155 154 155 155 155 156 157 159 159 160 161 162 164 165 166 168 170 171 173 174 176 177 179 181 182 184 185 186 188 191 194 198 201 203 204 202 196 169 101 69 54 46 45 46 36 37 38 41
146 144 142 139 131 133 129 127 119 100 80 62 53 68 197 194 185 179 177 174 174 174 174 173 173 172 170 167 164 163 161 159 158 157 155 155 155 155 155 155 155 156 157 158 159 160 162 163 164 165 166 167 168 169 169 169 169 169 167 166 163 161 157 151 145 137 126 115 103 93 84 76 70 68 64 51 46 45 46
139 136 132 127 123 123 119 113 109 112 120 132 151 175 191 194 190 186 183 180 178 176 174 172 170 169 168 166 165 164 162 161 159 157 156 154 153 153 152 152 152 152 153 154 154 155 156 157 158 159 160 161 161 162 161 161 160 159 157 155 152 148 143 138 132 125 117 109 100 92 85 78 73 68 64 58 53 51 50
132 127 122 114 115 116 117 115 119 129 141 155 169 182 191 192 190 186 183 179 176 173 171 169 167 166 165 164 163 162 160 159 157 155 154 153 152 151 150 150 150 150 151 151 152 153 154 155 156 156 157 158 158 158 158 157 156 154 153 150 146 142 137 132 126 119 112 105 98 91 85 79 74 70 66 62 59 56 55
126 123 119 115 117 120 124 127 132 140 152 167 180 188 190 188 185 183 179 175 172 170 168 166 164 163 162 161 159 158 157 155 154 153 151 150 149 149 148 148 148 149 149 150 150 151 152 153 153 154 155 155 155 154 154 153 152 150 147 144 140 135 130 124 118 111 105 98 92 87 82 77 73 70 67 65 63 61 60
