---
Vertical Velocity & Wind [kt] at 500mb Direction [deg] Valid 1400 NZST ~Z75~(0200Z)~Z~ WED 7 Jan 2026 ~Z75~[98hrFcst@2128z]~Z~
Model= RASP Region= NZ Grid= d2 Reskm= 2.0 Indexs= 1 69 1 69 Proj= lambert 2000 2000 -35.0000 -42.0000 176.0000 -37.7968 175.7263
Day= 2026 1 7 WED ValidLST= 1400 NZST ValidZ= 200 Fcst= 98.0 Init= 94 Param= press500 Direction Unit= cm/sec Mult= 1 Min= 229 Max= 264
241 241 240 241 241 241 242 242 243 242 242 242 242 242 241 241 241 241 241 241 240 240 240 238 238 238 238 237 236 235 234 234 235 235 235 234 235 235 234 233 232 232 231 230 230 230 230 231 231 232 232 233 233 234 235 235 232 235 236 236 237 238 241 243 240 242 243 244 245
241 241 241 241 241 241 242 242 243 242 242 242 242 242 241 241 241 241 241 241 240 241 240 238 237 238 238 237 236 235 234 234 234 234 234 234 234 235 234 234 233 232 232 231 231 230 230 230 231 231 231 232 233 233 234 234 232 235 236 237 238 239 244 246 241 242 243 245 246
241 241 241 241 241 241 242 242 242 242 242 242 242 242 241 241 241 241 241 241 241 241 240 239 238 238 237 236 236 235 234 234 234 234 234 234 234 234 234 234 233 233 232 231 231 230 230 230 230 231 231 232 232 233 234 235 234 236 237 238 239 240 242 243 243 243 244 245 246
241 241 241 241 241 241 242 242 242 242 242 242 242 241 241 241 241 241 241 241 241 241 240 240 239 238 237 237 236 235 235 234 234 234 234 234 234 234 234 234 234 233 232 232 231 230 230 230 230 230 231 232 232 233 234 235 236 238 239 240 241 241 243 243 243 244 244 245 246
241 241 241 241 241 241 241 242 242 242 242 242 241 241 241 241 241 241 241 241 241 240 240 240 239 239 238 237 236 236 235 235 234 234 234 234 234 234 234 234 234 233 233 232 231 231 230 229 229 230 231 232 233 234 235 236 237 239 240 241 241 242 243 244 244 244 245 245 246
242 242 241 241 241 241 241 241 241 241 241 241 241 241 241 241 241 241 241 241 241 241 240 240 240 239 238 237 237 236 235 235 235 234 234 234 234 234 234 234 234 234 233 233 232 231 230 230 230 230 231 232 233 234 235 237 238 239 241 241 242 243 244 244 244 245 246 245 246
242 241 241 241 241 240 241 241 241 241 241 241 241 241 241 240 240 240 241 241 241 241 241 240 240 239 238 238 237 236 236 235 235 235 235 235 234 234 234 234 234 234 233 233 233 232 231 231 230 231 232 232 233 234 236 237 238 240 241 242 243 243 245 246 246 246 247 247 248
241 241 241 241 240 240 240 240 241 241 241 241 241 241 240 240 240 240 241 241 241 241 241 240 240 239 239 238 237 237 236 236 236 235 235 235 234 234 234 234 234 234 234 234 233 233 232 232 231 231 232 233 233 235 236 237 239 240 241 243 243 244 245 246 247 247 247 248 248
241 241 240 240 240 240 240 240 241 241 241 241 241 240 240 240 240 240 241 241 241 241 241 241 240 240 239 239 238 237 237 236 236 236 235 235 235 234 234 235 235 235 235 234 234 234 233 233 232 232 232 233 233 235 236 238 239 240 242 243 244 245 245 246 247 248 248 249 248
241 241 240 240 240 240 240 240 240 240 241 241 241 241 240 240 241 241 241 241 241 242 241 241 241 240 240 239 239 238 237 237 236 236 236 235 235 235 235 235 235 235 235 235 235 235 234 234 233 232 233 233 234 236 237 238 240 241 242 244 245 246 246 247 247 248 247 248 247
240 240 240 240 239 239 240 240 240 240 241 241 241 241 241 241 241 241 241 241 242 242 242 241 241 241 240 240 239 238 238 237 237 236 236 235 235 235 235 236 236 236 236 236 236 236 235 235 234 233 233 234 235 236 237 239 240 242 243 244 245 246 247 247 247 247 247 247 248
240 240 240 239 239 239 239 240 240 240 241 241 241 241 241 241 241 241 241 242 242 242 242 241 241 241 241 240 240 239 238 237 237 236 236 236 235 235 236 236 236 236 236 237 237 237 237 236 235 235 235 235 236 237 238 240 242 243 244 245 246 247 247 247 247 247 247 247 249
240 240 239 239 239 239 239 240 240 241 241 241 242 242 242 242 242 242 242 242 242 242 242 242 241 241 241 241 240 239 238 238 237 236 236 236 236 236 236 236 237 237 237 237 238 238 237 237 237 236 236 236 236 238 239 242 243 244 246 246 247 247 247 247 248 247 248 248 250
240 239 239 239 239 239 239 240 240 241 241 242 242 242 242 242 242 242 242 242 242 242 242 242 242 241 241 241 240 239 238 238 238 237 237 236 236 236 236 236 237 237 237 238 238 238 238 238 238 237 237 237 238 239 241 243 245 246 246 247 247 247 248 248 249 248 248 248 249
240 239 239 239 239 239 240 240 241 241 242 242 242 242 242 242 242 242 242 242 242 242 242 242 242 242 241 241 240 239 239 238 238 238 237 237 237 237 237 237 237 237 238 238 239 239 239 239 239 239 239 239 240 241 243 244 245 246 247 248 248 248 248 249 249 248 248 248 249
240 239 239 239 239 239 240 241 241 242 242 242 242 242 242 242 242 241 241 241 242 242 242 242 242 241 241 241 240 240 240 239 239 239 238 238 237 237 237 237 237 238 238 239 239 239 239 239 240 240 240 241 242 243 244 245 246 247 247 248 249 249 249 249 248 247 248 249 250
240 240 239 239 239 240 240 241 241 241 242 242 242 242 242 242 241 241 241 241 241 242 241 241 241 241 241 241 241 241 240 240 240 240 239 239 238 238 238 238 238 238 239 239 239 239 239 240 240 241 241 242 243 244 246 247 247 247 248 249 249 249 250 249 247 247 248 248 250
241 241 240 240 240 240 240 241 241 241 242 242 243 242 242 241 241 241 241 241 241 241 241 241 241 242 242 242 242 242 241 241 241 241 241 240 240 239 239 239 239 239 239 239 240 240 240 240 241 241 242 243 244 245 247 248 248 248 249 249 249 249 249 248 247 247 248 249 251
241 242 241 240 240 240 241 241 241 242 242 243 243 242 241 241 241 241 241 241 241 241 241 242 242 242 243 243 243 243 243 243 242 242 242 241 241 240 240 240 239 239 239 240 241 241 241 241 241 242 243 243 244 246 247 249 249 249 249 250 250 250 248 247 247 248 249 251 253
240 240 240 240 240 241 241 242 242 242 242 242 242 242 241 241 241 241 241 241 241 241 242 242 243 243 243 243 244 244 244 244 244 243 242 242 242 242 241 241 240 240 240 241 242 242 242 242 242 243 243 244 245 246 247 249 250 250 250 251 251 250 248 247 249 250 252 254 257
240 240 240 240 240 241 241 242 243 243 242 242 242 241 241 241 241 241 241 241 241 242 242 243 243 243 244 244 245 245 245 245 244 243 243 243 244 243 243 242 242 242 242 242 243 243 243 243 244 244 244 245 245 246 247 249 250 251 251 251 252 251 249 249 250 252 255 257 260
240 240 241 240 240 241 241 242 242 242 242 241 241 241 241 241 241 241 241 241 242 242 243 243 244 244 244 244 245 245 245 245 244 244 244 245 245 245 244 244 244 244 243 243 243 244 244 245 245 245 246 246 246 247 247 249 250 251 252 252 251 250 250 251 253 254 257 260 261
240 241 241 240 240 241 241 241 241 241 241 241 241 241 242 242 242 242 242 242 242 243 243 244 244 244 245 244 244 245 245 245 245 245 245 245 246 245 245 245 245 245 245 244 244 244 245 246 246 247 247 247 247 247 248 249 250 252 253 252 251 250 251 253 255 256 259 261 262
241 242 241 240 240 240 241 241 240 240 240 241 242 242 242 242 242 243 243 243 243 243 244 244 244 245 245 245 244 245 245 245 245 245 246 246 246 246 246 246 246 246 245 245 245 245 246 246 247 248 248 248 248 249 249 250 251 252 253 252 252 252 252 254 256 257 260 261 262
241 241 241 240 240 240 240 240 240 240 241 242 242 242 242 243 243 243 243 243 244 244 244 245 245 245 245 245 245 245 246 246 246 246 246 246 247 247 247 246 246 246 246 246 246 246 246 247 248 248 249 249 250 250 250 251 251 252 253 253 253 253 254 255 257 258 260 261 261
240 240 240 240 240 240 240 240 241 241 242 242 242 242 242 243 243 244 244 244 244 245 245 245 245 245 245 245 246 246 247 247 247 247 247 247 247 247 247 247 247 247 247 247 247 247 247 248 248 249 250 250 251 251 250 251 251 252 253 253 254 254 255 256 258 259 259 260 260
240 240 240 240 240 240 240 241 241 242 242 242 242 242 242 243 243 244 244 244 245 245 245 246 246 246 246 246 246 247 248 248 248 248 247 247 247 247 247 248 248 248 248 248 247 247 248 249 249 250 250 251 251 251 250 250 251 252 253 254 255 256 256 257 259 259 259 259 259
240 241 240 240 240 240 241 241 242 242 242 242 242 242 242 243 244 244 244 245 245 246 246 246 246 246 246 247 247 248 248 249 249 248 248 248 248 248 248 248 248 249 248 248 247 248 249 250 250 251 251 250 250 251 251 251 251 253 254 255 257 257 258 259 259 259 258 258 258
240 241 240 240 240 240 241 241 242 242 242 243 243 242 243 243 244 244 245 245 246 246 246 247 247 247 247 248 248 248 248 249 249 249 248 248 248 248 248 248 249 249 248 248 248 249 250 251 251 251 251 251 251 251 252 252 252 253 255 257 258 259 259 259 259 259 258 258 257
240 240 240 240 240 241 241 242 242 243 243 243 243 243 243 243 244 245 245 246 246 246 247 247 247 247 248 248 248 248 248 249 249 249 249 249 249 249 249 248 249 249 249 249 250 251 251 252 251 251 251 251 251 252 252 253 253 254 256 258 259 259 260 260 259 258 258 258 257
239 240 240 240 240 241 242 242 242 243 243 243 243 243 243 244 244 245 245 246 246 247 247 247 248 248 248 248 248 248 248 249 249 249 249 249 249 249 249 249 249 249 250 251 251 252 252 252 251 251 251 252 252 252 253 254 255 256 257 259 260 260 260 260 259 258 257 257 256
239 239 240 240 241 241 242 242 243 243 243 244 244 244 244 244 245 245 246 246 246 247 247 248 248 248 248 248 248 248 249 249 249 249 249 249 249 249 250 250 250 250 251 252 253 253 253 252 252 252 252 252 252 253 253 255 256 257 258 260 261 261 260 259 258 257 257 256 256
239 239 240 240 241 242 242 243 243 243 244 244 244 244 244 245 245 246 246 246 246 247 247 248 248 249 249 249 249 249 249 249 249 249 249 249 249 250 250 251 251 251 251 252 253 253 253 253 253 253 253 253 253 254 255 255 256 258 260 261 262 262 260 258 257 257 256 256 256
239 240 240 241 241 242 242 243 243 244 244 244 244 244 244 245 246 246 246 246 247 247 247 248 249 249 250 250 250 249 249 249 249 249 249 250 250 250 251 251 251 251 251 252 253 254 254 254 254 253 253 253 254 255 256 256 257 259 261 262 262 261 259 258 257 257 256 256 256
239 240 240 241 242 242 243 243 243 244 244 244 244 244 245 245 246 246 247 247 247 247 247 248 249 249 250 250 249 249 249 249 249 249 250 250 250 250 251 251 252 252 251 252 253 254 254 254 253 253 253 254 255 255 256 257 259 262 262 261 260 260 260 259 258 257 257 257 257
240 240 241 241 242 242 243 243 243 244 244 244 244 244 245 246 246 247 247 247 247 247 248 248 249 249 249 249 249 249 249 249 249 250 250 250 250 250 251 251 252 252 252 253 254 254 254 253 253 253 254 255 255 256 257 259 262 262 261 260 259 260 260 259 259 258 258 257 257
240 241 241 242 242 242 243 243 243 244 244 245 245 245 245 246 247 247 247 247 247 248 248 248 248 248 249 249 250 250 250 250 250 250 250 250 250 251 251 251 252 253 253 255 255 255 254 253 253 253 254 255 255 257 259 261 262 261 259 259 259 260 260 260 259 259 259 258 258
240 241 241 242 242 243 243 243 243 244 244 245 245 245 245 246 247 247 247 247 247 248 248 248 248 248 249 249 250 250 250 251 250 250 250 250 251 251 251 251 252 253 255 256 256 255 254 253 253 254 254 255 257 259 261 261 260 259 258 259 259 260 260 260 260 260 259 259 258
241 241 242 242 242 243 243 243 244 244 245 245 245 245 245 246 247 247 247 247 248 248 248 248 248 248 248 249 250 250 251 251 251 251 251 251 251 251 251 251 252 254 256 256 255 254 253 253 253 253 255 257 260 261 260 259 258 258 258 258 259 259 259 260 260 260 260 260 259
241 242 242 243 243 243 243 244 244 244 245 245 246 246 246 246 246 247 247 248 248 248 248 248 248 248 248 249 249 250 251 251 251 252 252 251 251 251 251 252 253 255 256 255 254 254 253 253 254 255 258 261 261 260 258 257 257 257 258 258 258 258 259 259 260 260 260 260 260
242 242 243 243 243 244 244 244 244 245 245 246 246 246 246 246 246 247 248 248 248 248 248 249 249 249 249 249 249 250 251 251 252 252 252 252 252 251 252 252 254 256 256 255 254 254 253 254 256 259 260 260 259 257 256 256 256 257 257 258 258 258 259 259 260 260 260 260 260
242 242 243 244 244 244 244 245 245 245 246 246 246 246 246 246 247 247 248 248 248 248 248 249 249 249 249 249 250 250 251 251 252 252 252 252 252 252 252 253 254 256 255 255 254 254 254 256 259 260 259 258 257 256 256 256 256 257 257 258 258 258 259 259 260 260 260 260 260
242 243 243 244 244 245 245 245 245 245 246 246 246 246 247 247 247 248 248 248 248 248 248 249 249 249 250 250 250 251 251 251 252 252 252 252 252 252 253 254 255 256 255 255 254 254 256 258 259 258 257 256 256 257 257 257 257 257 257 257 258 258 259 259 260 260 260 260 260
243 243 244 244 245 245 245 246 246 246 246 246 246 247 247 247 248 248 248 248 248 248 248 249 249 250 250 251 251 251 251 252 252 252 252 253 253 253 254 255 257 256 255 255 254 255 257 258 258 257 257 257 257 257 257 257 257 257 257 257 258 258 259 259 259 260 260 260 260
244 244 244 245 245 246 246 246 246 246 246 246 247 247 247 248 248 248 248 248 249 249 249 249 249 250 250 251 251 252 252 252 252 252 253 253 253 254 255 257 257 256 255 254 255 256 258 258 258 258 257 257 257 257 257 257 257 257 257 258 258 259 259 259 259 260 260 260 260
244 244 245 245 246 246 246 246 246 246 247 247 247 248 248 248 248 248 248 248 249 249 249 249 250 250 251 251 251 252 252 252 253 253 253 253 254 255 257 258 256 255 255 254 255 257 258 258 258 258 258 257 257 257 257 256 257 257 258 258 258 258 259 259 259 259 260 260 260
245 245 245 246 246 246 247 247 247 247 247 247 247 248 248 248 248 248 248 249 249 249 250 250 250 250 251 251 251 252 252 253 253 253 253 254 255 257 257 256 255 255 254 254 256 258 258 258 258 258 257 257 256 256 256 256 257 257 258 258 258 258 258 258 259 259 260 260 260
245 245 246 246 246 247 247 247 247 248 248 248 248 248 249 249 249 249 249 249 249 250 250 250 250 250 251 251 251 252 253 253 253 253 253 254 256 256 256 255 254 254 254 255 257 258 258 257 257 257 257 256 256 256 256 256 257 258 258 258 257 257 258 258 259 259 260 260 260
245 246 246 246 247 247 247 247 248 248 248 249 249 249 249 249 249 249 249 249 250 250 251 250 250 250 251 251 252 253 253 253 253 253 253 254 255 255 254 254 254 254 254 256 257 257 257 256 257 257 257 257 256 256 256 257 258 258 258 258 257 258 258 259 259 259 260 260 260
246 246 247 247 247 247 248 248 248 249 249 249 249 249 250 250 250 250 250 250 250 250 250 250 250 250 251 252 252 253 253 253 253 253 254 254 254 254 254 254 254 254 254 256 257 256 256 256 257 257 257 257 256 256 257 258 258 258 258 258 258 258 259 259 260 260 260 260 261
246 247 247 247 247 248 248 248 249 249 249 249 249 250 251 251 250 250 250 250 250 250 250 250 250 251 251 252 252 252 253 253 253 254 255 255 254 254 254 254 254 254 254 256 256 256 256 257 257 257 257 256 256 257 257 258 258 258 258 258 258 258 259 259 260 260 260 261 261
247 247 247 247 248 248 248 249 249 249 250 250 250 251 251 251 251 250 249 249 249 250 250 250 251 251 252 252 252 252 253 253 254 255 256 255 254 254 254 254 254 254 254 255 256 256 257 257 257 257 256 256 256 257 258 258 258 258 258 258 258 259 259 259 259 260 260 261 261
247 247 247 248 248 248 249 249 249 250 250 250 251 251 252 251 251 250 249 249 249 250 250 250 251 251 252 252 252 253 253 254 255 255 255 254 254 254 254 254 254 254 254 255 256 257 257 257 256 256 256 256 257 258 258 258 258 258 258 259 259 259 259 259 259 260 260 260 261
247 247 247 248 248 249 249 249 249 250 250 251 251 251 251 251 250 250 250 249 249 250 250 250 251 251 252 252 253 253 254 254 254 254 253 253 254 255 255 255 254 254 253 254 256 257 257 256 256 256 257 257 258 259 259 259 258 258 259 259 259 259 259 259 259 259 260 260 261
247 247 248 248 249 249 249 250 250 250 251 251 251 251 250 250 251 251 251 251 250 250 250 250 251 251 252 253 253 253 254 254 254 254 254 254 255 255 255 255 255 254 254 255 258 258 257 256 256 257 258 258 259 259 259 258 258 259 259 259 259 258 258 258 259 259 260 260 261
248 248 248 249 249 249 250 250 250 251 251 251 251 250 250 251 251 251 251 251 250 250 250 251 251 251 252 253 253 253 254 254 254 254 255 255 255 255 255 255 255 254 255 257 259 258 257 256 257 258 258 259 259 258 258 258 258 258 259 259 259 258 258 258 259 259 260 260 261
248 248 249 249 249 250 250 250 251 251 251 251 251 251 251 251 252 252 252 251 251 251 251 251 251 251 252 253 253 253 254 254 254 255 255 255 255 255 255 255 255 255 257 259 259 258 257 256 257 258 258 259 258 258 258 258 258 258 259 259 259 258 259 259 259 260 260 260 261
248 249 249 249 250 250 250 251 251 251 251 251 251 251 252 252 252 252 252 251 251 251 251 251 251 251 252 253 253 253 254 254 254 255 255 255 255 255 255 255 255 256 258 259 259 257 257 257 258 258 259 259 258 258 258 258 258 259 259 259 259 259 259 259 259 260 260 261 261
249 249 249 250 250 250 251 251 251 251 252 251 251 252 252 252 252 252 252 252 252 252 251 251 251 252 252 253 253 254 254 254 255 255 255 255 255 255 255 254 255 257 259 259 258 257 257 258 258 259 259 259 259 258 258 258 259 259 259 259 259 259 260 260 260 260 261 261 261
249 249 250 250 250 251 251 251 252 252 252 252 252 252 252 253 253 252 252 252 252 252 252 252 252 252 253 253 254 254 254 255 255 255 255 255 254 254 254 254 256 258 258 257 257 258 258 258 259 259 260 259 259 258 258 259 259 259 260 260 260 260 260 260 261 261 261 262 262
250 250 250 251 251 251 251 252 252 252 252 252 252 252 253 253 253 253 252 252 253 253 253 253 253 253 254 254 254 255 255 255 255 255 255 255 255 254 254 255 257 258 258 257 258 258 258 258 259 259 260 259 259 259 259 259 259 259 260 260 260 261 261 261 261 262 262 262 262
251 251 251 251 251 252 252 252 252 252 252 252 252 253 253 253 253 253 253 253 253 253 253 253 254 254 254 255 255 255 255 255 256 256 256 256 255 255 254 256 257 258 257 258 258 259 259 259 259 260 260 260 260 259 259 259 259 260 260 260 260 261 261 262 262 262 262 262 263
252 252 252 252 252 252 252 252 253 253 253 253 253 253 253 253 253 253 253 253 253 253 254 254 254 255 255 255 255 255 256 256 256 256 256 256 256 255 256 257 258 257 257 258 259 259 259 259 259 260 260 260 260 260 260 260 260 260 260 260 261 261 262 262 262 262 262 263 263
252 252 252 252 252 253 253 253 253 253 253 253 253 253 253 253 253 253 253 254 254 254 254 254 255 255 255 255 255 255 256 256 256 256 256 256 256 256 257 257 257 257 258 259 260 260 260 260 260 260 260 261 261 261 261 261 261 261 261 261 261 262 262 262 263 263 263 263 263
253 253 253 253 253 253 253 253 253 253 254 254 254 253 253 254 254 254 254 254 254 254 255 255 255 255 255 255 256 256 256 256 256 256 256 256 256 257 257 257 257 258 259 260 260 261 261 261 260 260 260 261 261 261 261 261 261 262 262 262 262 262 262 263 263 263 263 263 263
253 253 253 253 254 254 254 254 254 254 254 254 254 253 254 254 254 254 254 254 254 255 255 255 255 256 256 256 256 256 256 256 256 256 256 256 256 257 257 257 258 259 260 261 261 262 262 261 261 261 261 261 261 261 262 262 262 262 262 262 262 263 263 263 263 263 263 263 263
253 254 254 254 254 254 254 254 254 254 253 253 253 254 254 254 254 254 254 254 255 255 256 256 256 256 256 257 257 257 257 256 256 256 256 256 257 258 258 258 259 260 260 261 262 262 262 262 261 261 261 261 261 262 262 262 263 263 263 263 263 263 263 263 263 263 263 263 264
254 254 253 255 255 254 254 254 254 254 254 254 254 254 255 254 254 254 254 255 256 258 257 256 257 257 257 257 258 258 258 255 253 253 255 256 257 258 258 258 260 259 260 261 262 263 262 262 262 262 262 262 262 262 263 263 263 263 263 263 263 263 263 263 263 263 263 264 264
254 254 254 255 255 255 254 254 254 254 254 254 254 254 255 255 255 255 255 256 257 258 257 257 258 258 258 258 258 258 258 256 254 254 256 257 258 258 258 259 260 260 261 262 263 263 263 262 262 262 262 262 263 263 263 263 263 263 263 264 264 264 264 264 264 264 264 264 264
