---
Vertical Velocity & Wind [kt] at 500mb Direction [deg] Valid 1500 NZST ~Z75~(0300Z)~Z~ WED 7 Jan 2026 ~Z75~[99hrFcst@2128z]~Z~
Model= RASP Region= NZ Grid= d1 Reskm= 6.0 Indexs= 1 79 1 99 Proj= lambert 6000 6000 -35.0000 -42.0000 176.0000 -38.5000 176.0000
Day= 2026 1 7 WED ValidLST= 1500 NZST ValidZ= 300 Fcst= 99.0 Init= 94 Param= press500 Direction Unit= cm/sec Mult= 1 Min= 231 Max= 291
242 243 244 244 245 248 251 253 253 253 250 250 250 250 247 245 244 244 244 245 247 249 253 259 266 272 278 284 289 290 286 284 284 286 286 285 284 283 283 282 280 281 281 281 281 281 280 279 278 277 276 275 274 273 271 269 267 265 264 264 263 262 262 261 262 263 264 264 263 261 260 260 262 265 267 269 271 273 274
243 243 243 243 245 248 252 254 254 253 250 251 253 253 250 247 246 246 247 248 250 252 256 261 267 273 278 284 289 291 284 279 279 281 283 284 283 283 283 281 279 279 280 280 280 280 279 278 277 276 275 274 273 272 270 268 266 264 263 262 261 261 261 261 261 262 264 265 264 262 261 260 262 264 266 268 270 272 273
243 243 243 245 246 249 251 253 254 253 252 252 253 253 252 250 250 249 250 251 253 256 260 265 270 275 280 284 288 289 286 282 281 281 282 282 282 282 282 281 280 280 280 280 280 279 278 277 276 274 273 272 271 270 269 267 265 263 262 261 260 259 259 260 261 262 263 264 264 263 262 261 262 264 266 267 269 271 273
243 243 244 246 247 248 249 251 251 252 251 252 253 254 254 254 254 255 257 259 261 264 267 270 273 276 280 283 285 286 286 283 281 280 280 280 280 281 282 281 281 280 280 280 280 279 277 276 274 273 272 271 270 269 268 267 265 263 262 260 259 258 258 259 259 260 261 262 263 263 263 263 264 266 268 268 269 271 273
243 243 245 247 247 248 249 251 252 253 253 254 256 257 259 260 261 262 264 266 268 269 271 272 273 275 277 279 281 282 282 282 281 279 278 279 279 279 280 280 280 280 280 280 280 279 277 275 273 272 271 270 269 268 267 266 265 264 262 260 259 258 257 257 258 258 259 260 261 262 263 264 266 268 270 269 269 270 273
243 243 245 247 248 249 250 252 254 255 256 258 260 261 263 264 265 266 267 268 269 270 271 271 272 273 275 276 278 279 280 280 280 278 278 279 279 279 279 279 279 280 280 280 280 279 277 275 273 272 270 268 267 266 265 265 264 262 261 260 258 257 256 256 256 256 257 258 260 261 263 265 268 269 272 270 269 271 273
243 243 245 247 248 249 251 253 255 257 258 260 261 263 265 266 267 268 268 269 269 270 270 271 272 273 274 275 276 277 277 277 278 277 277 277 277 278 278 278 278 279 279 279 280 279 277 276 273 271 268 266 266 265 264 263 262 261 260 259 257 256 255 254 254 255 255 257 258 260 262 265 268 270 273 271 270 271 273
243 243 245 247 248 249 251 253 255 258 259 261 263 264 266 267 268 269 269 270 270 270 271 271 272 273 273 274 275 275 275 275 276 276 276 275 276 276 277 277 277 278 278 277 278 278 278 276 274 270 267 265 265 264 263 262 260 259 258 257 256 255 254 253 253 253 254 255 257 259 262 265 269 271 274 271 270 271 273
243 244 245 247 248 250 251 253 256 258 260 262 263 265 267 268 269 269 270 270 270 271 271 272 272 273 274 274 275 274 273 273 274 276 276 275 275 275 275 275 276 277 277 277 276 277 278 278 275 270 266 265 264 263 262 260 259 258 256 255 255 254 254 253 252 252 253 254 256 258 262 265 269 271 273 271 270 271 273
243 244 246 247 249 250 251 254 256 259 261 262 264 265 267 268 269 269 270 270 270 271 271 272 272 273 274 275 275 274 273 271 271 273 276 275 274 273 273 273 274 276 278 278 276 275 277 278 274 270 267 265 264 263 261 259 258 256 255 254 254 254 254 253 252 251 252 253 256 258 262 265 268 271 272 270 270 271 272
244 245 246 248 249 250 252 254 256 259 260 262 263 265 266 267 268 268 269 269 270 270 271 271 272 273 274 274 274 273 272 271 269 269 273 276 275 273 271 270 271 273 275 276 275 272 274 276 273 269 266 265 264 262 260 258 257 255 254 253 253 254 254 253 252 251 251 253 256 259 262 266 269 270 270 269 269 270 272
244 245 246 248 249 250 252 254 256 258 260 261 262 263 264 265 266 267 268 269 269 269 270 270 271 272 273 273 273 272 271 270 268 267 269 274 276 275 272 269 267 267 270 272 273 271 271 272 270 267 266 265 264 261 259 258 256 255 254 253 253 253 254 253 251 251 251 254 256 260 264 267 269 269 269 268 268 270 271
245 246 247 248 250 251 252 254 256 258 259 259 260 261 262 263 264 265 266 267 268 269 269 269 270 270 271 271 271 271 270 269 268 267 266 270 274 276 275 272 267 263 265 270 272 272 270 269 267 266 265 264 262 260 258 257 255 254 253 252 253 253 254 253 251 251 252 255 258 261 265 267 268 268 267 267 267 268 270
246 247 248 249 250 252 253 254 256 257 258 259 259 260 261 262 263 263 265 266 267 267 268 268 268 269 269 269 269 269 269 269 269 268 266 265 269 274 275 275 271 266 265 268 272 272 270 267 265 264 264 262 261 259 257 256 255 254 253 253 253 254 253 252 251 251 253 256 259 263 265 267 267 267 266 265 266 267 268
247 248 248 249 251 252 254 255 256 257 258 259 260 261 262 262 262 262 263 264 265 266 266 266 266 267 267 267 267 267 267 268 269 270 267 264 263 267 272 275 274 271 267 266 269 270 269 266 264 263 262 261 259 258 257 255 255 254 254 253 254 254 253 252 251 252 254 257 260 263 265 265 265 265 265 264 264 265 266
248 249 249 250 252 253 254 255 256 258 259 260 262 263 264 264 263 263 263 263 264 264 265 265 265 264 264 265 265 265 266 267 269 270 269 266 261 261 265 270 273 272 269 266 266 267 266 265 264 262 261 260 259 258 256 255 255 254 254 254 254 254 253 252 251 252 255 258 261 263 263 264 264 264 263 263 263 263 264
248 249 250 251 253 254 255 256 257 258 260 261 263 265 266 265 264 263 263 263 263 263 263 263 263 263 263 263 263 264 265 267 268 269 269 267 264 260 259 264 268 270 269 266 264 263 262 263 263 262 260 259 258 257 256 255 254 254 254 254 254 254 253 252 252 253 256 258 260 261 262 262 262 262 262 261 261 261 262
249 250 251 252 253 255 256 257 258 259 261 263 265 266 267 267 266 264 263 262 262 262 262 262 261 261 261 261 262 263 264 266 266 266 267 268 267 263 258 258 263 267 268 266 262 260 260 260 262 262 260 258 257 257 256 255 254 254 254 254 254 253 253 252 253 254 256 258 259 259 260 260 261 261 261 260 260 260 261
250 251 251 252 254 256 257 258 259 260 262 264 265 267 268 268 266 265 263 263 262 262 261 261 260 259 260 260 261 263 264 264 264 265 265 266 267 266 262 256 258 263 267 265 261 259 258 259 261 261 259 257 257 257 256 255 254 254 254 254 253 253 253 253 254 255 256 257 257 258 258 259 259 259 260 259 258 259 259
250 251 251 252 254 256 258 259 260 261 262 264 266 268 268 268 266 265 264 263 262 261 260 259 258 258 259 260 261 262 262 263 263 264 264 264 266 267 265 259 256 260 264 263 260 258 257 257 259 260 258 256 256 256 256 256 254 254 254 254 254 254 254 254 254 255 255 255 256 256 256 257 258 258 260 258 257 258 258
250 251 251 252 254 256 258 259 260 261 263 264 266 268 269 268 266 265 264 263 261 260 259 258 257 258 258 259 260 260 260 261 262 263 263 263 264 266 265 262 257 258 262 260 259 258 257 256 257 258 258 256 255 256 256 255 254 254 254 255 255 255 255 254 254 254 255 254 254 254 255 255 257 257 259 258 256 257 258
251 251 251 251 254 256 258 259 260 262 263 264 266 268 268 268 266 265 264 262 260 258 257 257 257 258 258 258 258 258 258 259 260 262 263 262 261 263 264 262 259 258 260 258 258 257 257 256 256 257 259 257 256 255 255 254 253 254 254 255 255 255 254 254 254 254 254 254 253 253 254 254 256 256 258 257 256 256 257
251 251 251 251 253 256 258 259 260 262 263 265 266 267 268 267 266 265 263 261 259 257 256 256 257 257 257 256 256 257 257 257 258 260 262 262 261 261 261 262 260 259 260 258 257 257 257 256 256 258 258 257 256 255 254 253 253 253 254 254 254 254 254 254 255 254 254 253 253 253 253 254 255 255 258 256 255 256 257
250 251 250 250 252 255 257 258 260 261 263 265 266 267 267 267 266 265 262 259 257 256 256 256 256 256 256 255 254 255 256 257 256 257 260 262 261 260 260 260 260 260 260 260 258 257 257 257 258 259 257 255 255 254 253 253 253 253 253 253 253 253 254 255 255 255 254 253 253 252 253 253 254 255 257 256 255 256 256
250 250 250 250 252 254 256 258 259 261 263 264 265 266 267 267 265 263 260 258 257 257 257 256 255 254 254 254 254 254 255 256 256 256 258 260 262 261 260 259 259 259 260 260 259 257 257 259 259 256 254 254 254 254 254 253 253 252 252 252 252 253 254 254 255 254 253 253 252 252 252 253 254 255 257 256 255 256 256
250 250 249 249 251 253 255 257 258 260 262 263 265 266 266 266 263 261 258 258 258 258 257 255 254 253 253 253 253 253 254 255 256 257 257 259 261 261 260 258 257 257 259 261 260 257 258 260 257 254 254 255 254 254 254 254 254 252 252 251 252 252 253 254 254 253 252 252 252 252 252 253 254 255 257 256 255 256 256
250 249 249 248 250 252 254 256 257 259 261 262 264 265 265 264 261 259 258 259 259 258 256 254 253 252 252 253 253 253 253 254 256 257 257 257 259 260 260 258 255 254 256 260 259 257 258 258 255 255 256 255 253 254 254 254 253 252 252 252 252 252 253 253 253 252 252 251 251 252 252 253 254 255 257 256 255 256 256
249 249 249 248 249 251 253 255 256 258 259 261 263 264 263 262 260 259 260 260 259 257 255 253 252 251 252 254 254 253 253 254 255 257 257 257 258 260 260 257 254 252 254 258 257 257 258 255 254 254 255 254 253 253 253 253 252 251 251 251 252 252 252 253 252 252 252 251 251 252 252 253 254 255 257 256 255 256 256
249 249 249 248 249 250 252 254 255 257 258 260 261 261 261 261 261 261 262 261 258 255 253 252 252 251 252 253 254 253 253 254 255 256 257 257 257 258 258 256 253 251 251 255 257 256 257 255 253 253 253 254 254 254 253 252 251 251 251 251 251 252 252 253 253 252 252 252 252 252 252 253 254 255 257 256 256 256 256
249 249 249 248 248 250 251 253 254 256 257 258 259 260 260 261 262 262 262 259 256 253 253 253 252 252 252 252 253 254 254 254 255 256 257 257 257 257 257 255 253 249 249 252 255 255 257 256 253 252 253 254 254 254 253 253 252 252 252 251 251 252 252 253 253 253 252 252 252 252 253 253 254 255 257 257 256 256 256
249 249 248 248 248 249 251 252 254 255 256 257 258 259 260 261 263 262 260 257 254 253 253 254 254 253 251 252 254 255 255 255 255 255 256 256 256 255 255 254 252 249 247 249 253 254 254 253 251 251 253 254 255 254 254 254 254 253 253 253 253 252 252 253 253 253 253 253 253 253 253 254 255 255 257 257 256 256 257
249 249 248 248 248 249 250 251 253 254 255 256 257 259 261 262 262 260 257 255 254 254 254 255 255 254 252 252 253 255 256 256 255 255 255 255 254 254 254 253 252 249 246 247 251 253 253 252 251 251 253 254 255 255 255 254 254 254 255 255 255 254 253 253 252 252 252 253 253 254 255 255 256 256 257 256 256 256 257
249 249 248 248 248 248 249 251 252 253 254 255 257 260 262 261 259 257 255 254 254 254 255 255 255 254 252 251 251 253 254 255 255 254 254 254 253 253 253 253 251 249 247 247 250 253 253 253 253 252 252 253 254 255 256 255 254 254 254 255 256 255 254 253 252 252 252 253 255 256 257 257 258 257 258 257 256 256 257
249 249 248 248 248 248 249 250 251 252 253 255 258 261 260 257 255 254 254 254 254 254 254 254 254 253 252 250 250 250 252 253 254 254 254 253 251 252 252 252 251 249 248 248 250 253 255 256 256 254 252 252 254 255 256 256 255 254 254 254 255 255 254 253 253 253 254 256 258 259 260 259 259 258 259 257 256 257 258
248 249 248 248 248 248 249 249 250 251 253 255 257 258 255 254 253 254 255 255 255 254 254 253 253 252 251 250 249 249 250 252 253 254 253 252 251 251 251 251 251 249 249 250 251 253 255 257 256 255 253 253 255 256 256 256 255 254 254 254 254 254 253 253 253 254 257 260 262 262 261 260 260 259 260 258 257 258 259
248 249 248 248 248 248 248 249 250 251 252 254 255 253 253 253 254 255 255 254 254 253 252 252 251 251 251 250 249 248 249 250 251 251 252 251 250 250 250 251 251 250 249 250 250 252 254 256 255 256 255 255 256 256 257 256 255 254 254 254 254 253 253 252 253 255 259 263 263 263 262 261 261 260 262 260 258 258 259
248 248 248 248 248 248 248 249 250 251 252 253 252 251 253 254 254 254 254 253 252 252 251 250 251 251 251 250 249 249 248 248 249 250 251 251 249 248 249 250 251 251 250 249 248 250 254 257 257 258 258 257 257 257 257 257 256 255 256 256 256 255 254 254 255 256 260 262 262 262 261 261 262 262 263 261 260 259 260
248 248 248 248 248 248 248 249 250 251 252 252 250 251 253 254 253 252 252 252 252 251 251 250 250 251 252 251 250 249 248 248 248 249 250 250 248 248 248 250 250 250 250 249 250 251 255 257 258 260 262 262 259 258 258 258 258 258 258 258 258 258 257 257 258 259 260 261 261 261 262 262 263 263 265 263 261 260 261
248 248 248 248 248 248 249 249 250 251 252 252 250 250 252 253 252 251 251 251 252 251 250 250 251 252 252 252 250 249 248 247 247 248 248 249 248 247 248 249 249 250 250 250 251 252 255 256 257 259 267 269 266 263 261 261 260 261 261 261 261 260 260 260 261 261 261 261 261 261 262 263 264 264 266 264 262 261 261
248 248 248 248 248 248 249 249 250 251 252 251 250 250 251 253 253 251 250 251 251 251 251 251 251 252 252 251 250 249 248 247 246 246 247 248 248 247 246 247 249 249 249 250 250 250 252 254 255 256 264 269 268 265 263 262 262 263 264 264 263 264 265 265 264 263 261 260 260 261 262 262 264 265 267 265 263 262 262
248 248 249 248 248 249 249 249 250 251 252 251 250 249 251 253 253 251 250 250 250 251 251 251 251 251 250 250 249 248 247 246 246 246 247 248 247 246 245 246 248 248 248 249 250 249 249 251 254 255 260 266 265 263 262 262 263 264 266 266 266 266 267 266 264 261 260 259 260 261 262 263 265 265 268 266 263 263 263
248 248 248 249 249 249 249 250 250 251 252 251 250 249 250 252 253 252 250 249 250 251 251 251 250 250 249 249 249 248 247 246 245 246 246 247 247 246 245 245 246 248 249 249 248 248 249 250 251 253 258 268 271 267 264 265 266 265 265 266 267 268 267 265 261 259 259 260 261 262 263 265 267 268 270 267 264 263 264
248 248 248 249 249 249 249 250 250 251 251 251 250 249 249 251 252 252 250 248 249 250 250 250 250 249 249 249 249 248 246 245 244 245 246 247 247 246 245 244 244 246 248 249 249 248 249 249 249 249 249 258 268 270 267 264 263 263 261 265 268 269 266 262 260 259 260 261 263 265 267 269 270 270 272 268 264 264 264
247 248 248 248 249 249 249 250 250 251 251 251 250 249 249 250 252 252 250 248 248 249 249 249 249 249 249 249 249 247 246 244 243 244 245 246 246 246 244 243 242 243 245 247 248 249 249 249 249 250 249 249 255 263 265 261 257 260 260 261 265 267 264 261 261 262 263 263 264 266 269 270 272 271 272 269 265 264 265
247 248 248 248 249 249 249 250 250 251 251 251 250 249 248 249 251 251 250 248 248 248 249 248 248 248 248 248 248 247 245 244 242 242 243 244 245 245 244 242 240 241 243 244 246 247 249 250 251 251 252 252 254 259 262 260 257 261 263 263 264 266 265 264 265 265 265 263 263 264 267 270 272 271 272 269 265 264 265
247 247 248 248 249 249 249 249 250 250 251 251 251 249 249 249 250 251 250 248 248 248 248 248 248 248 248 247 247 246 245 244 242 241 242 243 244 244 242 240 239 239 241 242 244 245 247 250 252 252 252 253 254 256 259 260 256 256 263 266 268 270 271 270 268 265 264 264 262 263 266 269 270 270 271 268 265 264 265
246 247 247 248 248 249 249 249 250 250 251 251 251 250 249 249 250 250 249 248 247 247 247 247 247 247 247 246 246 246 245 243 241 240 241 242 242 242 241 239 237 237 239 241 242 244 247 250 251 251 250 251 253 254 256 259 257 252 253 263 270 274 274 274 271 266 265 266 264 264 266 268 269 269 270 268 265 264 264
246 247 247 248 248 248 249 249 249 250 250 251 250 250 249 249 249 249 249 248 247 246 246 247 247 247 246 245 245 244 244 243 241 240 240 241 241 240 239 238 237 236 238 239 241 244 247 249 250 250 250 251 253 253 255 257 258 257 250 254 267 272 271 272 271 269 269 270 269 268 268 268 268 268 269 267 265 264 264
246 246 247 247 248 248 248 248 249 249 250 250 250 250 249 248 249 249 248 247 246 245 246 246 246 245 244 244 243 243 243 241 240 239 240 241 240 238 238 237 236 236 236 238 240 243 246 248 249 250 251 252 253 254 256 258 259 259 256 250 252 264 270 270 269 270 270 271 271 269 268 268 268 267 268 267 265 264 263
245 246 246 247 247 248 248 248 248 249 249 250 250 249 249 248 248 248 248 247 245 245 245 245 244 244 243 243 242 242 242 240 239 238 240 241 239 237 236 236 236 236 236 237 238 240 243 246 247 249 252 252 254 256 260 261 262 262 261 259 252 254 263 267 268 269 269 270 270 268 268 269 268 267 266 266 265 264 263
245 245 246 246 247 247 247 247 248 248 248 249 249 249 248 248 248 248 247 246 245 244 243 243 243 243 243 243 242 242 241 240 238 237 239 240 239 237 235 235 236 236 236 236 237 239 241 244 246 248 248 247 254 261 263 265 267 268 268 267 264 260 263 268 272 271 268 267 269 269 270 270 270 268 267 266 265 263 263
244 245 245 246 246 246 247 247 247 247 248 248 248 248 248 248 247 247 247 246 244 243 242 242 242 243 243 243 242 241 241 240 237 236 238 240 240 237 235 234 234 236 235 234 235 236 239 243 246 249 250 249 261 269 269 270 270 268 267 267 262 260 260 266 272 271 268 266 269 270 268 267 268 267 268 267 265 263 262
243 244 244 245 245 246 246 246 246 247 247 247 247 247 247 247 247 247 246 245 244 242 242 242 243 243 243 242 241 241 241 240 238 237 237 239 240 238 235 234 234 235 236 236 235 236 238 241 243 247 252 258 270 273 270 270 268 263 259 258 256 256 256 259 264 269 269 270 269 269 266 265 266 267 269 268 265 263 262
243 243 244 244 245 245 245 246 246 246 246 246 246 247 247 247 247 246 246 245 243 242 242 243 243 242 242 241 241 240 240 240 239 238 238 239 239 238 236 234 234 235 236 237 237 238 239 241 244 246 251 262 268 266 264 263 261 258 255 253 254 253 256 256 256 264 266 271 268 267 265 265 266 267 270 268 265 263 262
242 243 243 244 244 244 245 245 245 245 245 245 245 246 246 247 247 246 245 244 243 243 242 243 242 241 241 241 241 241 241 241 241 240 239 239 239 238 236 235 234 235 236 238 239 241 241 243 247 251 255 259 259 256 254 254 255 256 257 255 255 252 251 253 255 260 260 263 264 265 265 265 266 267 269 267 265 263 261
242 242 242 243 243 243 244 244 244 244 244 244 244 245 246 246 246 246 245 244 243 242 241 241 241 241 241 241 241 241 242 242 241 240 239 238 238 237 237 236 235 235 236 238 240 241 242 244 250 257 258 256 253 253 253 254 256 258 260 260 259 257 253 252 253 257 259 258 262 264 264 264 265 267 268 267 265 263 261
241 241 242 242 243 243 243 243 243 243 243 243 243 244 245 246 246 246 245 244 242 241 240 240 240 240 241 241 241 241 241 241 241 241 240 239 238 237 237 236 236 236 237 239 241 243 243 246 251 254 254 253 253 255 255 256 258 260 261 261 260 259 257 254 253 255 258 259 260 261 262 264 266 268 268 267 266 263 261
240 241 241 242 242 242 242 242 242 242 242 242 242 243 244 245 245 245 244 243 242 240 240 240 241 241 241 240 240 239 240 240 241 241 241 240 239 238 238 237 237 238 240 241 242 242 244 249 250 251 251 253 255 255 256 258 260 261 261 261 260 259 258 256 254 253 256 258 258 259 261 263 266 267 268 267 265 263 260
240 240 241 241 241 241 241 241 241 241 241 241 241 242 243 244 244 244 244 243 241 240 240 239 240 240 239 238 238 238 239 240 241 242 242 241 241 240 239 239 240 241 243 243 243 243 248 251 252 252 253 254 255 256 257 259 260 261 261 260 260 259 258 257 255 254 254 256 257 259 262 262 263 265 266 265 264 263 260
240 240 240 241 240 240 240 240 240 241 241 240 241 241 242 243 243 243 243 242 241 240 239 239 239 238 237 237 237 238 240 241 241 242 242 242 242 242 241 241 243 244 245 246 246 248 251 252 253 253 254 255 256 257 259 260 260 260 260 260 260 259 258 257 255 254 254 254 256 257 258 259 260 264 264 263 263 262 259
239 239 240 240 240 239 239 239 239 240 240 240 240 240 241 242 242 242 242 241 240 239 239 238 237 237 237 237 238 238 240 241 242 242 242 242 243 243 243 243 245 246 247 247 248 251 252 253 254 254 254 255 257 259 260 260 260 260 260 260 260 259 258 257 256 255 254 254 255 255 255 256 258 260 260 261 261 260 259
239 239 239 240 239 239 238 238 238 239 239 239 240 240 241 241 241 241 241 240 239 238 238 237 237 237 238 238 238 239 240 241 242 242 242 243 243 244 244 246 247 247 247 248 251 252 252 253 254 254 255 256 257 258 259 259 259 259 259 259 259 258 258 257 256 255 254 254 255 255 254 253 256 257 256 258 259 259 258
239 239 239 239 239 238 237 237 237 238 238 239 239 240 240 240 240 240 240 239 238 237 237 237 237 238 239 238 238 239 240 242 243 243 243 244 245 245 246 247 247 247 249 251 252 251 250 251 253 255 255 255 256 256 257 259 259 259 259 258 258 258 257 257 256 255 255 254 254 254 253 251 253 254 254 257 258 258 258
238 238 238 238 238 237 237 237 237 237 238 238 239 239 240 240 240 239 238 238 237 237 237 237 238 238 238 238 238 239 240 242 243 244 244 245 246 247 247 247 247 248 251 253 251 249 248 250 253 255 256 255 255 256 257 258 259 259 259 258 258 258 257 256 256 255 255 254 253 253 253 251 251 253 254 256 256 257 257
238 238 238 238 237 237 236 236 236 237 237 238 238 239 239 239 239 238 237 237 237 237 237 237 238 238 239 239 239 240 241 243 244 245 245 246 246 247 248 247 248 250 252 252 251 250 249 250 252 254 255 255 256 256 257 257 258 258 259 259 258 258 257 256 255 255 255 254 253 253 253 252 251 252 253 254 255 256 256
237 237 237 237 237 236 236 236 236 236 237 237 238 239 239 239 238 237 237 237 237 237 237 237 239 239 239 240 240 242 243 244 245 245 246 246 246 248 248 248 249 250 251 251 252 252 251 250 251 253 254 255 256 257 257 257 258 258 258 258 258 258 257 256 255 255 255 254 253 252 252 253 252 252 252 253 254 255 256
237 237 237 237 236 236 235 236 236 236 237 237 238 238 238 238 237 237 236 236 237 237 238 239 239 240 240 241 242 243 244 245 245 246 246 246 247 248 248 248 249 250 251 252 252 253 252 251 251 252 254 255 256 256 257 257 257 257 258 258 258 258 257 257 256 255 255 254 254 252 251 252 252 252 252 252 253 254 255
236 236 236 236 236 235 235 235 236 236 236 237 237 238 238 238 237 236 236 237 237 238 239 239 240 241 241 242 243 244 245 246 246 246 246 246 246 246 247 248 249 250 251 252 253 253 253 252 252 253 254 255 255 256 256 256 256 257 258 258 258 258 257 257 257 256 256 255 255 253 251 250 251 251 252 253 253 254 255
235 235 235 235 235 235 235 235 235 236 236 237 237 237 237 237 237 236 236 237 238 238 239 240 240 241 242 243 244 244 245 245 246 246 246 246 246 246 246 248 249 250 252 253 254 255 255 254 254 254 254 255 255 255 256 256 257 257 258 258 258 258 257 257 257 257 257 256 255 254 252 250 249 250 251 253 254 254 255
235 235 235 235 235 234 234 235 235 236 236 236 237 237 237 237 236 236 237 237 238 239 239 240 240 241 242 243 244 245 245 245 246 246 246 246 246 246 247 248 249 251 253 254 255 256 256 255 255 255 255 256 256 256 257 257 258 258 259 259 259 258 258 258 258 258 258 257 256 254 253 251 250 250 251 253 254 255 256
234 234 234 234 234 234 234 235 235 236 236 236 237 237 237 236 236 236 237 237 238 239 239 240 241 242 243 244 245 245 245 245 246 246 246 246 246 247 248 249 250 252 254 255 256 257 258 257 257 256 256 257 257 258 258 258 259 260 260 261 260 260 259 259 259 259 259 257 256 254 253 252 251 251 252 253 254 255 256
233 233 233 233 234 234 234 235 235 236 236 236 237 237 236 236 236 237 237 238 239 240 240 241 242 243 244 245 245 246 246 246 246 246 246 246 246 248 249 250 252 253 254 256 257 258 258 259 258 258 258 258 259 259 260 260 260 261 261 262 261 261 260 260 260 260 259 258 255 254 253 252 252 252 253 254 254 255 257
232 233 233 233 234 234 234 235 235 236 236 237 237 237 237 237 237 237 238 239 240 241 242 243 243 244 245 246 246 247 247 247 248 248 247 247 248 249 251 252 253 254 256 257 258 259 259 259 259 259 259 260 260 261 261 262 262 262 262 262 262 262 261 261 261 261 260 258 256 254 253 253 253 253 255 255 255 255 257
232 232 232 233 233 234 234 235 236 236 237 237 237 237 237 237 237 238 239 240 241 242 243 244 245 246 246 246 247 248 248 249 250 250 249 249 250 252 254 254 255 256 257 258 258 259 259 260 260 260 260 261 261 261 262 262 263 263 263 263 263 262 262 261 261 261 260 259 257 255 254 254 254 255 256 256 255 255 257
232 232 232 233 233 234 235 235 236 237 237 237 237 237 237 238 238 239 240 241 242 243 244 245 246 247 247 247 248 250 250 251 251 251 251 251 253 255 256 256 256 257 258 258 258 259 259 260 261 261 261 262 262 262 263 263 263 263 264 264 263 263 262 262 261 261 260 259 257 256 255 255 256 256 257 257 256 256 257
231 232 232 233 233 234 235 236 237 237 237 238 238 238 238 238 239 239 241 242 243 244 245 246 248 248 249 250 252 252 251 251 251 251 251 253 256 257 257 257 257 257 258 258 258 259 260 260 261 262 262 263 263 263 263 263 263 264 264 264 264 263 263 262 261 260 259 258 257 256 256 256 256 256 257 257 256 256 257
231 231 232 232 233 234 235 236 237 237 238 238 238 239 239 239 240 241 242 243 244 245 246 247 248 249 251 253 253 251 251 251 251 251 253 256 258 258 257 257 257 258 258 259 260 260 261 262 262 263 263 264 264 264 264 264 264 264 264 264 264 263 262 261 260 259 258 257 256 256 256 256 257 257 257 256 256 256 257
231 231 232 233 233 234 236 237 237 238 238 239 239 239 240 240 241 242 243 244 245 246 247 248 249 251 252 252 251 251 251 252 253 254 256 258 259 258 258 258 258 259 259 260 261 262 262 263 263 264 264 265 265 265 265 265 264 264 264 264 263 263 262 261 259 258 257 256 255 255 255 256 257 257 257 256 255 256 256
231 231 232 233 234 235 236 237 238 239 239 240 240 240 241 241 242 243 244 245 246 247 248 249 250 251 252 252 252 253 254 255 255 256 258 259 259 258 258 259 259 260 261 261 262 262 263 264 264 265 265 266 266 266 265 265 264 264 264 263 263 262 261 260 259 257 256 255 255 255 255 255 256 256 256 255 255 255 255
231 232 232 233 234 235 236 238 239 239 240 240 241 241 242 242 243 244 245 245 247 248 249 249 251 252 252 253 254 255 256 257 257 258 259 260 259 259 259 260 261 262 262 262 262 263 263 264 265 265 266 266 266 266 265 265 264 264 263 263 262 261 260 259 258 257 256 255 254 254 254 254 255 255 255 254 254 254 255
231 232 233 233 234 235 237 238 239 240 241 241 241 242 242 243 244 245 246 247 248 249 250 250 251 253 254 255 256 257 257 258 259 260 260 259 258 260 261 262 262 263 263 263 263 263 264 264 264 265 265 266 266 265 265 264 263 263 262 262 261 260 259 258 257 256 255 254 254 253 253 253 253 253 253 253 253 253 254
231 232 233 233 234 235 237 238 239 240 241 242 242 243 244 245 245 246 247 248 249 250 250 251 253 254 256 257 257 258 258 259 261 261 260 258 259 261 263 263 263 263 263 264 264 264 264 264 264 264 265 265 265 264 264 263 262 262 261 261 260 259 258 257 256 255 255 254 253 253 252 253 252 253 252 252 252 253 253
231 232 233 233 234 235 237 238 240 241 241 242 243 244 245 246 247 248 248 249 250 250 252 253 254 255 257 258 259 259 260 261 262 261 259 259 260 262 263 263 263 263 263 264 264 264 264 264 264 264 264 264 264 263 263 262 261 260 260 259 259 258 257 257 256 255 254 253 253 252 252 252 252 252 252 251 252 252 252
231 232 233 233 234 235 237 238 240 241 242 243 244 245 246 247 248 249 249 250 250 252 253 254 255 256 258 259 259 260 261 262 262 261 260 261 261 262 262 262 263 263 263 263 263 264 264 264 264 264 264 263 263 262 262 261 260 259 259 258 258 258 257 257 256 255 254 254 253 252 252 252 252 252 251 251 251 252 252
231 232 233 233 234 236 237 239 240 241 242 244 245 246 247 248 249 249 250 250 251 253 254 255 256 257 258 259 260 261 262 263 262 261 262 262 262 262 262 262 262 262 262 262 263 263 263 263 263 263 263 262 262 261 260 260 259 258 258 258 258 258 257 257 256 256 255 254 253 253 252 252 251 251 250 250 250 251 251
231 232 233 234 235 236 237 239 240 242 243 245 245 246 247 248 249 250 251 251 253 254 255 256 257 258 259 260 261 263 263 263 262 263 263 263 262 262 262 262 262 262 262 262 262 262 262 262 262 262 261 261 260 260 259 258 258 258 258 258 258 258 258 257 256 256 255 254 253 253 252 251 251 250 250 249 250 250 251
231 232 233 234 235 236 238 240 241 243 244 245 246 247 248 249 250 251 251 252 253 255 256 257 258 259 260 261 262 263 263 263 263 264 263 263 262 262 262 261 261 261 261 261 261 261 261 261 260 260 260 259 259 258 258 258 257 258 258 258 258 258 257 257 256 256 255 255 254 252 251 251 250 249 249 249 249 250 250
231 232 233 234 236 237 239 241 243 244 246 246 247 247 248 249 251 252 253 253 254 256 257 258 259 260 261 262 263 263 264 264 264 264 263 263 263 262 262 261 261 261 260 260 260 260 259 259 259 258 258 258 257 257 257 256 257 257 257 257 257 257 257 257 257 256 256 255 254 253 251 250 249 249 248 248 249 250 250
231 232 234 235 236 238 240 242 244 246 247 247 248 249 250 251 252 254 254 255 256 257 258 259 260 261 262 263 263 264 264 264 264 264 264 263 263 262 262 261 261 261 260 260 259 259 258 258 258 257 257 256 256 256 255 255 255 256 256 257 257 257 257 257 257 256 256 255 254 253 251 250 249 248 247 248 249 250 251
231 233 234 236 237 239 240 243 245 247 248 249 249 250 251 253 254 255 256 257 258 258 259 261 261 262 262 263 263 264 264 264 264 263 263 263 263 262 262 261 261 261 260 259 259 258 258 257 257 256 256 255 255 254 254 254 255 255 256 256 257 257 257 257 257 256 256 255 254 253 252 250 249 248 246 247 249 250 251
232 233 235 236 238 239 241 244 246 248 249 250 250 252 253 254 255 256 257 258 258 259 260 261 262 262 262 262 263 263 263 264 263 263 263 263 263 262 262 262 261 261 260 259 258 258 257 257 256 255 255 254 254 254 254 254 255 255 256 256 256 256 256 256 256 256 255 255 254 253 252 250 249 248 246 247 249 251 251
232 234 235 237 239 240 242 244 247 249 250 251 252 252 253 254 256 257 258 258 259 260 260 261 261 262 262 262 262 263 263 263 263 263 263 263 263 262 262 262 261 260 259 259 258 257 257 256 255 255 255 254 254 254 254 254 255 255 255 255 255 255 255 255 255 255 255 254 254 253 252 251 249 248 247 248 249 251 251
232 234 236 238 240 242 243 246 248 250 251 252 253 253 254 255 256 257 258 259 259 260 260 261 261 262 262 262 262 263 263 263 263 263 263 263 263 262 262 262 261 260 259 258 257 257 256 256 255 255 254 254 253 253 253 253 254 254 254 254 254 254 254 254 254 254 254 254 253 253 252 252 250 249 248 248 250 250 250
233 235 236 239 241 243 245 247 249 250 251 252 253 253 254 255 256 257 258 259 259 260 260 261 262 262 262 263 263 263 263 263 263 264 264 263 263 262 262 261 260 260 259 258 257 256 255 255 254 253 253 252 252 252 252 252 252 252 253 253 253 253 253 253 254 254 254 254 254 253 253 252 250 249 247 248 249 250 250
233 235 237 240 243 246 247 248 250 251 252 253 254 254 255 256 257 257 258 259 260 260 261 261 262 262 263 263 264 264 264 264 264 264 263 263 263 262 261 261 260 259 258 257 256 255 254 253 252 251 251 250 250 250 250 250 250 250 251 251 251 252 252 252 253 253 253 253 253 252 251 250 248 247 246 248 249 250 250
234 236 239 242 245 247 248 248 249 250 251 252 252 253 254 255 256 257 258 258 259 259 260 261 261 262 262 263 263 263 263 263 263 262 262 261 261 260 259 258 258 257 256 254 253 253 252 251 250 250 250 249 249 249 250 250 250 251 251 252 252 253 253 254 254 254 254 254 253 252 252 251 250 249 248 249 250 250 250
235 237 240 244 246 248 248 249 250 251 251 251 252 254 256 257 257 258 258 258 259 259 260 260 261 261 262 262 262 262 262 262 262 261 260 260 259 258 257 256 255 255 254 253 252 251 251 250 250 250 250 250 250 250 250 250 251 251 252 252 253 253 254 254 254 254 254 253 253 252 252 251 251 250 250 250 250 249 249
236 238 241 246 248 249 248 250 251 252 253 252 252 254 257 258 258 258 258 258 258 258 259 260 260 261 261 261 261 261 261 261 261 260 260 259 258 257 256 255 254 253 252 252 251 251 250 250 250 250 250 250 250 250 250 250 251 251 252 252 253 253 253 253 254 254 253 253 252 252 252 251 251 250 250 249 249 249 249
238 240 242 246 247 248 249 250 251 252 252 252 253 254 256 256 256 257 257 257 257 258 258 259 259 260 260 260 261 261 261 261 260 260 259 259 258 257 256 255 254 253 252 251 251 251 250 250 250 250 250 250 250 250 250 250 250 251 251 251 252 252 252 252 252 252 252 252 252 251 251 250 250 249 249 249 249 249 248
