---
Vertical Velocity & Wind [kt] at 850mb Direction [deg] Valid 1200 NZST ~Z75~(0000Z)~Z~ WED 7 Jan 2026 ~Z75~[96hrFcst@2128z]~Z~
Model= RASP Region= NZ Grid= d2 Reskm= 2.0 Indexs= 1 69 1 69 Proj= lambert 2000 2000 -35.0000 -42.0000 176.0000 -37.7968 175.7263
Day= 2026 1 7 WED ValidLST= 1200 NZST ValidZ= 000 Fcst= 96.0 Init= 94 Param= press850 Direction Unit= cm/sec Mult= 1 Min= 168 Max= 291
232 232 234 237 238 239 239 238 238 238 237 235 233 232 231 231 234 236 237 239 240 243 245 247 247 246 246 248 249 249 249 251 253 253 253 251 251 252 252 254 257 253 252 256 260 258 259 264 263 261 262 264 265 266 266 267 266 264 265 266 266 266 267 267 267 269 270 270 270
228 226 229 232 235 236 237 237 237 237 236 235 233 232 230 230 232 234 235 236 237 241 244 247 246 245 245 247 248 248 249 251 253 254 254 252 254 255 255 256 259 253 251 256 260 258 258 264 264 261 262 263 265 266 266 267 266 263 265 266 266 266 266 266 266 267 269 270 270
225 225 226 228 231 233 234 234 235 235 235 235 234 232 231 230 231 232 234 235 236 239 242 244 244 245 245 245 246 247 248 250 252 254 256 257 258 259 259 259 259 257 254 255 257 257 258 262 264 264 264 264 264 264 265 265 266 264 265 265 265 266 265 265 265 266 268 269 270
226 225 225 225 226 228 230 231 232 233 234 235 234 233 232 231 231 232 233 234 235 237 239 241 242 243 243 243 244 245 247 249 253 256 258 259 260 261 260 259 258 256 254 253 255 256 258 261 264 265 265 265 265 265 266 266 265 264 264 265 267 267 267 264 263 264 266 268 269
226 225 224 224 224 225 226 228 230 230 231 233 234 235 234 233 232 232 234 234 235 236 238 240 240 240 240 240 241 242 243 244 247 250 252 253 255 256 258 258 256 255 254 254 255 256 258 260 261 262 261 261 261 261 262 262 261 260 261 263 263 263 264 265 264 264 265 265 266
227 226 225 224 222 222 223 225 227 228 227 229 232 234 235 235 235 234 235 236 236 236 237 238 239 239 239 238 237 237 237 239 242 243 244 245 245 246 248 250 253 254 255 254 254 256 259 261 260 258 257 257 256 260 267 267 261 257 260 265 266 263 259 262 266 265 264 263 263
228 227 227 225 222 221 221 222 224 226 227 227 228 231 234 236 236 236 236 237 237 237 236 235 235 236 236 236 236 235 236 240 245 246 244 244 245 246 245 245 246 248 250 253 256 258 260 262 262 259 255 254 254 258 266 269 262 256 258 263 266 264 260 261 264 265 264 263 263
229 229 228 227 224 221 221 221 222 223 226 227 228 230 233 236 237 237 238 238 238 238 238 236 233 232 232 232 233 232 231 234 239 241 239 239 243 247 249 249 249 250 252 256 258 259 260 261 261 258 254 251 249 252 260 264 259 254 256 259 258 257 259 262 259 262 264 264 264
229 229 229 228 226 223 221 221 221 222 224 227 229 231 234 237 240 241 242 242 242 242 240 239 235 232 230 229 230 231 229 230 235 238 237 236 237 239 242 245 248 252 254 256 257 257 258 259 258 255 251 250 249 252 260 264 260 256 257 259 255 252 254 259 258 262 264 266 266
229 230 229 228 227 224 221 222 223 223 224 226 229 232 236 241 244 245 245 245 247 247 244 239 235 232 229 229 230 231 230 231 233 237 240 241 240 239 240 243 246 250 254 257 257 256 255 257 257 253 247 247 249 253 254 255 254 254 256 257 255 255 261 265 268 267 265 265 265
227 228 228 229 228 226 224 225 225 225 226 227 229 233 238 243 245 245 246 246 245 245 244 240 236 232 230 232 233 233 233 233 231 234 238 241 242 242 242 243 244 247 250 253 253 253 254 257 257 253 246 244 247 251 253 252 251 251 251 251 252 256 261 264 264 264 264 263 263
226 226 227 228 228 227 227 228 228 227 228 230 233 235 239 243 243 244 249 249 242 239 240 241 239 235 233 234 235 235 235 233 230 231 234 238 239 239 240 243 245 249 252 253 252 253 254 255 254 251 246 243 244 247 248 248 251 254 253 250 249 251 253 256 257 259 260 261 261
226 226 226 227 227 227 228 230 229 229 230 234 238 242 243 245 244 242 243 245 243 240 240 242 243 240 237 236 237 239 239 234 229 230 233 236 237 240 244 247 248 248 248 248 249 251 252 251 250 247 244 242 243 245 246 245 247 251 254 254 255 256 258 257 254 256 259 260 261
226 225 224 223 223 226 228 230 230 230 233 237 241 245 247 247 244 238 232 234 239 243 245 245 244 242 240 240 242 242 240 232 228 229 231 232 236 241 244 244 243 242 243 244 245 248 248 247 245 244 243 242 241 242 245 245 244 243 245 249 254 257 260 261 258 255 258 261 261
226 224 223 220 218 220 224 226 228 231 235 239 239 239 241 241 239 235 230 228 232 239 244 244 242 239 238 239 240 240 237 231 229 229 228 228 232 236 239 238 238 239 242 244 243 246 244 242 241 241 242 240 238 239 243 244 242 238 239 243 247 250 250 253 259 258 259 261 262
226 224 223 220 215 215 216 217 218 222 230 237 237 233 232 230 229 229 229 228 229 233 238 240 238 235 234 235 235 234 234 234 235 233 230 229 232 235 235 236 236 239 240 240 239 241 240 239 238 238 240 239 238 240 243 244 245 241 237 237 240 242 243 247 247 252 257 261 263
226 225 224 220 216 214 213 210 208 207 215 226 233 232 228 225 226 231 234 233 232 232 235 236 235 235 234 234 232 229 230 234 238 239 236 235 237 238 236 235 238 241 239 235 233 236 237 237 237 238 238 235 234 235 236 235 236 236 233 232 232 233 233 242 242 250 258 262 264
225 224 224 222 219 215 212 209 205 201 203 213 223 228 228 231 237 241 241 238 236 235 234 234 233 234 237 237 232 227 227 232 238 240 238 238 241 240 235 233 235 235 233 229 229 233 236 236 237 237 238 238 237 237 236 235 233 230 229 229 228 229 232 242 246 253 258 262 263
225 225 224 223 221 218 213 208 205 201 198 202 211 218 223 234 245 246 242 237 235 235 234 233 232 233 235 235 232 227 226 230 236 238 238 239 240 237 232 230 231 230 228 225 227 232 235 235 236 236 236 236 236 234 238 240 233 226 224 224 224 227 232 243 248 250 255 258 259
224 225 224 223 222 219 214 207 203 202 198 194 200 207 213 222 232 239 241 238 234 233 232 230 230 231 232 233 232 231 231 231 232 233 235 238 240 237 231 227 225 225 225 224 225 229 233 233 234 234 235 235 235 236 240 250 245 229 222 221 220 224 240 254 265 253 250 250 250
223 223 223 223 221 219 213 209 202 200 199 192 196 203 210 217 223 230 235 235 233 231 229 227 226 226 228 231 234 237 242 243 235 231 231 234 238 237 232 226 223 220 219 218 219 223 227 228 229 230 231 232 232 232 232 241 255 243 225 215 211 229 270 271 254 247 244 242 242
221 222 222 222 221 219 214 208 204 198 202 196 199 208 214 216 219 226 231 231 230 228 226 224 223 221 221 225 227 232 244 255 254 244 237 237 240 239 233 227 222 219 216 214 217 220 222 222 224 225 228 231 231 229 228 226 241 248 234 222 231 264 278 268 232 236 238 236 235
221 221 222 222 221 220 217 209 205 202 202 200 206 216 218 215 215 222 229 230 228 226 224 222 221 221 219 218 218 220 224 235 248 248 242 238 238 238 233 227 222 218 214 213 216 217 218 219 221 223 226 228 230 229 228 222 224 238 238 237 245 269 258 242 229 228 231 232 232
221 222 221 222 222 220 218 210 198 201 202 209 221 223 220 217 217 219 223 226 227 225 223 221 221 222 220 218 216 213 211 213 220 229 233 230 229 231 230 227 222 216 211 213 214 214 215 218 221 223 225 226 227 227 227 226 221 226 232 233 237 236 227 229 225 224 228 230 231
221 221 221 221 221 220 218 211 195 188 182 227 243 238 227 222 221 220 220 221 224 224 223 221 221 223 221 218 215 211 207 207 211 218 225 225 223 223 225 224 220 215 210 212 211 210 211 214 217 219 222 224 224 225 226 227 224 222 223 223 226 225 227 228 225 224 227 230 230
220 221 221 221 220 218 216 213 204 182 168 201 235 241 233 227 224 221 219 219 220 221 221 220 220 221 220 219 218 215 210 207 210 217 222 222 219 218 220 221 218 215 211 211 209 207 207 210 212 214 218 221 222 223 226 227 226 222 217 210 224 234 233 231 227 226 228 230 230
219 220 221 221 219 218 216 215 210 189 176 189 211 227 230 228 224 221 219 218 219 219 219 218 217 217 216 217 218 219 214 210 211 217 221 220 217 217 218 219 217 215 212 212 209 205 205 207 208 209 214 218 219 221 223 225 224 219 216 215 227 234 235 234 231 229 230 232 232
219 220 220 220 219 218 216 215 213 198 186 190 205 219 226 226 224 221 219 219 219 218 217 217 216 215 215 215 216 218 215 212 213 216 218 218 216 216 217 218 216 215 213 214 209 205 205 206 206 206 209 213 216 219 220 222 224 223 218 225 238 236 234 233 233 231 231 232 232
218 219 219 219 219 218 217 216 215 204 193 195 206 218 224 225 223 221 221 222 220 218 215 215 216 216 216 215 214 215 214 213 215 216 217 216 216 215 216 216 216 216 214 215 211 206 204 203 202 203 207 211 215 218 220 221 220 223 218 227 243 240 235 232 231 230 231 231 231
218 218 219 219 219 218 217 216 216 208 200 202 211 219 223 224 222 222 224 224 222 218 215 214 215 217 218 217 216 214 214 215 215 216 217 217 217 216 215 215 216 217 216 215 212 208 204 199 197 199 204 209 213 217 220 222 220 223 224 237 243 240 236 230 229 229 229 227 228
218 218 218 219 219 218 218 217 216 210 206 209 216 221 223 223 223 223 225 224 222 218 215 213 214 216 216 217 217 214 213 217 218 217 217 218 218 217 215 215 216 218 218 216 214 209 205 200 196 197 201 206 211 216 223 225 226 225 228 241 240 235 231 227 226 227 228 227 227
218 218 219 218 218 217 216 216 214 208 211 222 227 226 224 223 222 224 224 224 221 217 215 214 215 215 214 215 216 215 213 215 218 221 221 221 220 218 216 216 218 218 219 216 214 212 210 206 200 198 199 200 206 214 222 224 225 220 228 238 234 228 224 223 223 225 225 226 226
219 219 219 218 217 214 214 213 208 203 214 235 242 237 229 224 222 222 223 222 219 217 215 215 216 216 214 214 212 214 215 214 214 220 226 225 223 220 218 218 219 219 219 216 214 214 214 211 205 201 199 196 201 210 222 228 226 220 224 229 227 221 218 218 220 221 222 223 223
218 218 218 217 216 213 212 208 198 193 208 230 238 238 234 229 225 224 222 220 218 216 214 214 214 214 215 216 215 214 214 214 213 216 223 226 225 223 220 219 220 220 219 215 212 212 215 214 210 207 203 197 200 209 227 230 226 215 214 219 219 215 213 214 216 218 219 220 220
217 217 217 217 215 213 211 203 192 188 205 225 230 231 233 233 230 226 223 220 218 216 215 214 213 213 213 215 218 218 217 216 216 216 220 222 223 222 220 220 220 220 219 214 212 213 216 218 215 212 208 200 201 211 225 224 217 208 208 212 214 212 210 211 213 215 216 216 217
216 216 217 216 215 214 212 204 193 190 202 221 228 228 229 232 232 228 224 220 218 216 215 215 214 213 212 212 213 217 218 219 218 219 220 221 221 220 219 220 221 219 217 213 211 212 213 219 218 216 211 201 206 216 221 219 215 208 205 207 210 209 208 209 211 212 213 213 213
215 215 216 216 215 215 214 208 198 193 200 215 226 226 226 229 230 227 223 220 217 216 215 215 215 214 213 212 211 212 215 217 218 219 220 220 220 219 219 220 221 220 217 212 210 210 214 217 220 219 221 211 215 217 218 216 213 208 203 203 206 206 206 207 208 209 209 209 209
214 214 215 215 215 216 215 211 204 198 198 207 221 225 223 224 225 224 221 219 216 215 213 213 214 214 214 214 213 212 212 214 216 217 218 219 219 218 219 220 221 221 217 212 207 207 212 217 220 229 230 220 217 217 217 214 211 206 201 201 203 204 204 205 206 206 205 205 206
212 212 214 215 215 216 216 214 209 202 199 202 216 225 223 222 222 221 219 217 215 214 213 212 213 213 214 215 215 214 213 214 215 216 216 217 217 218 219 222 222 221 216 212 208 208 209 212 209 225 232 227 221 219 219 215 211 205 199 199 201 202 202 202 202 202 202 202 203
213 213 213 214 215 215 216 215 212 206 201 201 214 224 224 221 219 218 217 215 214 214 213 213 213 212 212 213 215 216 216 216 216 216 215 215 216 218 220 222 223 221 216 213 213 212 211 208 205 214 224 225 223 221 219 217 214 207 200 198 200 201 200 199 198 198 199 199 200
213 213 213 214 214 214 215 215 213 210 205 204 214 223 224 221 218 217 215 214 214 214 214 214 214 213 213 213 214 215 216 216 216 216 216 216 216 218 221 222 223 220 216 216 217 217 215 210 210 212 217 220 221 221 219 217 215 210 203 199 199 199 198 196 195 195 196 197 199
213 213 213 213 214 214 214 215 214 211 208 209 218 223 223 220 217 216 215 214 214 215 215 215 215 214 214 214 215 215 216 216 217 217 217 217 218 220 221 223 221 216 216 217 217 218 218 216 215 215 216 218 220 220 219 217 215 212 206 201 199 198 196 194 193 193 194 196 197
213 213 213 212 213 213 213 215 214 211 211 216 223 225 223 220 217 215 214 214 214 215 215 215 215 215 215 216 216 216 217 217 218 218 218 218 220 222 221 223 219 215 216 216 220 221 220 219 218 217 218 218 219 220 219 217 216 214 209 203 200 198 196 194 192 193 194 195 197
213 213 213 212 212 212 212 215 213 211 215 223 227 226 223 220 217 215 214 213 214 214 215 215 215 215 216 217 217 218 218 218 219 219 219 220 221 222 221 221 216 213 216 217 221 223 222 221 220 219 219 220 220 220 219 218 218 216 211 205 201 198 197 195 193 193 194 195 197
213 213 213 212 212 211 211 214 214 209 216 230 231 228 224 221 217 215 213 214 214 215 215 215 215 216 217 217 218 219 219 219 220 220 220 220 222 223 222 221 215 214 215 220 223 224 223 221 220 220 220 220 221 221 220 219 219 218 214 208 203 200 199 197 195 195 195 196 198
212 212 212 212 211 211 212 214 215 207 211 234 237 231 226 222 219 215 214 214 215 215 216 216 216 217 218 218 219 219 219 220 220 220 221 222 223 223 225 223 218 219 218 221 224 224 223 221 221 221 220 220 221 221 220 220 220 220 217 211 205 202 201 200 198 197 197 199 200
211 212 212 212 211 211 213 214 212 201 200 227 239 234 228 223 220 217 215 214 215 216 216 217 218 219 219 220 220 220 220 220 221 221 222 223 224 225 226 224 224 226 227 227 227 226 224 223 222 222 221 220 221 221 221 221 221 221 218 214 208 205 203 202 202 201 200 202 203
210 212 213 212 211 212 214 213 207 198 198 216 233 233 227 223 220 218 216 215 215 216 214 217 220 221 221 221 221 220 221 221 222 222 222 225 225 226 226 228 238 243 239 233 231 230 228 225 224 224 222 221 221 221 221 221 222 222 220 216 212 208 206 206 205 205 204 205 206
210 212 214 212 212 213 215 212 203 198 200 211 225 230 226 222 219 217 216 216 215 215 213 214 219 221 221 221 221 221 221 221 222 222 219 224 227 226 224 225 242 253 246 236 231 231 230 228 227 226 224 223 222 221 221 222 223 223 222 219 216 213 211 210 209 209 209 209 210
209 212 215 214 214 214 214 210 201 201 206 208 214 225 223 219 217 218 219 217 215 215 215 214 217 220 220 220 221 221 221 221 223 221 218 218 224 227 226 220 230 240 242 238 232 229 228 228 227 226 225 224 223 222 222 223 224 224 223 222 219 217 215 214 213 213 213 213 214
209 212 215 216 216 215 211 205 200 203 210 210 209 218 221 218 217 219 220 220 217 216 215 216 218 220 220 219 220 220 221 222 223 222 219 218 218 219 225 229 240 241 242 240 235 229 226 225 225 225 224 224 223 222 223 224 225 225 225 223 222 220 218 217 217 216 216 216 217
208 211 215 217 217 213 208 203 199 202 210 213 211 214 219 216 216 217 217 220 220 220 218 217 220 222 221 219 219 220 221 222 223 222 220 220 219 213 210 217 242 249 246 242 236 229 224 223 223 224 224 223 222 222 223 224 225 226 226 225 223 222 221 220 220 219 219 219 219
207 210 214 217 219 213 203 200 201 203 210 213 211 213 218 215 214 214 213 218 220 220 220 219 222 224 223 221 220 220 221 223 223 223 222 221 219 214 203 199 221 249 248 240 235 229 221 219 220 222 223 223 222 222 223 224 225 226 226 226 225 224 223 222 222 221 221 221 221
206 209 213 216 219 217 206 197 198 202 210 213 211 211 215 215 215 214 212 215 220 220 220 220 223 226 225 223 221 221 222 223 224 222 221 221 219 216 211 202 204 233 246 237 231 226 220 217 218 220 222 222 222 223 223 224 226 226 226 226 226 225 225 224 223 223 223 223 223
206 208 212 215 216 218 213 202 199 204 210 211 210 208 211 214 217 215 212 212 219 223 220 222 225 226 226 224 222 221 222 223 223 222 221 221 221 220 216 211 206 217 237 235 228 224 218 215 216 219 221 222 222 223 224 225 226 227 227 227 226 226 226 225 225 224 224 224 224
207 208 211 214 215 216 217 210 205 208 211 210 207 206 209 212 215 213 212 209 213 223 225 225 226 226 226 224 222 222 222 223 223 222 221 222 223 224 222 221 217 218 232 234 226 221 216 214 216 219 221 222 223 223 224 225 226 227 227 227 227 227 226 226 225 225 224 224 224
207 209 211 213 214 214 217 216 211 210 212 211 208 206 208 210 212 212 212 209 208 220 227 228 227 227 226 224 222 221 222 223 224 223 222 223 225 228 228 230 228 227 234 236 229 222 217 216 218 221 222 222 223 223 224 225 226 227 227 227 227 227 226 226 226 225 224 225 225
207 209 212 214 214 213 214 217 214 212 212 212 210 209 209 210 211 210 209 211 209 217 226 229 229 227 225 223 222 221 222 223 224 223 222 223 226 230 234 240 242 246 240 237 232 225 221 221 223 224 224 223 223 224 224 225 226 226 227 227 227 227 226 226 225 225 225 225 225
208 210 212 214 214 212 212 215 217 215 213 213 211 211 212 212 210 209 205 208 211 218 225 230 230 227 225 223 221 221 221 222 223 223 223 225 229 233 238 248 258 253 244 236 230 227 224 224 226 227 226 225 224 224 225 225 225 226 226 227 227 227 226 226 225 225 224 224 224
208 210 212 214 213 212 211 213 217 217 215 215 212 212 214 214 211 209 204 204 210 218 224 229 230 227 225 222 221 221 221 222 223 223 223 225 229 235 243 253 251 244 240 234 229 226 224 225 226 227 227 226 225 225 225 225 225 226 226 227 227 227 226 226 225 225 225 224 224
207 209 211 213 213 212 211 212 216 217 217 217 214 214 215 214 212 209 206 203 207 217 223 226 228 226 224 222 221 221 221 221 223 224 225 225 227 230 247 247 239 239 239 236 230 224 222 223 226 227 227 226 225 225 226 226 226 226 226 227 227 227 227 226 226 225 225 224 224
206 207 209 211 212 211 212 213 215 215 215 219 219 216 215 214 213 211 208 204 204 216 224 224 225 225 223 222 221 220 220 220 221 224 227 229 229 223 246 243 239 238 239 238 232 224 219 220 224 227 227 226 224 225 225 226 226 226 226 227 227 227 227 226 226 225 224 224 224
206 208 208 210 211 210 212 214 216 215 212 215 221 220 217 216 214 211 209 206 204 213 223 224 223 224 223 222 220 219 219 219 222 225 231 239 235 234 242 244 242 240 239 238 235 228 220 218 222 226 228 226 225 224 224 225 225 226 226 226 226 226 226 225 225 225 224 224 224
205 206 207 209 209 208 210 214 216 215 211 212 219 223 221 218 217 214 211 208 208 216 223 222 221 223 223 221 219 218 218 219 223 229 237 247 247 256 243 241 240 239 239 238 236 231 223 217 219 224 227 227 225 224 224 225 225 225 225 226 226 225 225 225 224 224 224 224 224
203 205 206 207 208 208 208 213 219 217 213 209 214 223 222 217 213 212 212 208 206 215 223 222 219 220 222 221 218 215 215 218 222 232 253 256 254 248 245 242 239 237 237 237 236 233 228 221 219 223 226 227 226 224 224 224 225 224 225 226 225 225 224 224 224 224 224 223 223
200 202 205 205 205 204 206 213 220 220 215 209 210 218 222 219 215 212 209 206 204 207 211 214 214 215 217 217 215 213 214 217 226 258 280 264 253 242 243 242 240 238 237 236 234 233 229 223 220 222 225 227 226 225 224 224 224 224 224 225 225 225 224 224 223 223 223 223 224
195 197 205 205 202 202 205 212 219 219 214 209 209 217 223 222 217 213 209 206 204 204 206 207 208 209 210 211 211 213 215 217 236 291 281 264 249 245 244 243 240 238 237 235 234 232 228 224 223 223 225 226 226 225 225 224 224 224 224 224 224 224 224 224 223 223 223 224 224
190 192 205 205 199 204 205 212 220 220 214 208 210 218 223 223 218 213 210 207 205 204 204 205 206 207 207 207 208 211 213 213 254 282 259 253 245 252 252 246 242 238 240 236 233 231 229 224 223 225 226 226 225 225 225 225 224 224 224 224 224 224 224 223 223 223 223 224 224
189 193 199 201 199 205 205 212 218 219 213 209 212 221 224 223 218 213 210 207 205 204 204 205 206 207 206 205 207 209 214 212 214 225 238 249 251 259 257 250 245 240 240 236 233 231 229 226 225 226 227 226 226 226 225 225 224 224 223 223 224 224 224 223 223 223 223 223 223
