---
Vertical Velocity & Wind [kt] at 500mb Direction [deg] Valid 1100 NZST ~Z75~(2300Z)~Z~ WED 7 Jan 2026 ~Z75~[95hrFcst@2128z]~Z~
Model= RASP Region= NZ Grid= d2 Reskm= 2.0 Indexs= 1 69 1 69 Proj= lambert 2000 2000 -35.0000 -42.0000 176.0000 -37.7968 175.7263
Day= 2026 1 7 WED ValidLST= 1100 NZST ValidZ= 2300 Fcst= 95.0 Init= 94 Param= press500 Direction Unit= cm/sec Mult= 1 Min= 240 Max= 277
245 244 244 244 244 244 243 243 243 243 242 242 242 242 242 241 241 241 241 240 240 242 243 244 244 245 241 244 245 246 247 247 248 249 249 250 250 251 252 253 254 256 258 257 259 258 258 259 261 260 260 260 261 261 262 262 262 263 262 262 262 262 263 262 262 262 262 262 262
244 244 244 244 244 244 244 243 243 244 243 243 242 242 242 242 242 241 241 241 241 243 245 246 246 247 242 244 246 247 247 247 248 249 249 251 251 252 253 253 254 257 260 258 260 259 258 259 261 260 260 260 260 261 262 263 262 264 263 262 263 263 264 263 262 262 262 262 262
244 244 244 244 244 244 244 244 244 244 244 243 243 243 243 242 242 242 242 243 243 244 245 245 246 246 245 246 247 247 247 248 248 249 249 250 251 252 253 253 254 256 257 258 259 258 258 258 259 260 261 261 261 261 262 263 263 263 263 263 263 264 264 263 263 263 263 263 263
244 244 244 244 244 244 244 244 244 244 244 244 243 243 243 243 243 243 243 244 244 245 245 246 246 247 247 247 248 248 248 248 248 249 250 251 251 252 253 253 254 255 257 258 259 259 259 259 259 260 261 261 261 261 262 263 263 263 263 263 264 264 264 264 263 263 263 263 263
245 245 245 245 245 245 245 245 245 245 245 245 244 244 244 244 244 244 244 244 245 245 246 247 247 248 248 248 248 248 248 248 249 249 250 251 252 252 253 254 255 256 257 258 259 259 259 259 259 260 261 261 261 261 262 263 263 264 264 264 264 264 264 264 264 264 264 264 264
245 245 245 245 246 245 245 246 246 246 246 246 246 246 245 245 245 245 245 245 246 246 247 248 248 249 249 249 249 249 249 249 250 250 251 251 252 253 253 254 255 256 257 258 259 259 260 259 260 260 261 261 262 262 262 263 263 264 264 264 264 264 264 265 265 264 264 264 264
246 246 246 246 246 246 246 246 246 247 247 247 247 247 246 246 246 246 246 246 247 247 248 248 249 249 250 250 249 249 249 250 250 251 251 252 252 253 254 254 255 256 257 258 259 259 260 260 260 261 261 261 262 262 263 263 263 264 264 264 264 264 264 265 265 265 265 264 264
247 247 247 247 247 247 247 247 248 248 248 248 248 247 247 247 247 247 247 247 247 248 248 249 249 250 250 250 250 250 250 250 251 251 252 252 253 253 254 255 255 256 257 258 259 259 260 261 261 261 261 262 262 263 263 263 264 264 264 264 264 264 264 264 265 265 265 265 265
248 248 248 248 248 248 248 248 249 249 249 249 248 248 248 248 248 248 248 248 248 249 249 249 250 250 250 250 250 251 251 251 251 252 252 253 253 254 254 255 256 257 258 258 259 259 260 261 261 261 262 262 263 263 263 263 263 264 264 264 264 265 265 264 264 264 265 265 265
248 248 249 249 249 249 249 249 249 249 249 249 249 249 249 249 249 249 249 249 249 249 249 250 250 251 251 251 251 251 251 252 252 252 253 253 254 254 255 255 256 257 258 259 259 260 260 261 261 262 262 262 262 263 263 263 263 264 264 264 265 265 265 265 265 265 265 265 265
249 249 249 249 250 250 250 250 250 250 250 250 250 250 250 250 249 249 249 250 250 250 250 250 250 251 251 251 251 251 252 252 252 252 253 253 254 254 255 255 256 257 258 259 260 260 260 260 261 262 262 262 262 262 263 263 263 264 264 265 265 265 265 265 265 265 265 265 265
249 250 250 250 250 250 250 250 250 250 250 250 251 251 250 250 250 250 250 250 250 251 251 250 250 251 251 252 252 252 252 252 252 253 253 254 254 254 255 255 256 257 258 259 260 260 260 261 261 262 262 262 262 263 263 263 263 264 264 265 265 265 265 265 265 265 265 265 265
250 250 250 250 250 250 250 250 250 250 251 251 251 251 251 251 251 251 251 251 251 251 251 251 251 251 251 252 252 252 252 252 253 253 253 254 254 255 255 256 256 257 258 259 260 260 261 261 261 261 262 262 262 263 263 263 264 264 264 264 264 264 265 265 265 265 265 265 265
250 251 251 251 251 251 250 250 251 251 251 251 252 252 252 252 251 251 251 251 251 251 251 251 251 251 252 252 252 253 253 253 253 253 254 254 254 255 255 256 256 257 258 259 260 261 261 261 261 261 261 262 262 263 263 263 264 264 264 264 264 265 265 265 265 266 266 266 266
251 251 251 251 251 251 251 251 251 251 252 252 252 252 253 252 252 252 251 251 251 252 252 252 252 252 252 252 253 253 253 253 253 253 254 254 255 255 256 256 257 257 258 259 260 260 261 261 261 261 262 262 262 263 263 263 263 264 264 264 265 265 266 266 266 266 266 266 266
252 252 252 252 252 252 251 252 252 252 252 252 253 253 253 253 253 252 252 252 252 252 252 252 252 252 252 252 253 253 254 254 254 254 254 255 255 256 256 256 257 258 258 259 260 260 261 261 261 262 262 262 263 263 263 263 263 263 264 264 265 265 266 266 266 267 266 266 266
252 252 252 252 252 252 252 252 252 253 253 253 254 254 254 254 253 253 252 252 252 252 252 252 253 253 253 253 253 254 254 254 254 254 254 255 255 256 256 257 257 258 259 259 260 260 261 261 262 262 262 263 263 263 263 263 263 263 264 265 265 265 266 266 266 266 266 266 267
253 254 253 253 253 253 253 253 253 253 254 254 255 255 255 254 254 253 253 253 253 253 252 253 253 253 253 253 254 254 254 254 254 254 255 255 255 256 256 257 258 258 259 259 260 260 261 261 262 262 262 263 263 263 263 263 264 264 264 265 265 266 266 266 266 266 266 266 267
254 254 254 253 254 254 254 254 254 254 255 255 255 255 255 254 254 254 254 253 253 253 253 253 253 253 253 254 254 254 255 255 255 255 255 255 256 256 257 257 258 258 259 260 260 260 261 261 262 262 263 263 263 263 263 263 264 264 264 265 265 266 266 266 266 266 266 266 266
254 253 254 254 254 254 255 255 256 256 256 255 255 255 255 254 254 254 254 254 254 253 253 253 253 254 254 254 255 255 255 255 255 255 255 256 256 257 257 257 258 259 259 260 260 261 261 262 262 262 263 263 263 263 263 263 264 264 264 265 265 266 266 266 266 266 266 266 266
254 254 254 254 255 255 256 256 257 257 256 255 255 255 255 255 255 254 254 254 254 254 254 254 254 254 254 255 255 255 255 255 255 256 256 256 257 257 257 258 258 259 259 260 260 261 262 262 262 263 263 263 263 263 264 264 264 264 264 265 265 265 266 266 266 266 266 266 266
254 254 255 255 255 256 256 257 257 257 256 255 255 255 255 255 255 255 255 255 255 255 254 254 254 255 255 255 255 255 255 255 256 256 256 257 257 257 258 258 259 259 260 260 261 261 262 262 263 263 263 263 263 264 264 264 264 264 264 265 265 265 266 266 266 266 266 266 266
255 255 256 256 256 256 256 257 256 256 255 255 255 255 255 255 255 255 255 255 255 255 255 255 255 255 255 255 255 255 255 256 256 256 257 257 257 258 258 259 259 260 260 261 261 262 262 262 263 263 263 263 264 264 264 264 264 264 264 265 265 265 266 266 267 266 266 266 266
255 256 256 256 256 256 256 256 256 255 255 255 255 255 255 255 255 255 256 256 255 255 255 255 255 256 256 255 255 255 256 256 256 257 257 258 258 259 259 259 260 260 261 261 261 262 262 263 263 263 263 264 264 264 264 265 265 265 265 265 265 265 265 266 267 266 266 266 266
256 256 256 256 256 256 256 255 255 255 255 255 255 255 256 256 256 256 256 256 256 256 256 256 256 256 256 256 256 256 256 257 257 257 258 258 259 259 260 260 260 261 261 261 262 262 263 263 263 264 264 264 264 264 265 265 265 265 265 265 265 265 266 265 266 266 266 265 266
256 256 256 256 256 256 255 255 255 255 255 255 256 256 256 256 256 256 256 256 256 257 257 257 257 257 256 256 256 257 257 257 258 258 258 259 259 260 260 261 261 261 261 262 262 263 263 264 264 264 264 264 264 265 265 265 265 265 265 265 266 266 266 265 265 265 265 265 265
256 257 256 256 256 256 255 255 256 256 256 256 256 256 256 256 256 256 256 257 257 257 257 257 257 257 257 257 257 258 258 258 258 259 259 259 260 260 261 261 261 261 262 262 263 263 263 264 264 264 264 265 265 265 265 265 265 265 266 266 266 266 266 266 265 264 264 264 264
257 257 257 256 256 256 255 256 256 256 256 256 256 257 257 257 257 257 257 257 257 257 258 258 258 258 258 258 258 258 259 259 259 260 260 260 260 261 261 262 262 262 262 263 263 263 264 264 264 264 265 265 265 265 265 265 265 265 266 266 266 266 266 265 264 264 264 264 264
257 257 257 256 256 256 256 256 256 256 256 257 257 257 257 257 257 257 257 258 258 258 258 258 258 258 259 259 259 259 260 260 260 260 260 261 261 261 262 262 262 262 262 263 264 264 264 264 264 265 265 265 265 266 266 266 265 265 266 266 266 266 266 265 265 265 265 265 265
256 257 257 257 257 257 257 256 256 256 257 257 257 258 258 258 258 258 258 258 258 259 259 259 259 259 260 260 260 261 261 261 261 261 261 261 262 262 262 262 262 262 263 264 264 264 264 264 265 265 265 266 266 266 266 266 266 266 266 266 266 266 265 265 265 265 265 265 265
256 256 257 257 257 257 257 257 257 257 257 257 258 258 258 258 258 259 259 259 259 259 259 260 260 260 261 261 261 262 262 261 261 262 262 262 262 263 263 263 263 263 264 264 264 264 264 265 265 265 266 266 266 266 266 266 266 266 266 266 266 265 265 265 266 266 266 266 265
256 256 257 257 258 258 258 258 257 257 257 258 258 258 259 259 259 259 260 260 260 260 260 260 261 261 262 262 262 262 262 262 262 262 263 263 263 263 263 263 263 263 264 265 264 265 265 265 266 266 266 266 266 266 266 266 266 266 266 266 266 265 265 266 266 266 266 266 265
256 256 257 258 258 258 258 258 258 258 258 258 258 259 259 259 260 260 260 260 260 260 261 261 262 262 263 263 263 263 262 262 263 263 263 263 264 264 263 263 263 264 265 265 265 265 266 266 266 266 266 267 267 267 267 267 267 267 267 266 266 265 265 266 266 266 266 266 265
256 257 257 258 258 259 259 259 259 259 259 259 259 259 260 260 261 261 261 261 261 261 261 262 262 263 263 263 263 263 263 263 264 264 264 264 264 264 264 264 264 265 266 266 266 266 266 266 266 267 267 267 267 267 267 267 267 267 266 266 266 266 266 266 266 266 266 266 266
256 257 257 258 259 259 259 259 259 259 259 259 260 260 260 261 261 261 262 262 262 262 262 263 263 263 263 263 263 263 264 264 264 265 265 265 265 264 264 264 264 265 267 267 267 267 267 267 267 267 267 267 267 267 267 266 266 266 266 266 266 266 267 267 266 266 266 266 266
256 257 258 258 259 259 259 260 260 260 260 260 260 261 261 261 262 262 262 263 263 263 263 263 264 264 264 264 264 264 265 265 265 266 266 266 265 265 265 265 265 266 268 268 268 267 267 267 267 267 267 267 267 267 267 267 267 267 266 266 266 267 267 267 266 266 266 266 266
257 257 258 258 259 259 259 260 260 261 261 261 261 261 262 262 262 263 263 263 263 263 264 264 264 264 264 265 265 265 266 266 266 266 266 266 266 266 265 265 266 268 269 269 268 267 267 267 267 267 267 267 267 267 267 267 267 267 267 267 267 267 267 267 267 267 267 266 266
257 258 258 258 259 259 259 260 261 261 262 262 262 262 262 263 263 263 264 264 264 264 264 264 265 265 265 265 266 266 267 267 267 267 267 267 267 266 266 266 268 270 270 269 268 268 268 268 267 267 267 267 267 267 268 268 267 267 268 268 268 267 267 267 267 267 267 267 267
258 258 258 258 259 259 260 260 261 262 262 263 263 263 263 264 264 264 264 265 265 265 265 265 265 265 266 266 267 267 268 268 268 268 268 267 267 267 267 268 270 271 270 268 268 268 268 268 267 267 267 268 268 268 268 268 268 268 268 268 268 267 267 267 267 267 267 267 267
258 258 258 258 259 259 260 260 261 262 263 263 264 264 264 264 264 265 265 265 265 266 266 266 266 266 267 267 268 268 268 269 269 268 268 268 267 267 268 270 272 272 270 269 269 269 268 268 268 268 268 268 268 268 268 268 268 268 268 268 268 268 268 268 267 267 267 267 267
258 258 258 259 259 260 260 261 261 262 263 263 264 264 264 265 265 265 265 266 266 266 266 266 267 267 267 268 268 269 269 269 269 269 269 268 268 268 269 271 273 271 270 269 269 269 269 269 269 269 269 268 268 268 268 269 269 269 268 268 268 268 268 268 267 267 267 267 267
258 258 259 259 259 260 261 261 261 262 263 263 264 264 265 265 265 265 266 266 266 267 267 267 267 268 268 268 269 269 269 269 269 269 269 269 268 269 271 273 273 271 270 270 270 269 269 270 270 269 269 268 268 269 269 269 269 269 269 268 268 268 268 268 268 267 267 267 267
258 258 259 259 260 260 261 261 262 262 263 263 264 265 265 265 266 266 266 266 267 267 267 268 268 268 269 269 269 269 270 270 270 269 269 269 269 270 272 274 273 271 270 270 270 270 270 270 270 269 269 269 270 270 270 270 269 269 269 269 268 268 268 268 268 268 267 267 267
258 259 259 259 260 260 261 262 262 262 263 264 264 265 265 266 266 266 266 267 267 268 268 268 269 269 269 269 270 270 270 270 270 270 269 270 270 271 273 275 273 271 271 271 271 271 271 270 270 269 269 270 270 270 270 270 270 269 269 269 269 268 268 268 268 268 268 267 267
258 259 259 260 260 261 261 262 262 263 264 264 265 265 266 266 266 267 267 267 267 268 269 269 269 269 270 270 270 270 270 270 270 270 270 270 271 273 275 275 272 271 271 271 271 271 271 270 270 270 270 270 270 270 270 270 270 270 269 269 269 269 268 268 268 268 268 268 267
258 259 259 260 260 261 261 262 263 264 264 264 265 265 266 266 267 267 267 267 268 268 269 269 270 270 270 270 270 270 270 270 270 270 271 271 273 275 277 274 272 272 272 271 271 271 271 270 270 270 270 270 270 270 270 270 270 270 269 269 269 269 268 268 268 268 268 268 267
259 259 259 260 260 261 262 262 263 264 264 265 265 265 266 266 267 267 267 268 268 269 269 270 270 270 270 270 271 271 270 270 270 271 272 273 275 277 276 273 272 272 272 271 271 271 271 270 271 270 270 270 270 271 271 270 270 270 269 269 269 269 268 268 268 268 268 268 267
259 259 260 260 261 261 262 263 263 264 264 265 265 265 266 266 267 267 268 268 269 269 269 270 270 270 270 270 270 270 270 271 271 271 273 275 276 276 275 273 272 271 271 271 271 271 271 271 271 270 270 270 270 271 271 271 270 270 270 269 269 269 269 268 268 268 268 268 267
259 260 260 260 261 262 262 263 263 264 265 265 266 266 266 267 267 268 269 269 270 270 270 270 270 270 270 270 270 270 270 271 271 272 274 275 274 274 273 272 272 271 271 271 271 271 271 271 271 270 270 270 271 271 271 271 270 270 270 269 269 269 269 269 268 268 268 268 267
259 260 260 261 261 262 262 263 264 264 265 265 266 266 267 267 268 269 270 270 270 271 271 270 270 270 270 270 270 270 270 271 271 272 273 273 273 273 273 272 272 272 271 271 271 271 271 271 271 271 270 271 271 271 271 271 270 270 270 270 269 269 269 269 268 268 268 268 268
260 260 261 261 262 262 263 263 264 264 265 266 266 267 267 268 268 269 270 270 270 271 271 270 270 270 270 270 270 270 270 271 271 272 273 273 272 272 272 272 272 272 272 272 271 271 271 271 271 271 271 271 271 271 271 271 270 270 270 270 270 269 269 269 268 268 268 268 268
260 261 261 261 262 262 263 263 264 265 265 266 266 267 268 268 268 269 269 270 270 270 270 269 270 270 270 270 270 270 270 271 272 272 273 272 272 272 272 272 272 272 272 272 271 272 272 272 271 271 271 271 271 271 271 271 271 270 270 270 270 269 269 269 268 268 268 268 268
260 261 261 262 262 263 263 264 264 265 266 266 267 267 268 268 268 269 269 270 270 270 269 269 269 270 270 270 270 270 271 271 272 272 272 272 272 272 272 272 272 272 272 272 272 272 272 271 271 271 271 271 271 271 271 271 271 270 270 270 270 269 269 269 269 268 268 268 268
261 261 262 262 263 263 264 264 265 265 266 266 267 267 267 267 268 269 270 270 270 269 269 269 269 269 269 270 270 270 271 271 271 271 271 272 272 272 272 272 273 272 272 272 272 272 271 271 271 271 271 271 271 271 271 271 271 271 270 270 270 270 269 269 269 268 268 268 268
261 261 262 263 263 264 264 264 265 265 266 266 267 267 267 267 268 269 270 270 269 268 268 269 269 269 269 270 270 270 271 271 271 271 272 272 272 273 273 273 273 273 272 272 272 272 271 271 271 271 271 271 271 271 271 271 271 271 270 270 270 270 269 269 269 268 268 268 268
261 262 262 263 263 264 264 265 265 265 266 266 267 267 267 267 268 269 269 269 268 268 269 269 269 269 270 270 270 270 271 271 271 271 272 273 273 273 273 273 273 272 272 272 272 272 271 271 271 271 272 271 271 271 271 271 271 271 271 270 270 270 269 269 269 268 268 268 268
262 262 263 263 263 264 264 265 265 265 266 266 266 267 267 268 268 269 269 268 268 268 269 269 269 270 270 270 270 271 271 271 271 272 272 272 273 273 274 273 273 272 272 272 272 272 272 271 271 271 271 271 271 271 271 271 271 271 271 270 270 270 270 269 269 269 268 268 268
262 263 263 263 264 264 264 265 265 265 266 266 266 267 267 268 268 269 269 268 268 269 269 269 269 270 270 270 271 271 271 271 271 272 272 272 273 274 274 273 273 272 272 273 272 272 272 272 271 271 271 271 271 271 271 271 271 271 271 270 270 270 270 269 269 269 268 268 268
263 263 263 264 264 264 264 265 265 265 266 266 266 267 267 268 269 269 269 268 268 269 269 269 270 270 270 271 271 271 271 271 271 271 272 272 273 274 274 273 272 272 273 273 272 272 272 272 271 271 271 271 271 271 271 271 271 271 271 271 270 270 270 269 269 269 268 268 268
263 263 264 264 264 264 265 265 265 266 266 266 267 267 268 268 269 269 268 268 268 269 269 269 270 270 270 271 271 271 271 271 271 271 272 272 273 274 273 272 272 272 273 273 272 272 272 271 271 271 271 271 271 271 271 271 271 271 271 271 270 270 270 269 269 269 268 268 268
263 264 264 264 264 265 265 265 265 266 266 266 267 267 268 268 268 268 268 269 269 269 269 269 270 270 270 271 271 271 271 271 271 271 272 272 273 273 273 272 272 272 273 272 272 272 272 271 271 271 271 271 271 271 271 271 271 271 271 271 270 270 270 270 269 269 268 268 268
264 264 264 265 265 265 265 266 266 266 266 267 267 268 268 268 268 268 269 269 269 269 269 270 270 270 270 271 271 271 271 271 271 271 272 273 273 273 272 271 272 273 273 272 272 272 272 271 271 271 271 271 271 271 271 271 271 271 271 271 270 270 270 270 269 269 268 268 268
264 265 265 265 265 265 266 266 266 266 267 267 268 268 268 268 268 268 269 269 269 270 270 270 270 270 270 271 271 271 271 271 271 272 272 273 273 272 272 272 272 273 272 272 272 272 272 271 271 271 271 271 271 271 271 271 271 271 271 271 270 270 270 270 269 269 268 268 268
265 265 265 266 266 266 266 266 267 267 267 267 268 268 268 268 268 269 269 269 269 270 270 270 270 270 271 271 271 271 271 271 271 272 272 272 272 272 271 272 272 272 272 272 272 272 272 272 271 271 271 271 271 271 271 271 271 271 271 271 270 270 270 269 269 269 268 268 268
265 266 266 266 266 266 266 267 267 267 267 268 268 268 268 269 269 269 269 269 270 270 270 270 270 270 271 271 271 271 271 271 271 272 272 272 272 272 272 272 272 272 272 272 272 272 272 272 271 271 271 271 271 271 271 271 271 271 271 271 270 270 270 269 269 269 268 268 268
266 266 266 266 266 267 267 267 267 268 268 268 268 268 269 269 269 269 269 270 270 270 270 271 271 271 271 271 271 271 271 271 271 271 271 272 272 272 272 272 272 272 272 272 272 272 272 272 271 271 271 271 271 271 271 271 271 271 271 270 270 270 270 269 269 269 268 268 268
266 266 267 267 267 267 267 267 268 268 268 268 269 269 269 269 269 269 270 270 270 270 271 271 271 271 271 271 271 271 271 272 271 271 271 271 272 272 272 272 272 272 272 272 272 272 272 272 271 271 271 271 271 271 271 271 271 271 271 270 270 270 270 269 269 269 268 268 268
266 266 267 268 266 267 267 268 268 268 268 269 269 269 269 270 270 270 270 270 270 271 271 271 271 271 271 271 271 271 272 272 270 268 271 272 272 272 272 272 272 272 272 272 272 272 272 271 271 271 271 271 271 271 271 271 271 271 270 270 270 270 270 269 269 269 268 268 268
266 266 267 268 266 267 268 268 268 269 269 269 269 269 270 270 270 270 270 270 270 271 271 271 271 271 271 271 271 271 272 272 271 269 271 272 272 272 272 272 272 272 272 272 272 272 272 271 271 271 271 271 271 271 271 271 271 271 270 270 270 270 269 269 269 269 268 268 268
