---
Vertical Velocity & Wind [kt] at 500mb Direction [deg] Valid 1600 NZST ~Z75~(0400Z)~Z~ WED 7 Jan 2026 ~Z75~[100hrFcst@2128z]~Z~
Model= RASP Region= NZ Grid= d2 Reskm= 2.0 Indexs= 1 69 1 69 Proj= lambert 2000 2000 -35.0000 -42.0000 176.0000 -37.7968 175.7263
Day= 2026 1 7 WED ValidLST= 1600 NZST ValidZ= 400 Fcst= 100.0 Init= 94 Param= press500 Direction Unit= cm/sec Mult= 1 Min= 233 Max= 254
246 246 246 246 246 246 246 246 246 245 245 245 245 245 245 245 245 245 245 246 245 245 245 241 243 242 241 241 241 241 241 242 242 242 242 242 242 242 243 242 242 244 246 243 243 243 242 242 242 241 240 240 239 239 238 238 236 237 237 237 237 238 238 239 240 241 241 241 242
246 246 246 246 247 246 246 246 246 245 245 245 245 245 245 245 245 245 245 245 245 244 244 240 242 242 240 240 240 240 241 241 242 242 242 242 242 243 244 243 242 245 247 244 244 243 242 242 241 241 240 239 239 239 238 237 236 237 237 237 238 238 238 238 239 240 240 241 241
246 246 246 246 246 246 246 246 246 245 245 245 245 245 245 244 244 245 245 245 244 244 243 241 241 241 240 240 240 240 240 241 241 242 243 243 243 243 243 243 243 243 244 244 243 243 242 241 241 240 240 239 239 239 238 237 236 237 237 237 238 238 238 239 239 240 240 240 240
246 246 246 246 246 246 246 246 246 245 245 245 244 244 244 244 244 244 244 244 244 243 243 241 241 240 240 240 240 240 240 241 241 242 243 243 244 244 244 243 243 243 243 243 243 242 242 241 240 239 239 239 239 239 238 237 237 237 237 238 238 238 239 239 239 240 240 240 240
246 246 246 246 246 246 246 246 245 245 245 244 244 244 244 244 243 243 243 243 243 243 242 241 240 240 240 240 240 240 240 241 242 243 244 244 244 244 244 243 243 243 243 243 242 242 241 240 239 239 238 238 238 238 238 237 237 237 237 238 238 239 239 239 239 239 239 240 239
247 247 246 246 246 246 245 245 245 245 244 244 244 243 243 243 243 243 243 243 242 242 241 240 240 239 239 239 240 240 240 241 242 243 244 244 244 244 244 243 243 243 242 242 242 241 240 239 239 238 238 238 238 238 237 237 237 237 238 238 238 238 238 238 238 239 239 238 238
246 246 246 246 245 245 245 245 244 244 244 244 243 243 243 243 242 242 242 242 242 241 241 240 240 239 239 240 240 240 241 242 242 243 244 244 244 244 244 243 243 243 242 242 241 240 239 238 238 237 237 237 237 237 237 237 237 237 237 238 238 238 238 238 238 238 238 237 237
246 246 246 245 245 245 244 244 244 244 244 243 243 243 242 242 242 242 242 241 241 241 241 240 240 239 240 240 240 240 241 242 243 243 244 244 244 244 244 243 243 242 242 241 240 239 238 237 237 237 236 236 237 237 237 237 237 237 237 237 238 238 238 238 237 238 238 237 237
246 246 245 245 245 244 244 244 244 244 243 243 242 242 242 242 241 241 241 241 241 241 241 240 240 240 240 240 240 240 241 242 242 243 243 244 244 244 244 243 243 242 241 241 240 239 238 237 237 237 237 237 237 237 237 237 237 237 237 237 237 237 237 237 237 237 237 237 237
246 245 245 244 244 244 244 244 243 243 243 242 242 242 241 241 241 241 241 241 241 241 241 240 240 240 240 240 240 240 241 242 242 242 243 243 244 244 244 243 243 242 241 241 240 239 238 238 238 238 238 237 237 237 237 237 238 237 237 237 237 237 237 237 238 237 238 238 238
245 244 244 244 243 243 243 243 243 242 242 242 242 241 241 241 241 241 241 241 241 241 241 241 241 241 241 240 240 241 241 241 242 242 242 243 243 244 244 243 243 242 242 241 240 239 239 238 238 237 237 237 237 237 237 237 237 238 238 238 238 238 237 237 237 237 237 238 238
244 244 243 243 243 243 243 242 242 242 242 242 242 241 241 241 241 242 242 242 242 242 241 241 241 241 241 241 241 241 241 241 241 241 242 242 243 243 243 243 243 242 242 241 240 240 239 238 237 236 236 236 236 236 236 236 237 238 238 239 239 239 238 238 237 237 237 238 239
244 243 243 242 242 242 242 242 242 242 242 242 242 242 242 242 242 242 242 242 242 242 242 241 241 241 241 241 240 240 240 240 240 240 241 242 243 243 243 243 243 242 242 241 241 240 239 238 237 236 235 235 235 236 236 237 237 238 238 239 240 240 239 238 238 237 237 237 238
243 243 242 242 242 242 242 242 242 242 242 242 242 242 242 242 242 242 242 242 242 242 242 241 241 241 241 241 240 239 239 240 240 240 240 241 242 243 243 243 243 242 242 242 241 240 239 238 237 236 235 235 235 236 237 237 238 238 239 240 240 240 240 239 238 237 237 237 238
243 243 242 242 242 242 242 242 242 242 243 243 243 242 242 242 242 242 242 242 242 242 242 241 241 241 240 240 239 239 239 239 239 240 240 241 242 243 243 243 242 242 242 242 241 239 238 237 236 236 235 235 235 235 236 237 238 239 240 240 241 241 240 240 238 237 237 237 238
243 243 242 242 242 242 242 242 243 243 243 243 243 243 243 243 242 242 242 241 241 241 241 241 240 240 239 239 238 238 238 239 239 239 240 241 242 242 242 242 242 242 242 241 240 239 238 237 236 236 235 235 235 235 236 237 238 239 240 240 241 241 241 240 239 238 238 239 240
243 243 242 242 242 242 242 243 243 243 243 243 243 243 243 243 242 242 241 241 241 241 240 240 239 239 239 238 238 238 238 239 239 240 240 240 241 241 242 242 242 242 242 241 240 239 238 237 236 235 235 235 235 236 237 238 239 239 240 241 241 242 242 241 240 239 238 239 239
243 244 243 242 242 242 243 243 243 243 243 243 244 243 243 242 241 241 240 240 240 240 239 238 238 238 238 238 238 238 238 239 240 240 240 240 241 241 241 242 242 242 242 241 240 239 238 237 236 236 235 235 236 237 238 239 239 240 241 241 242 242 242 242 240 239 238 238 239
244 244 243 243 242 242 243 243 243 243 243 243 244 243 242 241 240 240 239 239 239 238 238 237 237 237 238 238 237 238 238 239 240 240 240 240 240 241 241 242 242 242 241 241 240 239 238 237 236 235 235 235 236 237 239 239 240 241 242 242 243 242 242 241 239 238 238 237 238
243 243 243 243 242 243 243 243 243 243 243 243 243 242 241 240 239 239 238 238 238 237 237 237 237 237 237 237 237 238 239 240 240 240 240 240 240 241 241 241 241 241 241 241 240 239 238 237 236 236 235 235 236 238 239 240 241 242 243 243 243 242 241 240 239 239 238 237 238
242 242 243 243 242 243 243 243 243 243 243 242 242 241 240 239 238 237 237 237 237 237 237 237 237 237 237 237 238 239 239 240 240 240 240 240 241 241 241 241 241 241 241 241 241 240 239 238 237 236 236 235 236 238 239 240 241 242 242 243 243 242 241 240 240 239 239 238 239
242 242 243 242 242 242 242 243 242 242 241 240 239 239 238 238 237 236 236 236 236 237 237 237 238 238 238 238 239 239 239 239 239 240 240 241 241 241 241 241 241 241 242 242 241 241 240 239 238 237 236 236 237 238 239 240 241 241 242 243 243 242 241 241 241 240 240 239 240
242 243 242 242 242 242 242 242 241 240 239 238 238 238 237 237 237 236 236 236 237 237 237 238 238 239 239 239 239 239 240 240 240 240 241 241 241 241 241 241 241 241 242 242 242 241 240 240 238 238 237 236 237 239 240 241 241 241 241 243 244 243 242 241 241 241 241 241 242
242 242 241 241 241 240 240 240 239 238 237 237 237 237 238 238 237 237 237 237 237 238 238 239 239 239 239 239 239 239 240 240 240 240 241 241 241 241 241 241 241 241 241 242 241 241 240 240 239 238 237 237 238 239 240 241 241 241 241 242 243 244 243 242 242 242 243 243 243
240 240 240 240 239 239 238 238 238 237 237 237 237 237 238 238 238 238 237 237 237 238 238 239 239 239 239 238 238 239 239 240 240 240 240 241 241 241 241 241 241 241 241 241 241 241 240 239 239 238 237 237 237 239 240 241 241 241 241 242 243 244 243 242 243 243 244 245 245
240 239 239 239 238 238 237 237 237 237 237 237 237 237 238 238 238 238 237 237 237 237 238 238 238 238 237 237 237 238 239 239 239 239 240 240 241 241 241 241 241 241 241 241 240 240 240 239 239 238 237 237 237 238 240 240 241 240 241 242 244 244 243 243 244 244 245 245 245
239 239 238 238 238 237 237 237 237 237 237 237 237 237 237 238 238 237 237 236 236 237 237 237 237 237 236 236 236 237 238 239 239 239 239 240 240 240 240 240 241 241 241 240 240 240 240 240 239 239 238 238 238 238 239 240 240 240 241 242 244 244 243 243 244 245 245 245 245
239 238 238 238 237 237 237 237 238 237 237 237 237 237 237 237 237 237 236 236 236 236 237 237 237 236 236 236 236 237 238 239 239 239 239 240 240 240 240 240 241 241 241 240 240 239 239 240 240 240 240 239 239 239 239 239 240 240 240 242 244 244 243 242 243 245 245 246 246
238 238 237 237 237 237 237 237 238 237 237 236 236 237 237 237 237 237 236 236 236 236 237 237 237 236 236 236 236 237 238 239 239 239 239 240 240 240 240 240 240 241 240 240 239 239 240 240 241 241 241 240 240 239 239 239 239 239 240 241 243 244 243 242 243 244 245 246 246
238 237 237 237 237 237 237 238 238 237 236 236 236 236 236 237 237 237 236 236 236 237 237 237 237 236 236 236 236 237 238 239 239 239 239 239 239 239 239 240 240 240 240 240 239 239 240 241 241 242 241 241 240 240 239 238 238 238 238 240 242 244 244 244 243 245 245 246 246
237 237 236 236 236 237 237 238 238 237 237 236 236 236 236 236 236 236 236 236 236 237 237 237 237 236 236 236 236 237 237 238 239 239 239 239 239 239 239 239 240 240 240 240 240 240 240 241 241 241 241 241 240 239 238 237 237 237 237 239 242 245 246 246 245 246 246 246 246
237 236 236 236 236 237 237 238 237 237 237 237 236 236 236 236 236 236 236 236 236 237 237 237 237 236 236 236 236 237 238 238 239 239 239 239 239 239 239 239 240 240 240 240 240 240 241 241 241 241 241 241 240 239 237 236 236 237 239 242 245 248 249 248 247 247 247 247 246
236 236 236 236 236 237 238 238 237 237 237 237 236 236 236 236 236 236 235 236 236 236 237 237 236 236 236 236 236 237 237 238 239 239 239 239 239 239 239 239 240 240 240 240 240 241 241 242 242 242 242 241 240 238 236 236 237 240 243 246 248 249 249 249 248 248 247 246 246
236 236 236 236 236 237 237 237 237 236 236 236 236 236 236 235 235 235 235 235 236 236 236 236 236 236 236 236 236 237 237 238 238 239 239 239 239 239 238 239 240 240 240 240 240 240 242 243 243 243 242 241 239 238 237 238 241 244 246 247 247 248 248 248 248 247 247 246 246
236 236 236 236 236 237 237 237 236 236 236 236 236 235 235 235 235 235 235 235 235 236 236 236 236 236 236 236 236 237 237 237 238 238 239 239 239 238 238 239 240 240 240 239 239 240 241 242 243 242 241 240 239 239 240 242 244 245 245 245 246 247 247 247 247 246 246 246 246
236 236 236 236 236 236 237 236 236 235 235 235 235 235 235 235 235 235 235 235 235 236 236 236 236 236 236 236 236 236 237 237 238 238 238 238 238 238 238 239 240 241 240 240 239 240 241 242 242 241 240 240 240 241 243 244 244 243 244 245 245 246 246 246 246 246 246 246 245
235 235 236 236 236 236 236 236 235 235 235 235 235 234 234 234 234 234 235 235 235 236 236 236 235 235 236 236 236 236 237 237 237 237 238 238 238 238 238 239 240 240 240 240 240 240 241 241 241 240 240 241 242 244 244 244 243 243 243 244 245 245 245 246 246 246 245 245 245
235 235 236 236 236 236 236 235 235 235 235 235 235 234 234 234 234 234 234 235 235 236 236 235 235 235 235 236 236 236 236 237 237 237 237 238 238 238 238 239 239 239 239 239 240 241 241 241 240 241 242 243 244 244 244 243 243 242 243 244 244 244 245 246 246 245 245 245 245
235 235 235 235 235 235 235 235 234 234 235 235 234 234 234 233 233 234 234 235 235 236 236 235 235 235 235 236 236 236 236 237 237 237 237 238 238 238 238 239 239 239 238 238 240 241 241 241 241 242 242 243 243 244 243 243 242 242 243 243 243 244 245 245 245 245 244 244 244
235 235 235 235 235 235 235 234 234 234 234 234 234 234 233 233 233 233 234 235 235 236 236 235 235 235 235 236 236 236 237 237 237 237 238 238 239 239 238 239 239 239 239 239 240 240 241 241 241 242 242 242 243 243 243 243 242 242 243 243 243 244 244 244 244 244 244 244 244
235 235 235 235 235 235 235 234 234 234 234 234 234 234 233 233 233 233 234 235 235 236 236 236 235 235 236 236 236 236 237 237 237 238 238 238 239 240 239 238 238 239 240 241 241 241 241 241 241 242 242 242 242 242 243 243 243 243 243 243 243 243 243 244 244 244 244 244 244
234 234 234 234 234 235 234 234 234 234 234 234 234 233 233 233 233 233 234 235 235 235 236 236 236 236 236 236 237 237 237 237 238 238 239 239 239 240 239 238 238 239 240 241 241 241 241 241 241 242 243 243 243 243 243 244 243 243 243 243 243 243 243 243 243 244 244 244 244
233 233 234 234 234 234 234 234 233 234 234 234 233 233 233 233 233 234 234 235 235 236 236 236 236 236 237 237 237 237 237 238 238 238 239 239 239 239 239 238 239 239 240 241 241 241 241 241 242 242 243 243 243 243 244 244 244 243 243 243 243 243 243 243 243 243 244 244 244
234 234 234 234 234 234 234 234 233 233 234 234 234 234 234 233 233 234 235 235 236 236 236 236 236 237 237 238 237 237 237 238 238 239 239 240 240 239 238 238 239 240 241 242 241 241 241 241 242 243 243 243 243 243 244 244 243 243 243 243 243 243 243 243 243 243 243 244 244
234 234 234 234 234 234 234 234 234 234 233 233 234 234 234 234 234 234 235 236 236 236 236 236 236 237 238 238 238 238 237 238 238 239 239 240 240 240 239 238 239 240 242 242 242 242 241 242 242 242 242 243 243 243 243 243 243 243 243 243 243 243 243 243 243 243 244 244 244
233 234 234 234 234 234 234 234 234 234 233 233 234 234 234 234 234 234 235 236 236 236 236 236 237 237 238 238 238 238 238 238 239 239 239 239 240 240 240 239 240 241 242 242 242 241 241 242 242 241 242 242 243 243 243 243 243 243 243 243 243 243 243 243 244 244 244 244 244
233 234 234 234 234 234 234 234 234 234 234 234 234 235 234 234 234 234 235 236 236 236 236 236 237 237 238 239 239 239 239 239 239 239 239 239 240 239 239 239 240 241 241 241 241 241 241 241 241 241 241 242 243 243 243 243 243 243 243 243 243 243 244 244 244 244 244 244 245
233 234 234 234 234 234 234 234 234 234 234 234 234 235 235 234 234 234 235 236 237 237 236 236 237 237 238 239 239 239 239 239 240 239 239 239 239 239 239 239 239 240 240 240 240 240 240 240 240 241 242 242 243 243 243 243 243 243 243 244 244 244 244 244 245 245 245 245 245
233 234 234 234 234 234 234 234 234 234 234 234 234 235 235 234 234 235 236 237 237 237 237 237 237 238 239 240 240 240 239 239 240 240 239 238 238 239 238 238 239 240 240 240 240 240 240 240 241 242 242 243 243 243 244 244 243 243 244 244 244 245 245 245 245 245 245 245 245
234 234 234 234 234 234 234 234 234 234 234 234 234 235 235 235 235 235 236 237 238 238 237 237 237 238 239 240 240 239 239 239 239 239 239 238 238 239 238 239 239 240 240 240 240 240 240 240 241 242 243 243 243 243 243 244 244 244 244 244 245 245 245 245 245 245 245 244 244
234 234 234 234 234 234 234 234 235 235 235 235 235 235 235 235 235 236 236 237 238 238 237 237 238 238 239 239 239 239 239 239 239 239 239 239 239 239 239 239 240 240 240 240 239 240 240 240 241 242 243 243 243 243 243 244 244 244 244 244 245 245 245 245 244 244 244 244 244
234 234 234 234 234 235 235 235 235 235 235 235 235 235 235 236 236 235 236 236 237 237 238 238 238 238 239 239 239 239 239 239 239 239 239 239 240 239 239 239 240 240 240 239 239 239 240 241 242 243 244 244 244 244 244 244 245 245 245 244 244 244 244 244 244 244 244 244 244
234 234 234 234 235 235 235 235 235 235 235 235 235 235 236 236 236 235 235 236 237 237 238 238 238 238 238 239 239 238 238 239 239 239 239 239 239 239 239 239 240 240 240 239 238 239 240 241 243 244 245 245 245 245 245 245 245 245 245 245 244 244 244 244 244 244 244 244 244
234 234 234 235 235 235 235 235 235 235 235 235 236 236 236 236 236 236 236 236 237 238 237 237 237 238 238 239 239 238 238 239 239 239 239 239 239 239 239 239 240 240 239 238 238 239 241 242 243 244 245 245 245 245 245 245 245 245 245 245 244 244 244 244 244 244 244 245 245
234 234 234 235 235 235 235 235 235 235 235 236 236 236 236 236 236 236 237 237 237 237 237 237 237 238 238 239 239 238 239 239 240 239 239 239 239 239 239 239 240 240 238 237 237 240 241 242 243 244 244 245 244 244 244 245 245 245 245 245 245 245 245 245 245 245 245 245 246
234 234 234 235 235 235 235 235 235 235 236 236 236 236 236 236 236 237 237 237 237 237 237 237 237 238 239 239 239 239 239 239 240 240 240 239 240 240 240 239 239 239 238 237 237 240 242 242 243 244 244 244 244 244 244 244 245 245 245 245 245 245 245 245 245 245 246 246 247
234 234 235 235 235 235 235 235 235 236 236 236 236 236 236 236 237 237 237 237 237 237 237 237 238 238 239 239 239 239 239 239 240 241 240 240 240 240 240 240 239 239 238 237 238 240 241 242 243 244 244 244 244 244 244 244 245 245 245 245 245 245 245 246 246 246 246 247 247
234 235 235 235 235 235 235 235 236 236 236 236 236 236 236 237 237 237 238 237 237 237 237 237 238 238 239 239 239 239 239 239 240 241 241 241 241 241 241 241 240 238 238 238 239 240 241 242 243 244 244 244 244 244 244 245 245 245 245 245 245 246 246 246 246 247 247 247 248
234 235 235 235 235 235 236 236 236 236 236 236 236 236 237 237 237 238 238 237 237 237 237 237 238 239 239 239 240 240 240 240 240 241 241 241 241 241 241 241 240 239 238 238 239 241 242 242 243 244 244 244 244 244 244 245 246 246 246 246 246 246 246 247 247 247 247 248 248
234 235 235 235 235 235 236 236 236 236 236 236 236 236 237 237 238 238 238 238 238 238 238 238 238 239 239 240 240 240 240 240 240 240 240 240 240 240 241 241 241 240 238 237 238 240 242 242 243 244 244 244 244 244 244 245 246 246 246 246 246 246 247 247 247 247 247 248 248
234 235 235 235 235 235 235 236 236 236 236 236 236 237 237 237 238 238 238 238 238 238 238 238 238 239 239 240 240 240 240 240 240 240 240 240 240 240 240 240 240 240 238 238 238 240 241 242 243 244 244 244 244 244 244 245 246 246 246 246 246 247 247 247 248 248 248 248 248
234 234 235 235 235 235 235 236 236 236 236 236 237 237 237 238 238 238 239 239 238 238 238 238 238 239 239 239 240 240 239 239 240 240 241 241 240 240 240 240 240 240 239 239 239 240 242 243 243 244 244 244 244 244 244 245 246 246 246 246 246 247 247 248 248 248 248 249 249
234 234 234 235 235 235 235 236 236 236 236 237 237 237 238 238 238 239 239 239 238 238 239 239 239 239 239 240 240 240 240 240 240 240 241 241 241 240 240 240 240 240 239 240 240 241 242 243 243 244 244 244 244 244 244 245 246 246 247 247 247 247 248 248 249 249 249 249 250
234 234 234 235 235 235 235 236 236 236 237 237 237 238 238 238 239 239 239 239 239 239 239 239 239 240 240 240 240 240 240 240 240 240 241 241 241 241 241 240 240 239 240 240 241 241 242 243 243 244 244 244 244 244 244 245 246 247 248 248 248 248 249 249 250 250 250 250 251
234 234 234 235 235 235 236 236 236 237 237 237 238 238 238 239 239 239 239 239 239 239 240 240 240 240 240 240 240 241 241 240 240 240 241 241 242 242 242 240 240 240 240 241 242 242 243 243 244 244 244 244 244 244 245 245 246 247 248 249 249 249 250 250 251 251 251 251 251
234 234 234 235 235 236 236 236 237 237 237 237 238 238 239 239 239 239 239 240 240 240 240 240 240 240 240 240 240 241 241 241 241 240 240 241 242 242 242 241 240 241 241 242 243 243 244 244 244 244 244 244 245 245 245 246 247 248 248 249 250 250 251 251 251 252 252 252 252
234 234 234 235 235 236 236 237 237 237 237 238 238 239 239 239 240 240 240 240 240 240 240 241 240 240 240 240 241 241 241 241 241 240 240 241 242 242 242 242 242 242 242 243 243 244 244 244 244 244 245 245 245 246 246 247 247 248 249 250 250 251 251 252 252 252 253 253 253
234 234 234 235 237 236 236 237 237 237 237 238 238 239 240 240 240 240 241 241 241 241 241 241 241 241 241 241 241 241 241 240 241 241 241 241 242 243 243 243 243 242 243 244 244 245 245 245 245 245 245 246 246 246 247 248 248 249 250 250 251 251 252 252 253 253 253 253 254
235 235 235 235 237 236 237 237 237 237 238 238 239 239 240 240 240 240 241 241 241 241 241 242 241 241 242 242 242 242 241 241 241 241 241 242 242 243 243 243 244 243 244 245 245 246 246 245 245 246 246 246 247 247 248 248 249 250 250 251 251 252 252 253 253 253 254 254 254
