---
Wind at 2m Direction [deg] Valid 1100 NZST ~Z75~(2300Z)~Z~ WED 7 Jan 2026 ~Z75~[95hrFcst@2128z]~Z~
Model= RASP Region= NZ Grid= d1 Reskm= 6.0 Indexs= 1 79 1 99 Proj= lambert 6000 6000 -35.0000 -42.0000 176.0000 -38.5000 176.0000
Day= 2026 1 7 WED ValidLST= 1100 NZST ValidZ= 2300 Fcst= 95.0 Init= 94 Param= sfcwind0 Direction Unit= m/sec Mult= 1 Min= 0 Max= 360
352 335 295 252 260 288 302 291 314 321 327 344 344 356 13 21 21 21 20 19 18 16 14 13 9 4 354 345 332 319 301 274 273 294 293 295 298 301 308 217 169 144 33 10 0 356 354 353 352 352 353 355 358 1 4 6 8 10 12 14 16 18 18 18 16 13 10 8 7 6 6 7 8 9 10 11 13 14 14
346 326 299 253 271 292 308 307 319 326 334 339 333 341 5 14 16 18 20 21 21 20 18 16 10 3 355 346 336 324 306 279 279 298 304 308 310 312 317 317 303 21 7 3 0 358 357 355 354 354 355 357 360 2 4 6 8 9 12 15 17 18 17 17 16 13 11 8 7 6 6 6 7 9 10 11 13 14 14
358 346 338 315 304 303 306 311 314 320 325 334 339 346 359 6 12 17 20 21 21 21 21 18 12 4 358 350 342 331 315 304 304 309 316 319 319 318 319 322 328 343 351 356 359 360 358 357 356 357 359 1 4 5 6 7 8 9 12 15 19 20 17 15 14 12 10 8 7 6 6 6 7 8 10 11 12 13 14
6 355 346 325 313 307 307 308 311 311 305 309 332 343 351 359 8 14 18 18 19 20 22 23 16 4 356 353 346 331 317 306 304 314 323 323 321 320 318 320 322 324 329 341 355 359 357 356 359 3 8 11 11 10 10 8 8 8 9 12 17 19 15 9 8 9 9 8 6 5 5 5 6 8 9 10 12 13 14
14 4 354 332 318 310 305 304 309 298 287 298 336 342 343 348 358 8 13 13 13 15 18 22 21 8 355 350 344 326 314 302 296 308 319 318 315 312 309 310 309 308 307 320 345 354 352 352 2 12 17 19 17 15 13 8 6 4 0 358 359 10 7 359 1 6 7 6 4 4 4 4 5 6 8 10 11 13 14
20 11 2 345 329 318 308 308 309 290 311 344 347 336 332 332 342 356 4 7 7 8 9 13 17 12 359 346 338 330 323 313 308 315 323 319 315 312 310 310 310 307 305 318 341 348 348 357 12 16 17 17 16 15 13 10 8 6 2 359 3 27 19 5 3 5 4 3 2 2 3 3 4 6 7 9 11 13 14
21 13 5 355 341 326 312 311 299 287 312 321 324 321 318 317 325 339 350 356 359 1 2 4 8 9 0 347 340 339 330 314 308 313 321 319 316 313 311 310 308 304 302 311 326 335 344 8 23 23 21 21 20 18 16 14 11 7 2 356 1 55 21 3 1 2 1 0 0 0 1 2 3 4 6 8 11 13 14
13 6 360 356 348 333 321 314 299 294 300 305 309 310 309 308 314 324 335 342 348 352 354 355 359 2 1 351 341 338 329 311 305 309 318 317 314 311 309 306 304 301 300 305 310 315 335 15 27 27 25 24 23 21 21 19 16 10 4 358 31 98 26 2 358 358 358 358 358 359 0 1 2 4 5 8 11 13 14
349 348 346 349 348 340 331 322 313 305 302 304 306 307 306 307 311 316 323 330 337 343 347 348 350 352 356 351 335 327 319 306 301 307 312 312 309 306 304 301 299 298 299 302 303 306 326 20 31 32 32 29 27 26 25 24 20 14 9 9 89 95 26 1 355 355 355 356 357 358 359 0 1 3 5 7 10 12 14
314 320 325 334 343 342 339 335 327 319 314 312 310 308 307 308 309 312 316 321 327 334 339 341 342 343 347 341 325 317 310 303 298 302 304 304 303 303 301 299 296 296 299 301 302 304 310 24 36 38 38 35 32 31 30 28 24 19 16 30 84 74 20 359 353 352 353 354 355 357 358 359 1 2 4 7 10 12 14
293 299 304 313 326 331 335 335 333 328 323 317 312 309 307 306 306 308 311 315 320 327 332 335 334 335 335 330 321 315 307 299 295 297 298 298 300 301 300 299 296 295 297 298 300 301 300 37 41 43 44 41 37 35 33 32 28 22 22 39 65 47 11 355 350 350 351 353 354 356 357 359 0 2 4 6 10 12 14
283 286 290 295 301 306 311 315 316 316 314 310 307 304 303 302 303 305 308 311 316 322 327 329 328 328 327 323 317 310 300 292 290 294 296 296 296 297 298 298 296 295 295 297 299 298 300 30 46 49 49 46 42 38 37 34 30 24 24 33 40 21 1 352 348 348 350 351 353 355 357 358 360 2 4 6 9 12 14
277 279 282 284 286 288 291 294 296 299 300 300 299 299 300 300 300 302 304 308 313 318 322 324 323 322 320 318 309 302 295 289 285 287 293 294 292 292 294 295 296 296 296 297 296 295 299 333 50 52 54 50 47 42 39 36 31 24 20 20 16 4 354 349 347 347 349 350 352 354 356 358 360 2 4 6 9 12 14
273 275 277 279 279 280 282 285 287 290 292 294 296 297 298 298 300 302 304 307 311 314 318 320 319 318 315 312 301 297 293 288 283 281 286 290 289 288 289 291 293 295 297 296 292 292 291 297 50 54 58 53 50 46 42 38 32 23 14 8 2 355 350 347 346 347 348 350 351 354 356 358 360 2 4 6 9 12 14
271 273 274 276 276 277 279 282 285 287 290 293 295 296 298 299 301 302 304 307 309 313 315 317 316 314 311 307 296 294 290 285 280 277 279 285 287 285 283 284 286 291 294 294 289 287 284 299 70 56 61 56 53 50 46 41 34 22 10 1 355 350 348 346 346 347 348 349 351 354 356 359 0 3 4 7 10 12 14
270 272 273 274 276 277 279 282 285 288 291 293 295 296 298 300 302 303 305 307 309 312 315 315 313 311 307 304 294 290 287 283 278 276 277 282 286 284 280 279 281 285 290 290 287 283 281 287 73 61 61 60 56 54 50 45 37 24 9 359 353 350 348 347 347 348 349 350 352 354 357 360 1 3 5 7 10 12 14
270 271 272 273 275 277 279 282 284 287 289 292 295 297 299 301 303 304 306 307 309 312 314 313 311 308 303 300 292 289 286 283 279 278 280 281 285 286 283 281 280 280 282 284 283 282 280 282 91 69 61 61 60 57 54 50 42 29 13 1 355 352 350 348 348 349 350 351 353 356 359 1 2 4 6 8 10 12 14
270 271 272 274 275 277 280 282 285 287 290 293 296 298 300 302 303 304 306 308 310 311 311 310 308 304 300 297 292 290 286 283 281 281 281 282 284 291 292 288 281 279 280 282 282 282 281 274 143 81 65 60 62 61 58 54 48 36 21 8 0 356 353 351 351 352 353 354 356 358 0 2 4 5 7 8 11 13 14
271 272 273 275 276 278 281 283 286 288 291 294 297 299 301 303 304 305 307 309 310 309 308 307 305 301 298 293 290 287 284 281 282 282 283 283 284 289 292 291 284 280 281 282 280 277 273 269 264 90 74 62 60 66 61 58 52 42 29 16 7 2 358 356 355 355 356 357 359 360 1 3 5 6 8 9 11 13 14
272 273 275 276 278 280 282 284 287 290 293 296 298 301 302 304 305 306 308 309 309 308 306 305 302 298 295 287 284 281 280 281 282 283 285 286 286 284 288 292 289 282 282 284 280 277 275 282 286 55 77 65 59 68 64 60 55 46 35 24 14 8 4 0 359 359 360 0 1 1 2 4 5 7 8 10 12 13 14
273 275 276 278 280 282 284 287 290 293 295 298 302 304 304 304 306 307 308 308 307 306 304 302 298 294 289 282 279 279 282 283 282 283 286 288 286 284 285 290 291 288 288 288 283 291 321 320 295 63 76 70 64 70 68 62 57 48 39 29 20 14 9 6 3 3 3 3 2 2 3 4 6 8 9 11 12 14 15
274 276 278 279 281 285 289 292 294 297 301 302 303 302 303 304 305 307 307 307 305 303 300 296 291 286 281 279 278 280 282 284 283 283 286 287 286 286 286 287 287 287 288 286 282 295 334 303 297 58 87 76 67 72 70 64 57 49 40 32 25 19 15 11 9 8 7 5 4 3 4 5 7 9 10 11 13 14 15
275 276 278 281 283 286 289 292 296 299 301 302 303 303 304 304 305 305 304 303 301 298 293 287 283 279 276 276 277 279 281 283 284 285 285 283 283 286 288 287 286 287 288 282 282 274 305 330 316 335 89 92 73 69 74 63 58 49 41 34 29 24 20 18 15 13 11 8 5 4 5 6 8 9 11 12 13 14 15
275 277 279 282 284 287 290 294 298 301 302 303 304 304 304 304 303 303 302 299 295 290 284 279 276 274 274 276 280 282 282 282 284 284 281 276 278 284 285 287 286 285 284 282 275 279 358 342 306 323 17 83 76 70 69 65 57 50 43 36 32 28 25 24 22 19 15 10 7 6 6 7 9 10 11 13 14 15 15
275 277 280 282 285 288 292 296 300 302 304 305 305 304 303 302 301 300 297 292 285 281 281 279 280 279 279 281 283 282 281 281 282 280 276 274 274 276 278 279 280 283 285 283 275 276 288 322 305 323 7 52 87 82 57 65 56 52 45 39 35 31 29 28 27 24 18 12 9 7 7 8 10 11 12 13 14 15 16
275 278 280 283 286 290 294 297 301 303 305 305 304 303 301 299 298 295 290 285 281 279 281 283 283 282 283 283 282 280 279 280 278 275 275 274 272 267 265 263 270 278 281 273 267 256 285 321 303 355 29 51 76 75 52 59 58 54 50 44 39 34 31 31 31 27 21 14 10 8 8 9 10 12 12 13 15 16 17
275 277 280 283 287 290 294 298 302 305 306 305 304 301 298 295 292 287 282 279 278 277 275 276 279 283 284 284 281 279 277 276 274 272 272 272 270 264 257 256 267 276 274 260 253 268 290 308 9 39 40 43 53 63 53 56 60 59 56 51 45 38 34 34 33 29 22 16 12 10 9 10 11 12 13 14 15 16 17
275 277 280 283 287 291 295 299 303 306 307 305 301 295 290 286 281 278 275 274 274 272 271 273 279 282 283 282 280 278 276 276 276 275 273 268 262 258 252 249 259 268 269 258 252 284 295 54 53 54 53 52 55 60 60 59 65 66 64 59 52 45 40 38 37 32 25 18 13 11 11 12 13 13 13 14 15 16 17
274 277 279 283 287 291 295 300 304 308 306 302 294 287 278 273 271 271 271 271 273 275 276 278 279 279 281 281 278 277 277 277 278 275 269 263 256 251 247 244 248 256 265 268 260 269 280 85 78 70 70 73 71 67 70 69 72 75 73 68 62 55 50 48 44 37 29 22 16 13 13 13 14 14 14 14 15 16 17
273 276 278 282 286 290 295 300 306 309 302 294 285 279 274 273 272 272 272 272 274 277 279 280 279 281 281 277 275 277 281 280 275 269 264 263 257 248 243 241 244 250 258 268 269 256 241 151 85 72 72 74 80 81 77 82 82 84 81 77 72 67 65 62 55 45 35 26 20 16 15 15 16 15 14 14 16 17 18
272 274 277 281 285 289 295 301 309 305 295 287 280 276 274 273 271 270 270 272 275 280 283 280 278 282 281 276 275 279 283 281 274 269 267 263 259 248 239 237 239 245 249 258 256 240 233 154 90 84 80 80 86 93 89 93 93 92 89 85 81 80 81 78 67 53 41 31 24 20 18 18 17 16 15 15 16 17 19
271 273 276 279 283 288 293 303 305 296 290 285 278 271 266 262 260 261 266 276 283 286 283 278 278 280 281 280 281 283 280 273 269 266 263 261 262 255 242 235 236 242 241 242 238 222 221 159 108 99 93 93 98 100 102 104 103 100 97 93 91 91 93 89 78 62 48 37 28 23 21 20 19 17 15 15 16 18 19
269 272 274 277 281 285 291 301 296 292 290 283 271 260 254 254 257 264 281 294 295 291 285 283 287 282 277 281 288 286 277 269 262 253 249 248 249 247 238 226 227 236 237 230 224 211 188 148 113 97 93 93 103 107 110 111 110 108 106 103 101 102 103 100 88 71 54 41 33 28 25 23 21 18 16 16 17 18 20
268 270 272 275 279 280 289 286 278 277 280 275 265 252 242 247 262 295 320 310 299 290 287 297 299 290 282 284 288 282 275 270 262 246 229 226 232 234 232 222 219 228 232 227 210 199 175 148 116 110 108 101 101 109 116 117 117 117 116 114 112 113 114 110 98 79 59 44 37 32 28 26 22 19 17 16 18 19 20
266 268 270 272 274 277 279 276 269 263 261 260 261 267 259 266 328 352 339 313 297 289 291 298 292 288 288 287 284 279 272 263 261 259 234 214 227 236 231 218 215 222 225 226 207 172 160 153 134 126 122 117 113 118 121 122 123 124 125 124 122 122 122 118 107 88 64 45 39 35 32 28 24 20 18 17 18 20 21
264 266 268 269 270 273 268 268 265 255 247 251 270 292 290 313 355 355 338 313 299 292 295 293 292 295 291 284 280 276 270 266 267 277 280 247 272 292 293 257 234 235 236 241 250 86 101 247 118 126 122 119 121 127 127 127 128 130 131 131 129 129 128 125 119 99 69 48 39 39 35 30 25 22 19 18 19 20 21
262 264 265 266 267 267 265 257 252 251 251 258 274 283 287 310 333 341 330 313 299 294 295 299 294 294 292 290 286 278 276 274 274 278 273 265 321 326 320 306 289 281 285 301 327 344 348 324 323 321 39 112 123 124 130 128 131 134 136 136 134 134 133 134 131 87 66 56 42 42 37 32 26 23 20 19 20 20 21
260 262 262 263 264 263 262 254 252 255 260 267 274 279 288 306 321 327 321 307 296 292 295 296 290 290 283 286 286 285 283 279 277 275 277 296 330 328 321 314 308 302 305 319 319 312 312 318 322 314 306 53 122 131 137 128 133 137 139 138 137 136 135 135 112 56 57 54 49 44 39 33 27 24 21 20 20 21 22
258 259 260 260 261 260 259 254 252 253 259 265 275 283 292 303 314 319 313 302 293 289 290 288 289 289 279 277 279 284 283 280 280 282 292 302 309 317 316 316 315 312 313 315 309 305 312 316 310 297 302 312 102 138 136 137 142 137 137 135 134 133 132 126 99 67 60 54 54 48 41 34 28 24 22 21 21 22 22
256 256 257 257 258 258 256 254 253 254 258 264 273 280 288 297 311 313 306 296 289 286 284 282 283 282 281 283 289 284 279 282 284 284 287 285 295 316 319 316 314 311 310 307 302 304 308 307 299 295 294 301 300 222 152 139 137 138 142 142 140 142 145 143 119 80 64 54 56 50 43 36 29 26 23 22 22 22 22
253 254 254 254 255 256 255 253 252 254 258 263 270 274 279 285 295 297 295 288 286 285 283 278 275 273 275 279 280 277 279 284 282 277 276 274 307 332 327 315 315 311 307 303 303 304 304 302 297 294 294 297 305 307 293 234 153 140 139 141 144 155 163 165 141 82 57 52 58 54 47 39 32 28 25 23 22 22 23
251 252 252 252 253 254 253 252 251 253 256 261 266 271 275 279 284 291 292 286 282 282 281 277 271 272 273 269 267 270 272 273 271 269 270 274 324 2 352 324 318 311 307 299 298 299 301 301 297 294 295 300 307 304 308 303 287 160 147 140 151 177 186 191 147 70 63 60 62 60 52 43 36 31 27 24 23 22 22
249 249 249 249 251 252 252 250 250 251 254 258 261 265 269 274 279 288 292 288 281 279 276 275 276 276 273 271 267 265 264 264 267 265 263 262 338 29 23 354 320 307 297 290 290 293 294 293 291 294 298 306 306 299 295 303 303 266 182 144 158 199 201 282 41 59 77 75 69 66 58 49 41 35 30 26 23 23 23
246 247 247 247 249 250 250 249 248 249 251 254 256 259 263 267 274 279 287 281 276 273 273 275 276 275 274 272 269 267 266 264 262 263 259 260 319 36 35 11 315 296 287 285 286 290 286 284 288 296 304 311 307 295 307 315 296 272 250 163 146 189 294 23 61 76 94 89 76 72 64 56 46 39 33 27 23 23 23
244 244 245 245 246 248 248 247 247 248 249 250 252 254 258 263 268 274 281 273 268 267 268 271 271 270 268 268 267 267 265 262 260 260 263 260 28 58 45 8 298 280 280 282 283 286 282 281 286 297 304 308 305 302 308 293 277 273 263 277 128 119 32 53 74 89 100 97 83 77 70 62 51 42 35 28 24 23 23
241 242 242 242 244 245 246 245 245 246 247 247 249 251 254 258 262 265 272 267 264 263 261 262 265 263 261 259 259 260 262 262 264 262 261 258 139 94 86 332 263 265 271 277 277 271 269 275 284 295 304 306 305 307 305 288 283 298 300 303 329 341 18 54 76 103 109 105 90 80 72 64 53 44 37 29 24 23 23
239 239 240 240 242 243 243 243 243 244 244 245 246 248 250 253 255 257 257 263 264 261 258 257 259 260 260 259 258 255 257 263 266 264 256 259 245 235 231 226 232 248 258 265 270 271 271 275 285 297 307 304 303 308 304 303 304 301 294 300 325 334 0 49 75 108 121 119 98 85 76 63 51 45 37 30 24 23 23
237 237 237 237 239 241 241 241 241 241 242 242 243 244 245 247 246 248 242 255 262 259 254 253 254 256 257 257 256 255 256 259 260 262 257 252 256 258 257 251 236 234 241 247 259 270 275 283 293 306 310 303 305 309 303 301 296 291 291 303 308 308 352 47 67 83 118 121 98 91 82 64 48 44 37 30 24 23 23
234 234 235 235 236 238 238 238 238 238 239 239 239 240 240 240 238 237 235 238 250 252 245 241 246 249 251 250 251 255 256 255 254 259 261 260 260 263 264 264 259 242 236 237 251 265 271 277 286 299 299 296 302 305 304 300 293 294 305 305 306 303 337 49 52 72 105 119 91 85 75 62 48 42 38 30 24 23 23
232 232 232 232 234 235 235 235 235 235 235 235 235 235 235 234 231 229 230 229 242 247 242 232 236 243 246 246 244 249 251 253 253 257 264 268 267 265 265 265 261 250 242 246 254 268 271 269 274 281 293 294 292 305 307 296 291 296 298 299 301 301 314 4 74 93 144 152 101 84 72 66 53 41 37 30 24 23 23
229 229 230 230 231 232 232 232 232 232 232 232 232 231 231 229 226 224 226 227 237 242 247 239 236 240 242 245 242 240 248 253 251 248 253 260 269 268 267 266 273 270 259 256 258 260 262 269 271 276 280 281 285 291 289 292 295 293 291 297 301 306 314 314 33 82 229 185 97 85 75 64 54 42 38 31 24 23 23
226 226 227 227 228 229 229 229 229 228 228 228 228 228 227 225 222 222 224 227 238 245 254 253 243 241 240 241 240 237 244 251 250 248 251 257 259 261 264 268 286 282 276 263 248 251 263 267 261 259 258 269 282 281 281 287 286 286 297 304 306 308 305 294 298 295 225 195 109 86 77 66 56 44 39 31 24 23 23
224 224 225 225 225 226 226 226 225 225 225 224 224 224 224 222 218 219 224 228 241 251 254 252 246 242 238 234 233 236 244 251 254 258 263 260 256 265 274 273 271 269 267 261 261 268 273 267 259 267 272 277 279 282 287 280 279 291 308 308 306 309 306 301 299 270 237 177 126 101 89 73 57 43 40 32 25 23 23
220 221 222 222 223 223 223 222 222 222 221 221 221 221 220 218 215 216 223 228 236 246 247 247 244 241 235 229 227 233 243 253 259 262 265 264 273 285 284 272 261 263 261 256 266 269 264 260 270 262 265 292 307 308 283 281 293 304 307 304 307 312 308 300 298 279 260 231 155 103 86 70 56 43 41 34 26 23 23
217 218 219 219 219 220 219 219 219 219 218 218 217 218 217 215 212 214 221 227 232 240 239 239 241 238 236 235 235 237 243 252 258 261 266 269 279 289 282 271 268 261 248 249 261 266 252 261 276 278 299 312 308 306 304 308 313 313 313 315 317 311 302 296 293 287 257 238 165 90 82 74 60 45 42 35 27 24 23
214 215 216 216 216 216 216 216 216 215 215 215 215 215 215 212 210 212 220 227 231 240 247 251 258 251 245 242 241 243 247 253 257 263 271 278 286 290 281 272 268 258 246 252 272 281 261 271 291 331 332 308 294 305 316 321 322 318 325 327 319 308 301 297 291 285 269 233 122 92 89 79 63 49 43 37 29 25 22
210 211 212 212 213 213 213 213 212 212 212 212 212 212 212 209 208 211 218 226 233 244 261 270 271 261 250 242 240 244 252 257 259 263 275 288 292 290 283 274 265 259 260 266 270 281 270 266 295 326 330 326 329 326 324 333 333 331 335 326 315 307 303 296 286 281 276 244 117 89 85 74 59 49 44 40 31 25 22
207 208 209 209 209 209 209 209 209 209 209 208 209 209 209 207 206 210 217 225 234 244 255 262 261 256 246 243 248 249 252 260 261 258 267 288 294 288 280 272 263 260 264 259 257 283 293 307 323 342 348 353 353 344 356 354 342 340 335 326 321 310 302 290 283 286 285 281 125 97 88 80 68 56 48 41 32 25 21
203 204 206 205 206 206 206 205 205 205 205 205 206 206 206 205 205 208 215 224 232 245 251 251 248 247 243 242 254 256 256 261 261 258 264 279 287 285 276 267 259 256 258 251 253 310 335 342 340 350 355 1 358 354 358 352 346 342 336 328 323 312 303 292 292 291 287 283 253 91 85 83 72 58 51 43 32 24 20
200 201 202 202 202 202 202 202 202 202 202 202 203 203 203 203 203 207 212 221 228 236 243 245 245 243 246 243 249 260 265 266 263 260 262 268 273 275 270 262 258 258 262 268 312 356 3 358 356 356 352 355 356 353 350 347 345 339 331 322 316 312 303 299 298 293 286 281 298 18 61 79 75 65 58 44 31 22 17
196 197 199 198 198 199 199 199 199 199 199 200 200 200 201 201 202 205 209 214 222 226 226 230 235 238 241 243 249 260 266 265 259 251 249 254 260 263 261 259 261 268 275 299 344 360 4 0 359 356 349 350 349 345 344 343 340 335 330 322 316 314 307 302 297 292 288 291 316 344 25 78 78 65 61 45 29 19 14
193 194 195 195 195 195 195 195 196 196 197 197 197 198 199 199 200 203 207 210 216 226 229 231 240 242 243 241 250 254 256 254 248 244 242 243 250 255 256 255 261 274 287 324 359 4 4 2 359 357 353 350 346 346 344 341 338 333 327 320 315 311 305 300 295 290 289 301 318 320 321 28 50 34 32 35 25 16 11
190 191 192 191 191 192 192 192 193 194 194 195 195 196 197 198 199 201 204 207 213 224 238 250 255 251 252 240 239 246 250 246 243 246 247 241 244 251 252 250 260 285 314 348 8 7 4 5 2 358 356 353 349 344 340 337 333 328 322 316 310 306 300 295 285 285 288 301 314 317 318 332 13 19 8 9 15 12 8
187 188 189 188 187 188 189 189 190 191 192 192 193 194 195 196 197 199 201 205 211 219 230 237 242 246 245 238 224 234 243 244 243 246 247 243 242 245 250 260 296 327 343 359 8 9 5 4 5 2 357 352 346 341 337 333 328 322 316 310 305 299 295 287 282 285 291 303 314 316 318 318 341 10 3 359 6 5 3
184 185 185 184 184 185 186 187 188 189 189 190 190 191 192 194 195 197 199 203 208 217 230 233 236 237 231 222 211 221 233 239 239 238 242 245 244 241 256 308 345 353 356 2 5 6 8 8 5 2 358 352 346 339 333 327 322 314 308 302 296 290 287 281 280 284 297 311 313 315 316 317 330 353 356 353 357 357 358
181 181 182 181 181 183 183 184 185 186 187 187 188 189 190 191 193 194 195 200 205 213 229 234 236 233 221 203 201 213 224 229 229 230 237 241 242 245 290 351 359 1 1 3 4 5 6 7 7 3 358 351 343 334 327 320 312 304 297 290 284 280 277 278 278 280 290 301 308 311 313 317 326 339 346 347 349 350 352
179 180 179 178 179 180 181 182 183 184 185 185 186 187 188 189 190 191 192 196 201 210 222 230 235 232 220 201 200 209 216 218 217 222 228 231 232 241 345 11 6 2 2 3 3 3 5 7 6 3 358 349 339 328 318 308 299 291 283 277 272 269 270 274 279 285 293 301 306 307 315 317 319 324 330 339 343 345 347
174 175 176 176 176 178 179 180 181 182 182 183 183 184 186 186 187 187 187 191 202 216 220 227 232 230 225 207 199 207 210 208 208 216 222 228 229 224 29 22 11 4 4 5 3 1 2 3 3 0 354 344 332 319 307 296 286 278 272 267 264 264 267 273 279 287 294 300 304 303 303 302 303 311 327 337 339 340 343
172 172 173 173 174 176 177 178 179 180 180 181 181 182 184 184 185 184 184 184 198 217 218 224 228 227 229 203 188 202 206 200 200 211 222 234 241 248 36 33 20 11 10 8 4 358 355 355 354 350 341 330 317 303 291 282 274 267 263 261 261 262 266 272 278 284 290 295 299 301 301 302 306 316 327 334 336 338 342
169 170 171 171 171 173 175 176 177 178 178 179 180 181 182 183 183 182 182 184 196 209 209 217 220 215 212 192 190 205 204 192 194 208 224 234 239 246 36 45 37 24 21 17 5 350 341 338 334 327 318 308 297 286 276 269 263 259 257 257 258 261 265 270 274 279 284 288 292 294 296 299 305 314 325 331 334 337 341
168 168 168 168 169 171 173 174 175 176 176 177 178 179 180 181 182 183 184 190 203 208 205 210 216 206 198 194 201 211 206 190 194 208 222 231 230 208 66 60 53 44 42 36 7 325 312 310 307 302 297 292 285 277 270 265 261 258 256 256 258 261 265 268 271 274 277 281 285 287 290 295 304 315 324 329 333 337 341
165 166 166 166 167 169 171 172 173 174 175 176 177 178 179 180 183 185 185 196 211 211 210 210 212 209 202 200 202 210 207 196 201 210 220 224 223 88 74 72 69 70 79 95 210 258 277 284 286 286 286 285 281 275 270 266 263 260 258 258 260 263 265 267 269 271 274 277 281 284 290 298 308 316 322 326 332 337 341
163 163 164 165 166 168 169 170 171 172 173 174 175 176 177 179 184 190 190 197 210 210 209 209 210 214 207 195 201 211 220 216 205 211 222 228 137 80 77 79 80 87 115 165 183 231 257 270 275 278 280 281 278 274 270 267 265 263 261 261 262 263 266 268 269 271 274 277 280 285 291 299 307 314 319 325 331 338 343
161 162 163 164 164 167 168 169 170 171 172 173 174 174 175 179 185 192 201 210 209 205 205 207 209 204 196 202 186 170 285 268 258 235 235 231 105 82 77 85 85 95 124 163 193 225 248 261 268 273 276 278 277 273 269 267 265 263 262 261 262 263 265 266 268 269 272 275 279 284 290 297 304 311 316 325 332 339 345
159 161 162 163 163 165 166 167 168 169 170 171 172 172 173 177 186 193 203 214 224 228 207 203 210 203 188 197 167 120 7 282 261 245 240 230 120 84 76 87 87 100 128 163 196 222 242 255 263 268 273 275 274 271 268 266 264 262 260 260 260 261 262 263 264 266 269 272 276 281 287 294 301 307 313 326 334 341 348
159 160 161 162 162 164 165 165 166 167 168 169 170 171 172 177 183 197 213 211 221 259 256 226 211 207 197 196 157 113 83 225 228 226 223 207 79 73 82 82 90 102 131 166 196 219 238 251 259 265 270 273 273 270 267 265 262 260 258 257 256 257 258 259 260 262 265 269 273 278 284 291 298 305 312 329 337 344 353
157 159 160 161 161 163 163 164 165 165 166 167 169 169 171 174 181 195 217 232 243 256 263 258 227 218 202 203 116 120 146 220 236 232 224 161 69 68 82 80 91 104 133 169 196 217 235 247 255 261 266 270 270 268 265 263 260 257 254 252 251 251 252 253 255 256 259 263 268 273 279 287 295 305 314 333 343 351 0
156 158 160 161 160 162 162 163 163 164 165 166 167 169 171 175 186 193 195 216 236 238 236 238 223 216 260 54 58 105 134 201 237 239 249 30 71 66 77 81 91 106 137 170 196 215 232 243 251 257 262 265 265 263 261 258 255 252 248 244 242 241 243 245 247 249 252 256 261 266 272 280 290 305 318 342 352 1 11
155 157 159 160 159 161 161 162 162 163 164 165 167 170 172 176 192 197 177 188 207 217 222 231 240 237 20 12 12 47 163 199 222 233 278 17 59 66 74 81 92 111 142 172 195 213 228 238 245 251 255 257 256 253 251 248 245 241 236 232 228 227 229 231 234 237 240 244 248 252 257 263 276 304 334 359 9 14 24
155 156 158 159 158 160 160 161 161 162 163 165 169 172 175 177 193 197 171 179 199 211 214 249 305 301 2 4 343 310 233 224 225 225 35 30 46 65 73 82 95 117 146 172 193 210 223 231 236 239 242 242 238 234 231 228 224 221 218 214 211 210 211 214 217 219 222 224 227 228 228 224 213 115 66 36 38 41 45
154 156 157 157 157 158 159 160 161 162 163 166 171 175 179 186 198 192 173 180 192 206 226 292 332 302 348 9 314 283 253 254 253 246 55 50 43 61 74 86 101 123 149 171 190 204 215 220 222 222 222 219 213 209 206 204 202 200 199 198 196 196 196 198 200 201 203 204 204 201 193 177 149 119 101 75 68 63 62
154 155 156 156 155 157 158 159 160 161 163 168 174 181 184 192 200 188 175 182 180 181 207 2 356 348 341 317 286 268 260 251 246 16 24 49 47 59 76 91 108 130 152 170 185 197 204 205 204 202 200 196 192 189 188 187 186 186 187 186 186 186 186 186 187 188 189 188 185 178 168 152 133 118 107 93 86 81 77
153 154 155 155 154 156 157 158 160 161 164 170 177 185 194 203 203 190 176 178 155 102 60 40 13 353 324 287 267 258 259 245 246 38 26 37 55 62 82 98 116 136 154 168 180 188 192 191 189 187 184 181 179 178 177 176 177 178 179 179 179 179 179 178 178 179 178 175 170 162 151 138 125 115 109 100 95 91 85
152 153 153 153 153 155 156 158 159 161 165 171 181 187 198 208 205 192 176 157 78 49 49 41 28 355 278 253 251 251 259 258 6 50 50 46 56 72 91 109 126 142 155 166 175 180 182 180 179 177 175 173 171 171 170 170 171 172 173 173 173 173 173 172 172 171 169 165 158 149 138 127 118 112 108 103 100 96 91
150 151 152 152 152 154 156 158 160 162 166 174 181 191 205 215 218 193 157 90 41 35 40 44 65 188 216 225 235 242 247 242 15 48 50 55 62 83 103 121 136 149 158 165 170 173 173 173 171 170 169 168 167 166 166 166 167 168 169 169 168 169 168 167 166 164 160 155 147 138 128 120 114 111 108 105 102 99 94
149 150 151 151 151 153 155 158 161 164 169 174 181 197 211 221 226 188 133 85 43 39 43 76 165 186 199 209 215 225 228 201 31 37 50 56 75 96 117 133 145 154 159 163 166 168 168 167 166 166 165 164 164 163 163 164 164 165 165 164 164 164 164 162 160 156 152 146 138 129 122 117 113 110 109 107 104 101 97
148 149 150 150 150 152 154 158 164 169 173 178 184 192 201 218 224 177 123 94 67 84 121 172 182 186 192 201 207 221 245 9 5 33 54 69 90 114 131 144 152 158 160 162 164 164 164 163 163 163 162 162 161 161 161 161 162 162 162 161 161 160 159 157 154 150 144 138 131 124 119 115 112 111 110 108 105 102 99
148 148 149 149 149 151 154 159 166 171 179 193 207 194 197 226 230 167 126 112 122 143 158 175 181 184 189 197 205 218 263 296 316 30 73 96 115 131 143 151 157 160 160 161 162 162 161 161 160 160 160 160 159 159 159 159 159 159 159 158 157 156 155 152 148 143 138 132 126 121 117 115 113 113 112 109 106 103 100
147 147 148 148 149 151 155 160 167 175 180 190 207 215 201 216 225 167 140 143 148 153 163 171 177 181 186 192 201 213 236 260 251 158 128 133 138 144 151 156 159 160 160 160 160 160 159 159 158 158 158 158 158 157 157 157 157 157 156 155 154 152 150 147 143 138 133 128 123 119 117 115 115 114 113 109 106 104 102
145 146 146 148 149 152 155 162 171 183 184 171 188 221 217 206 207 168 161 153 142 153 163 164 170 177 184 190 195 207 217 213 222 180 159 155 152 152 155 158 159 159 159 158 158 157 157 157 156 156 156 156 156 155 155 155 155 154 153 152 150 148 145 142 138 134 129 125 121 119 117 116 116 116 114 110 107 105 103
145 145 146 147 150 154 158 164 172 193 177 138 181 223 230 221 219 173 166 152 136 149 156 157 164 174 182 186 192 192 215 199 150 178 169 164 158 157 157 158 158 158 157 156 155 155 155 155 154 154 154 154 153 153 153 152 152 151 150 148 146 144 141 137 133 129 126 123 120 118 117 116 116 116 114 110 107 105 105
144 145 146 148 152 156 159 165 177 184 153 164 185 199 225 224 214 172 151 105 120 143 147 152 161 171 179 184 186 199 192 156 160 175 174 168 162 159 158 158 157 156 155 154 153 153 153 152 152 152 152 151 151 151 150 149 148 147 146 144 142 139 136 132 129 126 123 120 119 117 117 116 116 116 114 110 108 107 106
143 144 146 149 154 160 165 170 179 170 159 176 192 189 197 209 194 127 67 80 115 133 140 150 161 169 175 181 184 202 203 136 152 175 174 169 164 160 158 157 156 154 153 152 151 151 151 150 150 150 149 149 148 148 147 146 145 144 142 140 137 134 131 128 125 122 120 119 118 117 117 116 116 116 114 111 110 109 109
142 144 147 151 158 164 169 181 182 165 169 169 182 185 181 194 155 79 42 66 103 126 138 149 160 167 172 179 183 204 175 99 155 172 170 167 162 159 157 155 154 152 150 149 149 148 148 147 147 147 146 145 145 144 144 143 141 140 138 136 133 130 128 125 122 120 119 118 117 117 117 117 116 116 114 112 111 111 111
143 145 149 155 162 168 177 189 183 168 170 165 173 175 163 135 63 61 52 59 97 124 139 150 161 169 174 179 184 199 164 134 163 168 167 165 161 158 156 154 153 151 149 148 147 147 146 146 145 145 144 143 143 142 142 141 139 138 136 133 131 128 126 123 121 120 119 118 118 117 117 117 117 116 115 114 113 112 112
145 147 151 158 166 173 180 186 182 175 173 170 168 158 132 90 63 62 77 86 109 129 143 154 162 167 170 173 176 178 161 156 161 160 158 156 153 150 148 147 145 144 143 143 142 142 141 141 140 140 139 138 138 137 136 135 134 133 131 129 128 126 124 123 121 120 119 118 118 117 117 116 116 116 115 115 114 114 114
148 151 156 162 170 174 178 181 181 177 172 166 155 138 116 95 81 83 96 112 125 136 146 154 159 163 165 166 166 164 159 156 154 152 150 148 146 144 142 141 140 139 139 138 138 138 137 137 136 135 135 134 133 132 131 130 129 128 127 126 125 123 122 121 120 120 119 118 117 117 117 116 116 116 116 116 115 115 115
152 153 156 162 170 175 177 178 177 173 166 156 141 123 104 89 79 89 104 121 133 140 147 152 156 158 159 160 159 157 154 151 149 147 146 144 142 141 139 139 138 137 137 136 136 135 134 134 133 133 132 130 131 130 129 127 126 125 124 124 123 122 121 120 119 119 118 118 117 117 118 117 117 117 116 116 116 116 116
155 156 158 160 164 171 172 173 169 166 159 149 137 120 104 93 88 100 113 127 137 142 146 149 152 153 154 153 153 151 149 147 145 144 142 141 140 139 137 137 136 135 134 133 133 132 131 131 130 129 128 127 127 126 125 124 123 122 122 122 121 120 119 118 118 118 117 117 117 117 117 118 117 117 117 117 117 117 116
