---
Star Rating [Stars] Valid 1400 NZST ~Z75~(0200Z)~Z~ WED 7 Jan 2026 ~Z75~[98hrFcst@2128z]~Z~
Model= RASP Region= NZ Grid= d1 Reskm= 6.0 Indexs= 1 79 1 99 Proj= lambert 6000 6000 -35.0000 -42.0000 176.0000 -38.5000 176.0000
Day= 2026 1 7 WED ValidLST= 1400 NZST ValidZ= 200 Fcst= 98.0 Init= 94 Param= stars Unit= Stars Mult= 1 Min= 0.00 Max= 6.40
0.00 0.00 0.00 0.00 0.00 0.00 0.00 0.00 0.00 0.00 0.00 0.00 0.00 0.00 0.00 0.00 0.00 0.00 0.00 0.00 0.00 0.00 0.00 0.00 0.00 0.00 0.00 0.00 0.00 0.00 0.00 0.00 0.00 0.00 0.00 0.00 0.00 0.00 0.00 0.00 0.00 0.00 0.00 0.00 0.00 0.00 0.00 0.00 0.00 0.00 0.00 0.00 0.00 0.00 0.00 0.00 0.00 0.00 0.00 0.00 0.00 0.00 0.00 0.00 0.00 0.00 0.00 0.00 0.00 0.00 0.00 0.00 0.00 0.00 0.00 0.00 0.00 0.00 0.00
0.00 0.00 0.00 0.00 0.00 0.00 0.00 0.00 0.00 0.00 0.00 0.00 0.00 0.00 0.00 0.00 0.00 0.00 0.00 0.00 0.00 0.00 0.00 0.00 0.00 0.00 0.00 0.00 0.00 0.00 0.00 0.00 0.00 0.00 0.00 0.00 0.00 0.00 0.00 0.00 0.00 0.00 0.00 0.00 0.00 0.00 0.00 0.00 0.00 0.00 0.00 0.00 0.00 0.00 0.00 0.00 0.00 0.00 0.00 0.00 0.00 0.00 0.00 0.00 0.00 0.00 0.00 0.00 0.00 0.00 0.00 0.00 0.00 0.00 0.00 0.00 0.00 0.00 0.00
0.00 0.00 0.00 0.00 0.00 0.00 0.00 0.00 0.00 0.00 0.00 0.00 0.00 0.00 0.00 0.00 0.00 0.00 0.00 0.00 0.00 0.00 0.00 0.00 0.00 0.00 0.00 0.00 0.00 0.00 0.00 0.00 0.00 0.00 0.00 0.00 0.00 0.00 0.00 0.00 0.00 0.00 0.00 0.00 0.00 0.00 0.00 0.00 0.00 0.00 0.00 0.00 0.00 0.00 0.00 0.00 0.00 0.00 0.00 0.00 0.00 0.00 0.00 0.00 0.00 0.00 0.00 0.00 0.00 0.00 0.00 0.00 0.00 0.00 0.00 0.00 0.00 0.00 0.00
0.00 0.00 0.00 0.01 0.02 0.03 0.06 0.11 0.15 0.14 0.11 0.10 0.14 0.16 0.12 0.05 0.01 0.00 0.00 0.00 0.00 0.00 0.04 0.14 0.37 0.70 1.16 1.77 2.39 2.78 2.87 2.93 3.22 3.71 4.09 4.07 3.52 2.65 1.80 1.16 0.67 0.30 0.08 0.01 0.00 0.00 0.00 0.00 0.00 0.00 0.00 0.00 0.00 0.00 0.00 0.00 0.00 0.00 0.00 0.00 0.00 0.00 0.00 0.00 0.00 0.00 0.00 0.00 0.00 0.00 0.00 0.00 0.00 0.00 0.00 0.00 0.00 0.00 0.00
0.00 0.00 0.00 0.00 0.00 0.00 0.02 0.05 0.11 0.13 0.10 0.06 0.04 0.04 0.03 0.01 0.00 0.00 0.00 0.00 0.00 0.00 0.01 0.08 0.26 0.62 1.15 1.79 2.34 2.57 2.44 2.22 2.23 2.58 3.01 3.08 2.61 1.83 1.13 0.68 0.38 0.17 0.05 0.01 0.00 0.00 0.00 0.00 0.00 0.00 0.00 0.00 0.00 0.00 0.00 0.00 0.00 0.00 0.00 0.00 0.00 0.00 0.00 0.00 0.00 0.00 0.00 0.00 0.00 0.00 0.00 0.00 0.00 0.00 0.00 0.00 0.00 0.00 0.00
0.00 0.00 0.00 0.00 0.00 0.00 0.01 0.05 0.12 0.16 0.12 0.05 0.01 0.00 0.00 0.00 0.00 0.00 0.00 0.00 0.00 0.00 0.00 0.04 0.19 0.56 1.16 1.85 2.39 2.62 2.49 2.10 1.75 1.72 1.94 1.98 1.60 0.98 0.50 0.25 0.13 0.06 0.02 0.00 0.00 0.00 0.00 0.00 0.00 0.00 0.00 0.00 0.00 0.00 0.00 0.00 0.00 0.00 0.00 0.00 0.00 0.00 0.00 0.00 0.00 0.00 0.00 0.00 0.00 0.00 0.00 0.00 0.00 0.00 0.00 0.00 0.00 0.00 0.00
0.00 0.00 0.00 0.00 0.00 0.00 0.01 0.05 0.12 0.15 0.12 0.05 0.01 0.00 0.00 0.00 0.00 0.00 0.00 0.00 0.00 0.00 0.00 0.02 0.13 0.47 1.07 1.79 2.38 2.69 2.66 2.25 1.64 1.22 1.14 1.09 0.82 0.45 0.17 0.06 0.03 0.02 0.01 0.01 0.00 0.00 0.00 0.00 0.00 0.00 0.00 0.00 0.00 0.00 0.00 0.00 0.00 0.00 0.00 0.00 0.00 0.00 0.00 0.00 0.00 0.00 0.00 0.00 0.00 0.00 0.00 0.00 0.00 0.00 0.00 0.00 0.00 0.00 0.00
0.00 0.00 0.00 0.00 0.00 0.00 0.00 0.03 0.07 0.09 0.07 0.03 0.00 0.00 0.00 0.00 0.00 0.00 0.00 0.00 0.00 0.00 0.00 0.01 0.08 0.34 0.89 1.62 2.26 2.64 2.69 2.33 1.62 0.96 0.63 0.51 0.38 0.21 0.08 0.03 0.03 0.04 0.04 0.04 0.03 0.02 0.01 0.00 0.00 0.00 0.00 0.00 0.00 0.00 0.00 0.00 0.00 0.00 0.00 0.00 0.00 0.00 0.00 0.00 0.00 0.00 0.00 0.00 0.00 0.00 0.00 0.00 0.00 0.00 0.00 0.00 0.00 0.00 0.00
0.00 0.00 0.00 0.00 0.00 0.00 0.00 0.01 0.02 0.03 0.02 0.01 0.00 0.00 0.00 0.00 0.00 0.00 0.00 0.00 0.00 0.00 0.00 0.00 0.04 0.22 0.67 1.37 2.04 2.48 2.60 2.32 1.63 0.86 0.39 0.25 0.23 0.19 0.13 0.08 0.06 0.09 0.13 0.14 0.12 0.07 0.03 0.01 0.00 0.00 0.00 0.00 0.00 0.00 0.00 0.00 0.00 0.00 0.00 0.00 0.00 0.00 0.00 0.00 0.00 0.00 0.00 0.00 0.00 0.00 0.00 0.00 0.00 0.00 0.00 0.00 0.00 0.00 0.00
0.00 0.00 0.00 0.00 0.00 0.00 0.00 0.00 0.00 0.00 0.00 0.00 0.00 0.00 0.00 0.00 0.00 0.00 0.00 0.00 0.00 0.00 0.00 0.00 0.01 0.12 0.46 1.08 1.78 2.29 2.49 2.31 1.69 0.90 0.37 0.24 0.30 0.33 0.27 0.16 0.11 0.16 0.26 0.33 0.33 0.24 0.12 0.04 0.01 0.00 0.00 0.00 0.00 0.00 0.00 0.00 0.00 0.00 0.00 0.00 0.00 0.00 0.00 0.00 0.00 0.00 0.00 0.00 0.00 0.00 0.00 0.00 0.00 0.00 0.00 0.00 0.00 0.00 0.00
0.00 0.00 0.00 0.00 0.00 0.00 0.00 0.00 0.00 0.00 0.00 0.00 0.00 0.00 0.00 0.00 0.00 0.00 0.00 0.00 0.00 0.00 0.00 0.00 0.00 0.06 0.29 0.83 1.53 2.10 2.37 2.26 1.73 0.99 0.45 0.31 0.43 0.53 0.46 0.30 0.19 0.23 0.40 0.61 0.71 0.62 0.40 0.18 0.05 0.01 0.00 0.00 0.00 0.00 0.00 0.00 0.00 0.00 0.00 0.00 0.00 0.00 0.00 0.00 0.00 0.00 0.00 0.00 0.00 0.00 0.00 0.00 0.00 0.00 0.00 0.00 0.00 0.00 0.00
0.00 0.00 0.00 0.00 0.00 0.00 0.00 0.00 0.00 0.00 0.00 0.00 0.00 0.00 0.00 0.00 0.00 0.00 0.00 0.00 0.00 0.00 0.00 0.00 0.00 0.03 0.18 0.60 1.24 1.83 2.15 2.11 1.70 1.08 0.55 0.37 0.50 0.66 0.67 0.51 0.36 0.35 0.57 0.95 1.26 1.29 0.98 0.52 0.17 0.03 0.00 0.00 0.00 0.00 0.00 0.00 0.00 0.00 0.00 0.00 0.00 0.00 0.00 0.00 0.00 0.00 0.00 0.00 0.00 0.00 0.00 0.00 0.00 0.00 0.00 0.00 0.00 0.00 0.00
0.00 0.00 0.00 0.00 0.00 0.00 0.00 0.00 0.00 0.00 0.00 0.00 0.00 0.00 0.00 0.00 0.00 0.00 0.00 0.00 0.00 0.00 0.00 0.00 0.00 0.01 0.10 0.39 0.91 1.47 1.80 1.81 1.53 1.06 0.61 0.41 0.51 0.74 0.86 0.80 0.64 0.59 0.84 1.39 1.95 2.15 1.79 1.05 0.40 0.08 0.01 0.00 0.00 0.00 0.00 0.00 0.00 0.00 0.00 0.00 0.00 0.00 0.00 0.00 0.00 0.00 0.00 0.00 0.00 0.00 0.00 0.00 0.00 0.00 0.00 0.00 0.00 0.00 0.00
0.00 0.00 0.00 0.00 0.00 0.00 0.00 0.00 0.00 0.00 0.00 0.00 0.00 0.00 0.00 0.00 0.00 0.00 0.00 0.00 0.00 0.00 0.00 0.00 0.00 0.00 0.05 0.23 0.62 1.09 1.38 1.39 1.21 0.92 0.63 0.49 0.58 0.81 1.05 1.14 1.07 1.04 1.33 1.98 2.70 3.05 2.68 1.71 0.74 0.19 0.03 0.00 0.00 0.00 0.00 0.00 0.00 0.00 0.00 0.00 0.00 0.00 0.00 0.00 0.00 0.00 0.00 0.00 0.00 0.00 0.00 0.00 0.00 0.00 0.00 0.00 0.00 0.00 0.00
0.00 0.00 0.00 0.00 0.00 0.00 0.00 0.00 0.00 0.00 0.00 0.00 0.00 0.00 0.00 0.00 0.00 0.00 0.00 0.00 0.00 0.00 0.00 0.00 0.00 0.00 0.02 0.14 0.41 0.73 0.93 0.93 0.84 0.73 0.67 0.68 0.79 1.01 1.30 1.53 1.64 1.76 2.12 2.77 3.49 3.89 3.58 2.52 1.26 0.41 0.08 0.01 0.00 0.00 0.00 0.00 0.00 0.00 0.00 0.00 0.00 0.00 0.00 0.00 0.00 0.00 0.00 0.00 0.00 0.00 0.00 0.00 0.00 0.00 0.00 0.00 0.00 0.00 0.00
0.00 0.00 0.00 0.00 0.00 0.00 0.00 0.00 0.00 0.00 0.00 0.00 0.00 0.00 0.00 0.00 0.00 0.00 0.00 0.00 0.00 0.00 0.00 0.00 0.00 0.00 0.01 0.08 0.24 0.43 0.54 0.55 0.57 0.65 0.80 1.00 1.21 1.46 1.74 2.04 2.33 2.65 3.07 3.64 4.25 4.64 4.45 3.45 2.00 0.81 0.21 0.04 0.00 0.00 0.00 0.00 0.00 0.00 0.00 0.00 0.00 0.00 0.00 0.00 0.00 0.00 0.00 0.00 0.00 0.00 0.00 0.00 0.00 0.00 0.00 0.00 0.00 0.00 0.00
0.00 0.00 0.00 0.00 0.00 0.00 0.00 0.00 0.00 0.00 0.00 0.00 0.00 0.00 0.00 0.00 0.00 0.00 0.00 0.00 0.00 0.00 0.00 0.00 0.00 0.00 0.01 0.04 0.12 0.21 0.29 0.36 0.49 0.73 1.07 1.47 1.86 2.18 2.41 2.66 3.03 3.49 3.96 4.42 4.90 5.26 5.20 4.39 2.94 1.47 0.54 0.14 0.02 0.00 0.00 0.00 0.00 0.00 0.00 0.00 0.00 0.00 0.00 0.00 0.00 0.00 0.00 0.00 0.00 0.00 0.00 0.00 0.00 0.00 0.00 0.00 0.00 0.00 0.00
0.00 0.00 0.00 0.00 0.00 0.00 0.00 0.00 0.00 0.00 0.00 0.00 0.00 0.00 0.00 0.00 0.00 0.00 0.00 0.00 0.00 0.00 0.00 0.00 0.00 0.00 0.00 0.02 0.05 0.12 0.21 0.37 0.64 1.02 1.51 2.08 2.64 3.05 3.22 3.34 3.64 4.12 4.61 5.04 5.41 5.71 5.74 5.19 3.96 2.41 1.11 0.37 0.09 0.01 0.00 0.00 0.00 0.00 0.00 0.00 0.00 0.00 0.00 0.00 0.00 0.00 0.00 0.00 0.00 0.00 0.00 0.00 0.00 0.00 0.00 0.00 0.00 0.00 0.00
0.00 0.00 0.00 0.00 0.00 0.00 0.00 0.00 0.00 0.00 0.00 0.00 0.00 0.00 0.00 0.00 0.00 0.00 0.00 0.00 0.00 0.00 0.00 0.00 0.00 0.00 0.00 0.01 0.05 0.14 0.32 0.61 1.03 1.57 2.17 2.82 3.46 3.90 4.02 3.99 4.13 4.52 5.03 5.47 5.80 6.01 6.04 5.73 4.85 3.39 1.83 0.72 0.20 0.04 0.00 0.00 0.00 0.00 0.00 0.00 0.00 0.00 0.00 0.00 0.00 0.00 0.00 0.00 0.00 0.00 0.00 0.00 0.00 0.00 0.00 0.00 0.00 0.00 0.00
0.00 0.00 0.00 0.00 0.00 0.00 0.00 0.00 0.00 0.00 0.00 0.00 0.00 0.00 0.00 0.00 0.00 0.00 0.00 0.00 0.00 0.00 0.00 0.00 0.00 0.00 0.01 0.04 0.14 0.32 0.63 1.07 1.66 2.34 3.03 3.67 4.25 4.63 4.70 4.55 4.49 4.74 5.23 5.73 6.05 6.18 6.18 6.01 5.41 4.12 2.43 1.06 0.33 0.07 0.01 0.00 0.00 0.00 0.00 0.00 0.00 0.00 0.00 0.00 0.00 0.00 0.00 0.00 0.00 0.00 0.00 0.00 0.00 0.00 0.00 0.00 0.00 0.00 0.00
0.00 0.00 0.00 0.00 0.00 0.00 0.00 0.00 0.00 0.00 0.00 0.00 0.00 0.00 0.00 0.00 0.00 0.00 0.00 0.00 0.00 0.00 0.00 0.00 0.00 0.01 0.05 0.14 0.35 0.70 1.17 1.76 2.46 3.23 3.93 4.51 4.96 5.24 5.24 5.00 4.77 4.85 5.29 5.83 6.17 6.26 6.22 6.11 5.68 4.55 2.86 1.34 0.46 0.11 0.02 0.00 0.00 0.00 0.00 0.00 0.00 0.00 0.00 0.00 0.00 0.00 0.00 0.00 0.00 0.00 0.00 0.00 0.00 0.00 0.00 0.00 0.00 0.00 0.00
0.00 0.00 0.00 0.00 0.00 0.00 0.00 0.00 0.00 0.00 0.00 0.00 0.00 0.00 0.00 0.00 0.00 0.00 0.00 0.00 0.00 0.00 0.00 0.01 0.02 0.06 0.16 0.36 0.73 1.27 1.91 2.61 3.34 4.08 4.73 5.21 5.52 5.68 5.63 5.33 4.99 4.93 5.29 5.83 6.19 6.26 6.20 6.14 5.83 4.87 3.27 1.68 0.64 0.18 0.03 0.00 0.00 0.00 0.00 0.00 0.00 0.00 0.00 0.00 0.00 0.00 0.00 0.00 0.00 0.00 0.00 0.00 0.00 0.00 0.00 0.00 0.00 0.00 0.00
0.00 0.00 0.00 0.00 0.00 0.00 0.00 0.00 0.00 0.00 0.00 0.00 0.00 0.00 0.00 0.00 0.00 0.00 0.00 0.00 0.00 0.01 0.02 0.04 0.09 0.21 0.43 0.79 1.32 2.01 2.77 3.51 4.21 4.84 5.34 5.69 5.89 5.97 5.88 5.58 5.19 5.03 5.30 5.81 6.16 6.23 6.18 6.15 5.97 5.21 3.77 2.13 0.92 0.30 0.07 0.01 0.00 0.00 0.00 0.00 0.00 0.00 0.00 0.00 0.00 0.00 0.00 0.00 0.00 0.00 0.00 0.00 0.00 0.00 0.00 0.00 0.00 0.00 0.00
0.00 0.00 0.00 0.00 0.00 0.00 0.00 0.00 0.00 0.00 0.00 0.00 0.00 0.00 0.00 0.00 0.00 0.00 0.00 0.01 0.02 0.04 0.09 0.17 0.31 0.55 0.92 1.45 2.12 2.89 3.68 4.41 5.00 5.45 5.77 5.97 6.09 6.14 6.05 5.78 5.39 5.17 5.34 5.77 6.11 6.18 6.14 6.13 6.04 5.47 4.18 2.55 1.22 0.46 0.13 0.02 0.00 0.00 0.00 0.00 0.00 0.00 0.00 0.00 0.00 0.00 0.00 0.00 0.00 0.00 0.00 0.00 0.00 0.00 0.00 0.00 0.00 0.00 0.00
0.00 0.00 0.00 0.00 0.00 0.00 0.00 0.00 0.00 0.00 0.00 0.00 0.00 0.00 0.00 0.00 0.00 0.00 0.01 0.03 0.06 0.14 0.27 0.47 0.74 1.10 1.61 2.27 3.04 3.83 4.57 5.18 5.60 5.86 6.02 6.13 6.20 6.24 6.18 5.96 5.62 5.38 5.45 5.77 6.05 6.13 6.08 6.04 5.93 5.41 4.25 2.73 1.43 0.62 0.21 0.05 0.00 0.00 0.00 0.00 0.00 0.00 0.00 0.00 0.00 0.00 0.00 0.00 0.00 0.00 0.00 0.00 0.00 0.00 0.00 0.00 0.00 0.00 0.00
0.00 0.00 0.00 0.00 0.00 0.00 0.00 0.00 0.00 0.00 0.00 0.00 0.00 0.00 0.00 0.00 0.01 0.02 0.04 0.08 0.17 0.33 0.59 0.96 1.36 1.82 2.41 3.15 3.95 4.69 5.29 5.71 5.94 6.06 6.14 6.21 6.27 6.31 6.28 6.13 5.88 5.68 5.67 5.85 6.05 6.10 6.00 5.79 5.46 4.83 3.79 2.53 1.45 0.72 0.28 0.07 0.01 0.00 0.00 0.00 0.00 0.00 0.00 0.00 0.00 0.00 0.00 0.00 0.00 0.00 0.00 0.00 0.00 0.00 0.00 0.00 0.00 0.00 0.00
0.00 0.00 0.00 0.00 0.00 0.00 0.00 0.00 0.00 0.00 0.00 0.00 0.00 0.01 0.01 0.03 0.05 0.08 0.13 0.23 0.39 0.66 1.06 1.57 2.12 2.66 3.29 4.03 4.76 5.37 5.77 5.99 6.10 6.16 6.22 6.27 6.32 6.35 6.34 6.27 6.13 5.99 5.95 6.03 6.13 6.11 5.85 5.29 4.54 3.74 2.89 2.02 1.27 0.69 0.30 0.08 0.01 0.00 0.00 0.00 0.00 0.00 0.00 0.00 0.00 0.00 0.00 0.00 0.00 0.00 0.00 0.00 0.00 0.00 0.00 0.00 0.00 0.00 0.00
0.00 0.00 0.00 0.00 0.00 0.00 0.00 0.00 0.00 0.00 0.00 0.01 0.02 0.04 0.07 0.11 0.18 0.27 0.39 0.56 0.83 1.20 1.71 2.33 2.98 3.59 4.21 4.85 5.43 5.83 6.04 6.13 6.18 6.24 6.29 6.33 6.36 6.38 6.38 6.35 6.29 6.23 6.19 6.21 6.23 6.08 5.53 4.53 3.41 2.52 1.91 1.42 0.97 0.56 0.24 0.07 0.01 0.00 0.00 0.00 0.00 0.00 0.00 0.00 0.00 0.00 0.00 0.00 0.00 0.00 0.00 0.00 0.00 0.00 0.00 0.00 0.00 0.00 0.00
0.00 0.00 0.00 0.00 0.00 0.00 0.00 0.00 0.01 0.02 0.03 0.05 0.08 0.12 0.20 0.32 0.48 0.66 0.86 1.13 1.49 1.96 2.55 3.24 3.95 4.56 5.08 5.55 5.91 6.11 6.18 6.22 6.27 6.32 6.35 6.37 6.39 6.39 6.40 6.39 6.37 6.35 6.33 6.32 6.27 5.93 5.05 3.72 2.45 1.64 1.24 0.98 0.70 0.40 0.16 0.04 0.00 0.00 0.00 0.00 0.00 0.00 0.00 0.00 0.00 0.00 0.00 0.00 0.00 0.00 0.00 0.00 0.00 0.00 0.00 0.00 0.00 0.00 0.00
0.00 0.00 0.00 0.00 0.00 0.00 0.00 0.01 0.04 0.08 0.13 0.17 0.21 0.27 0.40 0.61 0.89 1.18 1.46 1.81 2.26 2.80 3.44 4.17 4.86 5.38 5.75 6.02 6.19 6.25 6.27 6.30 6.34 6.37 6.39 6.39 6.40 6.40 6.40 6.40 6.40 6.39 6.38 6.37 6.23 5.70 4.59 3.14 1.93 1.24 0.93 0.73 0.50 0.25 0.09 0.02 0.00 0.00 0.00 0.00 0.00 0.00 0.00 0.00 0.00 0.00 0.00 0.00 0.00 0.00 0.00 0.00 0.00 0.00 0.00 0.00 0.00 0.00 0.00
0.00 0.00 0.00 0.00 0.00 0.00 0.01 0.05 0.14 0.27 0.38 0.43 0.45 0.48 0.62 0.90 1.26 1.63 1.99 2.41 2.94 3.55 4.23 4.90 5.45 5.83 6.08 6.24 6.32 6.33 6.33 6.35 6.37 6.39 6.40 6.40 6.40 6.40 6.40 6.40 6.40 6.40 6.40 6.37 6.18 5.57 4.43 3.05 1.89 1.20 0.84 0.61 0.37 0.16 0.04 0.01 0.00 0.00 0.00 0.00 0.00 0.00 0.00 0.00 0.00 0.00 0.00 0.00 0.00 0.00 0.00 0.00 0.00 0.00 0.00 0.00 0.00 0.00 0.00
0.00 0.00 0.00 0.00 0.00 0.01 0.04 0.15 0.37 0.65 0.86 0.92 0.87 0.81 0.89 1.15 1.52 1.91 2.34 2.86 3.49 4.16 4.78 5.24 5.54 5.81 6.07 6.26 6.34 6.36 6.36 6.36 6.38 6.39 6.40 6.40 6.40 6.40 6.40 6.40 6.40 6.40 6.40 6.37 6.19 5.67 4.70 3.44 2.23 1.38 0.89 0.58 0.30 0.11 0.02 0.00 0.00 0.00 0.00 0.00 0.00 0.00 0.00 0.00 0.00 0.00 0.00 0.00 0.00 0.00 0.00 0.00 0.00 0.00 0.00 0.00 0.00 0.00 0.00
0.00 0.00 0.00 0.00 0.00 0.02 0.10 0.32 0.71 1.19 1.56 1.65 1.51 1.34 1.34 1.50 1.77 2.11 2.59 3.23 3.92 4.52 4.89 5.05 5.17 5.49 5.91 6.22 6.35 6.37 6.36 6.37 6.38 6.39 6.40 6.40 6.40 6.40 6.40 6.40 6.40 6.40 6.40 6.38 6.27 5.91 5.16 4.02 2.75 1.73 1.08 0.65 0.32 0.11 0.02 0.00 0.00 0.00 0.00 0.00 0.00 0.00 0.00 0.00 0.00 0.00 0.00 0.00 0.00 0.00 0.00 0.00 0.00 0.00 0.00 0.00 0.00 0.00 0.00
0.00 0.00 0.00 0.00 0.00 0.03 0.17 0.49 1.03 1.68 2.19 2.34 2.16 1.98 2.01 2.12 2.21 2.37 2.80 3.48 4.10 4.40 4.41 4.40 4.66 5.24 5.85 6.22 6.36 6.38 6.38 6.38 6.39 6.40 6.40 6.40 6.40 6.40 6.40 6.40 6.40 6.40 6.40 6.39 6.33 6.08 5.47 4.47 3.32 2.26 1.44 0.84 0.42 0.17 0.04 0.01 0.00 0.00 0.00 0.00 0.00 0.00 0.00 0.00 0.00 0.00 0.00 0.00 0.00 0.00 0.00 0.00 0.00 0.00 0.00 0.00 0.00 0.00 0.00
0.00 0.00 0.00 0.00 0.00 0.04 0.20 0.57 1.15 1.84 2.37 2.53 2.42 2.40 2.62 2.83 2.79 2.65 2.82 3.39 3.91 3.94 3.71 3.78 4.39 5.24 5.93 6.27 6.38 6.39 6.39 6.39 6.39 6.40 6.40 6.40 6.40 6.40 6.40 6.40 6.39 6.39 6.39 6.39 6.35 6.12 5.55 4.72 3.80 2.84 1.87 1.09 0.58 0.27 0.10 0.03 0.01 0.00 0.00 0.00 0.00 0.00 0.00 0.00 0.00 0.00 0.01 0.00 0.00 0.00 0.00 0.00 0.00 0.00 0.00 0.00 0.00 0.00 0.00
0.00 0.00 0.00 0.00 0.00 0.03 0.17 0.48 0.99 1.55 1.95 2.07 2.07 2.24 2.67 3.06 3.07 2.77 2.64 2.99 3.47 3.53 3.40 3.71 4.55 5.44 6.04 6.31 6.39 6.40 6.40 6.39 6.39 6.38 6.37 6.38 6.39 6.39 6.40 6.39 6.37 6.36 6.37 6.39 6.34 6.11 5.58 4.87 4.09 3.16 2.11 1.26 0.74 0.43 0.22 0.10 0.05 0.02 0.01 0.00 0.00 0.00 0.00 0.00 0.00 0.01 0.02 0.02 0.01 0.00 0.00 0.00 0.00 0.00 0.00 0.00 0.00 0.00 0.00
0.00 0.00 0.00 0.00 0.00 0.02 0.10 0.30 0.64 1.00 1.24 1.32 1.38 1.60 2.03 2.51 2.74 2.63 2.48 2.66 3.08 3.36 3.59 4.15 4.97 5.70 6.14 6.33 6.39 6.40 6.39 6.38 6.34 6.29 6.26 6.28 6.32 6.35 6.37 6.37 6.36 6.35 6.36 6.38 6.31 6.04 5.52 4.81 3.99 3.03 2.05 1.32 0.90 0.65 0.45 0.29 0.17 0.09 0.04 0.02 0.02 0.02 0.02 0.02 0.02 0.03 0.04 0.04 0.02 0.01 0.00 0.00 0.00 0.00 0.00 0.00 0.00 0.00 0.00
0.00 0.00 0.00 0.00 0.00 0.01 0.04 0.14 0.30 0.48 0.61 0.69 0.76 0.91 1.19 1.58 1.98 2.24 2.38 2.56 2.91 3.35 3.89 4.59 5.33 5.88 6.19 6.34 6.39 6.40 6.38 6.33 6.23 6.10 6.04 6.06 6.14 6.23 6.30 6.33 6.33 6.34 6.36 6.36 6.21 5.77 5.05 4.23 3.38 2.53 1.84 1.41 1.17 0.98 0.79 0.59 0.41 0.26 0.17 0.15 0.18 0.22 0.22 0.17 0.11 0.07 0.06 0.05 0.02 0.01 0.00 0.00 0.00 0.00 0.00 0.00 0.00 0.00 0.00
0.00 0.00 0.00 0.00 0.00 0.00 0.01 0.04 0.09 0.16 0.24 0.31 0.37 0.45 0.58 0.84 1.23 1.69 2.09 2.42 2.80 3.32 3.99 4.71 5.35 5.83 6.12 6.28 6.35 6.38 6.36 6.27 6.09 5.87 5.74 5.75 5.87 6.02 6.14 6.21 6.25 6.29 6.33 6.33 6.09 5.42 4.43 3.47 2.69 2.09 1.75 1.65 1.56 1.38 1.15 0.93 0.72 0.56 0.50 0.58 0.78 0.94 0.92 0.69 0.40 0.19 0.09 0.05 0.02 0.01 0.00 0.00 0.00 0.00 0.00 0.00 0.00 0.00 0.00
0.00 0.00 0.00 0.00 0.00 0.00 0.00 0.01 0.02 0.04 0.07 0.11 0.15 0.19 0.26 0.40 0.68 1.08 1.54 1.98 2.47 3.08 3.77 4.45 5.05 5.53 5.87 6.08 6.22 6.31 6.32 6.22 5.98 5.69 5.46 5.37 5.45 5.64 5.84 5.98 6.06 6.13 6.21 6.24 6.02 5.36 4.40 3.51 2.82 2.31 2.08 2.10 2.06 1.82 1.51 1.25 1.06 0.97 1.10 1.50 2.03 2.35 2.22 1.65 0.95 0.44 0.18 0.07 0.02 0.00 0.00 0.00 0.00 0.00 0.00 0.00 0.00 0.00 0.00
0.00 0.00 0.00 0.00 0.00 0.00 0.00 0.00 0.00 0.00 0.01 0.03 0.05 0.07 0.10 0.17 0.33 0.61 0.99 1.44 1.99 2.63 3.31 3.96 4.55 5.07 5.48 5.79 6.02 6.19 6.27 6.19 5.93 5.59 5.24 4.92 4.76 4.90 5.23 5.54 5.75 5.87 5.99 6.07 6.00 5.64 5.08 4.52 3.98 3.43 3.04 2.88 2.72 2.38 1.98 1.68 1.51 1.52 1.90 2.66 3.48 3.87 3.55 2.64 1.58 0.80 0.36 0.14 0.04 0.01 0.00 0.00 0.00 0.00 0.00 0.00 0.00 0.00 0.00
0.00 0.00 0.00 0.00 0.00 0.00 0.00 0.00 0.00 0.00 0.00 0.00 0.01 0.01 0.03 0.06 0.15 0.33 0.64 1.06 1.58 2.18 2.81 3.41 4.00 4.56 5.07 5.50 5.84 6.09 6.23 6.19 5.95 5.57 5.08 4.43 3.85 3.74 4.16 4.78 5.28 5.57 5.72 5.85 5.91 5.85 5.71 5.53 5.26 4.83 4.39 4.04 3.72 3.29 2.81 2.43 2.20 2.17 2.54 3.36 4.20 4.51 4.06 3.06 1.95 1.11 0.58 0.25 0.07 0.01 0.00 0.00 0.00 0.00 0.00 0.00 0.00 0.00 0.00
0.00 0.00 0.00 0.00 0.00 0.00 0.00 0.00 0.00 0.00 0.00 0.00 0.00 0.00 0.00 0.02 0.07 0.20 0.45 0.82 1.29 1.81 2.34 2.88 3.44 4.06 4.68 5.23 5.68 6.02 6.22 6.22 6.01 5.62 4.98 4.03 3.02 2.50 2.83 3.75 4.70 5.27 5.52 5.65 5.75 5.80 5.84 5.87 5.86 5.73 5.49 5.21 4.89 4.42 3.85 3.38 2.98 2.63 2.61 3.10 3.76 4.01 3.62 2.82 1.98 1.29 0.75 0.35 0.10 0.01 0.00 0.00 0.00 0.00 0.00 0.00 0.00 0.00 0.00
0.00 0.00 0.00 0.00 0.00 0.00 0.00 0.00 0.00 0.00 0.00 0.00 0.00 0.00 0.00 0.00 0.03 0.12 0.33 0.66 1.06 1.48 1.90 2.35 2.89 3.55 4.26 4.91 5.46 5.89 6.17 6.25 6.10 5.69 4.93 3.76 2.46 1.64 1.79 2.85 4.16 5.05 5.40 5.52 5.59 5.63 5.67 5.77 5.90 5.99 6.00 5.94 5.74 5.28 4.67 4.14 3.55 2.78 2.20 2.22 2.66 2.96 2.81 2.36 1.87 1.39 0.88 0.43 0.14 0.03 0.00 0.00 0.00 0.00 0.00 0.00 0.00 0.00 0.00
0.00 0.00 0.00 0.00 0.00 0.00 0.00 0.00 0.00 0.00 0.00 0.00 0.00 0.00 0.00 0.00 0.02 0.09 0.28 0.58 0.92 1.22 1.51 1.87 2.38 3.05 3.80 4.50 5.12 5.66 6.05 6.24 6.17 5.79 4.98 3.76 2.43 1.57 1.61 2.60 3.97 4.96 5.36 5.45 5.48 5.51 5.55 5.66 5.82 5.98 6.11 6.18 6.09 5.71 5.18 4.68 4.01 2.98 2.01 1.64 1.83 2.14 2.22 2.09 1.87 1.53 1.07 0.59 0.26 0.10 0.03 0.01 0.00 0.00 0.00 0.00 0.00 0.00 0.00
0.00 0.00 0.00 0.00 0.00 0.00 0.00 0.00 0.00 0.00 0.00 0.00 0.00 0.00 0.00 0.00 0.01 0.08 0.26 0.57 0.87 1.09 1.26 1.52 1.98 2.62 3.34 4.04 4.73 5.36 5.88 6.17 6.19 5.92 5.28 4.29 3.24 2.57 2.57 3.29 4.33 5.09 5.39 5.44 5.47 5.53 5.61 5.73 5.88 6.03 6.15 6.23 6.21 5.99 5.65 5.29 4.71 3.74 2.69 2.02 1.85 1.99 2.14 2.16 2.03 1.75 1.35 0.92 0.55 0.28 0.11 0.03 0.01 0.00 0.00 0.00 0.00 0.00 0.00
0.00 0.00 0.00 0.00 0.00 0.00 0.00 0.00 0.00 0.00 0.00 0.00 0.00 0.00 0.00 0.00 0.01 0.06 0.25 0.56 0.87 1.04 1.13 1.32 1.70 2.26 2.91 3.60 4.33 5.05 5.67 6.06 6.17 6.03 5.70 5.18 4.62 4.25 4.23 4.57 5.07 5.43 5.54 5.54 5.58 5.69 5.82 5.95 6.08 6.17 6.25 6.30 6.31 6.24 6.11 5.93 5.57 4.91 4.05 3.20 2.61 2.39 2.37 2.31 2.12 1.85 1.59 1.33 0.98 0.59 0.27 0.10 0.03 0.01 0.00 0.00 0.00 0.00 0.00
0.00 0.00 0.00 0.00 0.00 0.00 0.00 0.00 0.00 0.00 0.00 0.00 0.00 0.00 0.00 0.00 0.00 0.05 0.21 0.53 0.87 1.04 1.09 1.20 1.49 1.94 2.49 3.15 3.90 4.70 5.43 5.92 6.10 6.08 5.98 5.87 5.74 5.64 5.61 5.69 5.80 5.84 5.81 5.78 5.83 5.94 6.06 6.17 6.25 6.31 6.34 6.36 6.38 6.37 6.35 6.29 6.15 5.85 5.31 4.52 3.66 3.01 2.58 2.23 1.92 1.73 1.71 1.74 1.54 1.07 0.56 0.22 0.07 0.02 0.00 0.00 0.00 0.00 0.00
0.00 0.00 0.00 0.00 0.00 0.00 0.00 0.00 0.00 0.00 0.00 0.00 0.00 0.00 0.00 0.00 0.00 0.03 0.18 0.51 0.86 1.04 1.08 1.16 1.36 1.69 2.14 2.74 3.49 4.34 5.16 5.74 6.01 6.05 6.07 6.15 6.22 6.24 6.24 6.23 6.21 6.16 6.11 6.09 6.11 6.14 6.15 6.16 6.23 6.32 6.38 6.39 6.40 6.40 6.39 6.38 6.35 6.25 5.99 5.47 4.66 3.70 2.73 1.96 1.53 1.51 1.84 2.22 2.24 1.72 0.98 0.42 0.13 0.03 0.00 0.00 0.00 0.00 0.00
0.00 0.00 0.00 0.00 0.00 0.00 0.00 0.00 0.00 0.00 0.00 0.00 0.00 0.00 0.00 0.00 0.00 0.02 0.15 0.45 0.80 1.01 1.11 1.25 1.45 1.68 2.00 2.50 3.20 4.06 4.91 5.55 5.88 5.99 6.06 6.16 6.27 6.33 6.35 6.35 6.34 6.32 6.30 6.30 6.28 6.17 5.95 5.79 5.87 6.09 6.26 6.32 6.33 6.32 6.30 6.28 6.23 6.13 5.99 5.79 5.32 4.35 3.01 1.83 1.26 1.40 2.01 2.69 2.92 2.40 1.46 0.65 0.21 0.05 0.01 0.00 0.00 0.00 0.00
0.00 0.00 0.00 0.00 0.00 0.00 0.00 0.00 0.00 0.00 0.00 0.00 0.00 0.00 0.00 0.00 0.00 0.02 0.11 0.35 0.67 0.93 1.16 1.46 1.78 2.00 2.18 2.51 3.08 3.87 4.70 5.36 5.75 5.93 6.02 6.12 6.21 6.27 6.30 6.32 6.32 6.33 6.35 6.35 6.27 5.99 5.52 5.17 5.20 5.49 5.75 5.89 5.94 5.92 5.86 5.82 5.74 5.56 5.42 5.49 5.50 4.89 3.57 2.17 1.39 1.45 2.11 2.94 3.38 2.98 1.93 0.90 0.31 0.08 0.01 0.00 0.00 0.00 0.00
0.00 0.00 0.00 0.00 0.00 0.00 0.00 0.00 0.00 0.00 0.00 0.00 0.00 0.00 0.00 0.00 0.00 0.01 0.07 0.24 0.51 0.82 1.17 1.62 2.10 2.41 2.55 2.73 3.12 3.76 4.51 5.17 5.62 5.88 6.03 6.13 6.20 6.24 6.27 6.27 6.26 6.27 6.30 6.27 6.05 5.61 5.07 4.69 4.54 4.52 4.62 4.80 4.95 4.96 4.90 4.90 4.87 4.69 4.60 4.92 5.40 5.32 4.41 3.07 1.99 1.64 2.05 2.91 3.57 3.40 2.38 1.19 0.43 0.11 0.02 0.00 0.00 0.00 0.00
0.00 0.00 0.00 0.00 0.00 0.00 0.00 0.00 0.00 0.00 0.00 0.00 0.00 0.00 0.00 0.00 0.00 0.00 0.04 0.15 0.38 0.70 1.09 1.58 2.11 2.53 2.79 2.99 3.29 3.78 4.39 4.99 5.46 5.79 6.02 6.17 6.25 6.28 6.29 6.28 6.25 6.25 6.25 6.09 5.66 5.13 4.82 4.63 4.19 3.55 3.21 3.36 3.64 3.74 3.74 3.81 3.91 3.91 4.00 4.49 5.21 5.58 5.22 4.19 2.91 2.01 1.97 2.68 3.49 3.57 2.72 1.49 0.58 0.16 0.03 0.00 0.00 0.00 0.00
0.00 0.00 0.00 0.00 0.00 0.00 0.00 0.00 0.00 0.00 0.00 0.00 0.00 0.00 0.00 0.00 0.00 0.00 0.02 0.09 0.28 0.59 0.96 1.39 1.86 2.31 2.70 3.07 3.46 3.93 4.44 4.90 5.27 5.57 5.84 6.09 6.25 6.32 6.34 6.33 6.30 6.28 6.19 5.83 5.19 4.73 4.77 4.79 4.09 2.95 2.27 2.34 2.69 2.88 2.92 3.02 3.20 3.39 3.66 4.18 4.89 5.46 5.57 5.00 3.81 2.59 2.04 2.36 3.05 3.33 2.76 1.66 0.71 0.21 0.04 0.00 0.00 0.00 0.00
0.00 0.00 0.00 0.00 0.00 0.00 0.00 0.00 0.00 0.00 0.00 0.00 0.00 0.00 0.00 0.00 0.00 0.00 0.01 0.06 0.21 0.48 0.83 1.22 1.63 2.04 2.47 2.95 3.50 4.09 4.63 4.99 5.18 5.30 5.49 5.82 6.12 6.28 6.34 6.35 6.34 6.25 5.98 5.40 4.73 4.48 4.75 4.75 3.88 2.68 2.02 2.06 2.34 2.48 2.49 2.53 2.70 2.97 3.32 3.78 4.34 4.93 5.33 5.24 4.49 3.40 2.59 2.39 2.67 2.88 2.52 1.63 0.75 0.24 0.05 0.00 0.00 0.00 0.00
0.00 0.00 0.00 0.00 0.00 0.00 0.00 0.00 0.00 0.00 0.00 0.00 0.00 0.00 0.00 0.00 0.00 0.00 0.01 0.04 0.14 0.35 0.67 1.07 1.51 1.91 2.30 2.77 3.41 4.16 4.81 5.20 5.30 5.26 5.32 5.61 5.96 6.17 6.26 6.31 6.28 6.03 5.47 4.75 4.25 4.28 4.55 4.33 3.41 2.44 2.01 2.02 2.14 2.17 2.11 2.08 2.18 2.47 2.83 3.21 3.64 4.17 4.72 5.04 4.92 4.40 3.75 3.22 2.95 2.75 2.26 1.45 0.68 0.22 0.05 0.00 0.00 0.00 0.00
0.00 0.00 0.00 0.00 0.00 0.00 0.00 0.00 0.00 0.00 0.00 0.00 0.00 0.00 0.00 0.00 0.00 0.00 0.00 0.02 0.08 0.23 0.52 0.93 1.40 1.82 2.18 2.62 3.29 4.15 4.91 5.40 5.58 5.55 5.54 5.71 5.93 6.07 6.16 6.23 6.16 5.70 4.88 4.11 3.82 3.98 4.08 3.65 2.80 2.08 1.79 1.76 1.75 1.70 1.61 1.53 1.60 1.87 2.22 2.54 2.87 3.35 3.97 4.61 5.08 5.22 4.99 4.49 3.82 3.04 2.12 1.20 0.52 0.17 0.04 0.01 0.00 0.00 0.00
0.00 0.00 0.00 0.00 0.00 0.00 0.00 0.00 0.00 0.00 0.00 0.00 0.00 0.00 0.00 0.00 0.00 0.00 0.00 0.01 0.05 0.17 0.43 0.81 1.25 1.64 1.99 2.45 3.18 4.11 4.94 5.51 5.81 5.92 5.94 5.99 6.04 6.07 6.12 6.19 6.10 5.59 4.72 3.94 3.59 3.53 3.35 2.85 2.15 1.60 1.35 1.28 1.23 1.16 1.06 0.98 1.03 1.26 1.55 1.81 2.09 2.54 3.21 4.04 4.86 5.45 5.66 5.39 4.59 3.36 2.03 0.99 0.40 0.14 0.05 0.01 0.00 0.00 0.00
0.00 0.00 0.00 0.00 0.00 0.00 0.00 0.00 0.00 0.00 0.00 0.00 0.00 0.00 0.00 0.00 0.00 0.00 0.00 0.01 0.06 0.19 0.43 0.74 1.07 1.38 1.72 2.25 3.08 4.08 4.94 5.53 5.91 6.12 6.21 6.23 6.20 6.16 6.18 6.23 6.18 5.81 5.10 4.22 3.45 2.91 2.48 2.01 1.51 1.10 0.87 0.79 0.75 0.69 0.59 0.52 0.56 0.71 0.90 1.09 1.35 1.80 2.50 3.38 4.32 5.15 5.70 5.71 4.97 3.60 2.09 1.00 0.44 0.22 0.11 0.04 0.00 0.00 0.00
0.00 0.00 0.00 0.00 0.00 0.00 0.00 0.00 0.00 0.00 0.00 0.00 0.00 0.00 0.00 0.00 0.00 0.00 0.00 0.02 0.08 0.23 0.46 0.71 0.94 1.16 1.48 2.07 2.99 4.06 4.95 5.56 5.95 6.20 6.32 6.34 6.32 6.29 6.29 6.32 6.30 6.08 5.46 4.37 3.12 2.17 1.63 1.29 0.98 0.70 0.52 0.44 0.40 0.34 0.26 0.21 0.23 0.30 0.39 0.51 0.74 1.17 1.85 2.70 3.65 4.64 5.45 5.73 5.20 3.98 2.57 1.46 0.84 0.55 0.34 0.16 0.00 0.00 0.00
0.00 0.00 0.00 0.00 0.00 0.00 0.00 0.00 0.00 0.00 0.00 0.00 0.00 0.00 0.00 0.00 0.00 0.00 0.00 0.02 0.09 0.23 0.44 0.67 0.87 1.06 1.38 1.99 2.96 4.08 5.02 5.66 6.04 6.26 6.36 6.39 6.38 6.37 6.36 6.36 6.29 6.02 5.26 3.94 2.48 1.46 0.99 0.78 0.60 0.43 0.29 0.22 0.18 0.14 0.09 0.06 0.06 0.08 0.11 0.17 0.33 0.68 1.27 2.05 2.98 4.03 5.01 5.50 5.28 4.46 3.35 2.32 1.62 1.19 0.80 0.40 0.00 0.00 0.00
0.00 0.00 0.00 0.00 0.00 0.00 0.00 0.00 0.00 0.00 0.00 0.00 0.00 0.00 0.00 0.00 0.00 0.00 0.00 0.02 0.07 0.19 0.37 0.60 0.84 1.06 1.38 1.99 2.97 4.12 5.11 5.78 6.15 6.32 6.38 6.40 6.40 6.38 6.34 6.23 5.97 5.42 4.41 3.02 1.71 0.91 0.58 0.45 0.34 0.23 0.14 0.09 0.06 0.04 0.02 0.01 0.01 0.01 0.02 0.04 0.12 0.35 0.79 1.45 2.30 3.29 4.25 4.86 4.94 4.59 3.92 3.10 2.39 1.84 1.28 0.66 0.00 0.00 0.00
0.00 0.00 0.00 0.00 0.00 0.00 0.00 0.00 0.00 0.00 0.00 0.00 0.00 0.00 0.00 0.00 0.00 0.00 0.00 0.01 0.05 0.14 0.32 0.57 0.85 1.10 1.40 1.99 2.95 4.09 5.10 5.79 6.16 6.33 6.38 6.40 6.38 6.31 6.09 5.70 5.08 4.21 3.09 1.90 0.99 0.50 0.31 0.23 0.16 0.09 0.05 0.03 0.01 0.01 0.00 0.00 0.00 0.00 0.00 0.01 0.04 0.15 0.43 0.93 1.62 2.45 3.25 3.82 4.10 4.13 3.86 3.31 2.68 2.09 1.44 0.76 0.00 0.00 0.00
0.00 0.00 0.00 0.00 0.00 0.00 0.00 0.00 0.00 0.00 0.00 0.00 0.00 0.00 0.00 0.00 0.00 0.00 0.00 0.01 0.05 0.15 0.35 0.62 0.89 1.12 1.40 1.94 2.83 3.92 4.90 5.60 6.02 6.25 6.36 6.38 6.31 6.03 5.44 4.58 3.61 2.63 1.70 0.94 0.46 0.23 0.14 0.09 0.05 0.02 0.01 0.00 0.00 0.00 0.00 0.00 0.00 0.00 0.00 0.00 0.01 0.05 0.20 0.52 1.03 1.64 2.22 2.67 3.01 3.25 3.27 2.97 2.47 1.88 1.24 0.64 0.00 0.00 0.00
0.00 0.00 0.00 0.00 0.00 0.00 0.00 0.00 0.00 0.00 0.00 0.00 0.00 0.00 0.00 0.00 0.00 0.00 0.00 0.01 0.07 0.20 0.43 0.70 0.95 1.15 1.39 1.87 2.68 3.70 4.64 5.34 5.83 6.16 6.33 6.34 6.13 5.49 4.37 3.09 2.01 1.23 0.69 0.34 0.15 0.08 0.04 0.02 0.01 0.00 0.00 0.00 0.00 0.00 0.00 0.00 0.00 0.00 0.00 0.00 0.00 0.01 0.07 0.24 0.55 0.94 1.33 1.66 2.01 2.34 2.52 2.43 2.06 1.50 0.90 0.43 0.00 0.00 0.00
0.00 0.00 0.00 0.00 0.00 0.00 0.00 0.00 0.00 0.00 0.00 0.00 0.00 0.00 0.00 0.00 0.00 0.00 0.00 0.03 0.11 0.27 0.50 0.76 0.98 1.16 1.38 1.82 2.60 3.59 4.52 5.26 5.79 6.14 6.31 6.26 5.83 4.78 3.24 1.78 0.85 0.41 0.19 0.08 0.03 0.02 0.01 0.00 0.00 0.00 0.00 0.00 0.00 0.00 0.00 0.00 0.00 0.00 0.00 0.00 0.00 0.00 0.02 0.09 0.22 0.42 0.64 0.89 1.24 1.60 1.85 1.85 1.58 1.09 0.58 0.23 0.00 0.00 0.00
0.00 0.00 0.00 0.00 0.00 0.00 0.00 0.00 0.00 0.00 0.00 0.00 0.00 0.00 0.00 0.00 0.00 0.00 0.01 0.05 0.16 0.35 0.58 0.80 0.99 1.15 1.34 1.78 2.59 3.64 4.63 5.39 5.90 6.20 6.29 6.15 5.50 4.14 2.40 1.01 0.31 0.09 0.03 0.01 0.00 0.00 0.00 0.00 0.00 0.00 0.00 0.00 0.00 0.00 0.00 0.00 0.00 0.00 0.00 0.00 0.00 0.00 0.00 0.02 0.06 0.12 0.22 0.39 0.68 0.99 1.21 1.22 1.02 0.66 0.31 0.10 0.00 0.00 0.00
0.00 0.00 0.00 0.00 0.00 0.00 0.00 0.00 0.00 0.00 0.00 0.00 0.00 0.00 0.00 0.00 0.00 0.00 0.01 0.08 0.23 0.45 0.68 0.88 1.02 1.12 1.28 1.73 2.61 3.76 4.82 5.59 6.06 6.26 6.27 6.03 5.23 3.71 1.94 0.67 0.14 0.02 0.00 0.00 0.00 0.00 0.00 0.00 0.00 0.00 0.00 0.00 0.00 0.00 0.00 0.00 0.00 0.00 0.00 0.00 0.00 0.00 0.00 0.00 0.01 0.02 0.05 0.13 0.30 0.48 0.60 0.60 0.48 0.29 0.12 0.03 0.00 0.00 0.00
0.00 0.00 0.00 0.00 0.00 0.00 0.00 0.00 0.00 0.00 0.00 0.00 0.00 0.00 0.00 0.00 0.00 0.00 0.03 0.12 0.31 0.57 0.83 1.01 1.10 1.14 1.27 1.72 2.63 3.83 4.96 5.75 6.17 6.31 6.25 5.92 4.99 3.38 1.66 0.52 0.09 0.01 0.00 0.00 0.00 0.00 0.00 0.00 0.00 0.00 0.00 0.00 0.00 0.00 0.00 0.00 0.00 0.00 0.00 0.00 0.00 0.00 0.00 0.00 0.00 0.00 0.01 0.03 0.09 0.15 0.19 0.19 0.14 0.08 0.03 0.01 0.00 0.00 0.00
0.00 0.00 0.00 0.00 0.00 0.00 0.00 0.00 0.00 0.00 0.00 0.00 0.00 0.00 0.00 0.00 0.00 0.01 0.04 0.16 0.39 0.69 0.98 1.16 1.24 1.28 1.41 1.84 2.72 3.91 5.04 5.84 6.22 6.31 6.21 5.79 4.71 3.02 1.37 0.40 0.06 0.00 0.00 0.00 0.00 0.00 0.00 0.00 0.00 0.00 0.00 0.00 0.00 0.00 0.00 0.00 0.00 0.00 0.00 0.00 0.00 0.00 0.00 0.00 0.00 0.00 0.00 0.00 0.01 0.02 0.03 0.03 0.02 0.01 0.00 0.00 0.00 0.00 0.00
0.00 0.00 0.00 0.00 0.00 0.00 0.00 0.00 0.00 0.00 0.00 0.00 0.00 0.00 0.00 0.00 0.00 0.01 0.07 0.21 0.47 0.80 1.10 1.31 1.44 1.56 1.78 2.24 3.03 4.08 5.09 5.82 6.15 6.22 6.12 5.63 4.41 2.63 1.09 0.28 0.04 0.00 0.00 0.00 0.00 0.00 0.00 0.00 0.00 0.00 0.00 0.00 0.00 0.00 0.00 0.00 0.00 0.00 0.00 0.00 0.00 0.00 0.00 0.00 0.00 0.00 0.00 0.00 0.00 0.00 0.00 0.00 0.00 0.00 0.00 0.00 0.00 0.00 0.00
0.00 0.00 0.00 0.00 0.00 0.00 0.00 0.00 0.00 0.00 0.00 0.00 0.00 0.00 0.00 0.00 0.00 0.02 0.10 0.27 0.56 0.90 1.21 1.47 1.73 2.04 2.43 2.92 3.51 4.18 4.86 5.43 5.78 5.96 5.95 5.44 4.11 2.31 0.87 0.19 0.02 0.00 0.00 0.00 0.00 0.00 0.00 0.00 0.00 0.00 0.00 0.00 0.00 0.00 0.00 0.00 0.00 0.00 0.00 0.00 0.00 0.00 0.01 0.01 0.01 0.01 0.01 0.01 0.01 0.01 0.00 0.00 0.00 0.00 0.00 0.00 0.00 0.00 0.00
0.00 0.00 0.00 0.00 0.00 0.00 0.00 0.00 0.00 0.00 0.00 0.00 0.00 0.00 0.00 0.00 0.01 0.05 0.14 0.34 0.63 0.97 1.31 1.67 2.13 2.70 3.26 3.68 3.84 3.85 3.98 4.37 4.92 5.46 5.70 5.20 3.79 2.01 0.71 0.14 0.01 0.00 0.00 0.00 0.00 0.00 0.00 0.00 0.00 0.00 0.00 0.00 0.00 0.00 0.00 0.00 0.00 0.01 0.01 0.01 0.02 0.02 0.03 0.04 0.05 0.06 0.06 0.05 0.04 0.03 0.02 0.01 0.01 0.00 0.00 0.00 0.00 0.00 0.00
0.00 0.00 0.00 0.00 0.00 0.00 0.00 0.00 0.00 0.00 0.00 0.00 0.00 0.00 0.00 0.00 0.02 0.08 0.19 0.37 0.63 0.97 1.37 1.88 2.60 3.42 4.10 4.30 3.86 3.08 2.64 2.95 3.86 4.90 5.42 4.90 3.40 1.71 0.57 0.11 0.01 0.00 0.00 0.00 0.00 0.00 0.00 0.00 0.00 0.00 0.00 0.00 0.00 0.00 0.01 0.01 0.02 0.03 0.04 0.05 0.06 0.07 0.10 0.12 0.15 0.16 0.16 0.14 0.12 0.09 0.07 0.05 0.03 0.03 0.02 0.02 0.00 0.00 0.00
0.00 0.00 0.00 0.00 0.00 0.00 0.00 0.00 0.00 0.00 0.00 0.00 0.00 0.00 0.00 0.01 0.05 0.12 0.23 0.34 0.53 0.87 1.37 2.11 3.07 4.06 4.69 4.59 3.64 2.33 1.58 1.96 3.20 4.55 5.16 4.54 3.01 1.44 0.47 0.09 0.01 0.00 0.00 0.00 0.00 0.00 0.00 0.00 0.00 0.00 0.01 0.01 0.02 0.02 0.03 0.04 0.06 0.08 0.10 0.12 0.14 0.17 0.22 0.26 0.31 0.33 0.32 0.29 0.25 0.20 0.16 0.12 0.10 0.08 0.07 0.07 0.00 0.00 0.00
0.00 0.00 0.00 0.00 0.00 0.00 0.00 0.00 0.00 0.00 0.00 0.00 0.00 0.00 0.00 0.02 0.09 0.18 0.25 0.30 0.41 0.74 1.37 2.33 3.47 4.43 4.79 4.34 3.16 1.78 1.12 1.69 3.12 4.49 4.92 4.13 2.60 1.20 0.38 0.08 0.01 0.00 0.00 0.00 0.00 0.00 0.00 0.00 0.00 0.01 0.02 0.04 0.06 0.07 0.09 0.11 0.14 0.17 0.20 0.24 0.27 0.32 0.38 0.45 0.51 0.53 0.52 0.49 0.43 0.36 0.30 0.25 0.21 0.19 0.17 0.15 0.00 0.00 0.00
0.00 0.00 0.00 0.00 0.00 0.00 0.00 0.00 0.00 0.00 0.00 0.00 0.00 0.00 0.01 0.05 0.16 0.28 0.35 0.36 0.45 0.77 1.44 2.47 3.62 4.35 4.28 3.48 2.31 1.25 0.94 1.74 3.25 4.47 4.61 3.62 2.16 0.95 0.29 0.05 0.00 0.00 0.00 0.00 0.00 0.00 0.00 0.01 0.02 0.04 0.07 0.11 0.15 0.18 0.21 0.23 0.27 0.31 0.35 0.39 0.43 0.49 0.57 0.64 0.69 0.72 0.71 0.67 0.61 0.55 0.48 0.42 0.37 0.34 0.31 0.27 0.00 0.00 0.00
0.00 0.00 0.00 0.00 0.00 0.00 0.00 0.00 0.00 0.00 0.00 0.00 0.00 0.00 0.02 0.09 0.27 0.48 0.60 0.64 0.72 0.99 1.52 2.37 3.28 3.70 3.27 2.29 1.32 0.71 0.80 1.78 3.26 4.28 4.13 3.01 1.69 0.71 0.21 0.03 0.00 0.00 0.00 0.00 0.00 0.00 0.01 0.02 0.05 0.09 0.15 0.22 0.28 0.33 0.37 0.40 0.44 0.48 0.52 0.56 0.60 0.66 0.72 0.78 0.82 0.84 0.83 0.81 0.77 0.72 0.66 0.60 0.56 0.53 0.48 0.41 0.00 0.00 0.00
0.00 0.00 0.00 0.00 0.00 0.00 0.00 0.00 0.00 0.00 0.00 0.00 0.00 0.00 0.03 0.16 0.42 0.75 0.98 1.08 1.12 1.22 1.45 1.91 2.45 2.62 2.13 1.27 0.59 0.34 0.68 1.72 3.10 3.89 3.50 2.35 1.23 0.50 0.14 0.02 0.00 0.00 0.00 0.00 0.00 0.01 0.03 0.06 0.11 0.18 0.27 0.37 0.46 0.52 0.57 0.60 0.63 0.65 0.68 0.72 0.75 0.79 0.83 0.86 0.88 0.89 0.89 0.88 0.86 0.83 0.79 0.76 0.73 0.70 0.64 0.54 0.00 0.00 0.00
0.00 0.00 0.00 0.00 0.00 0.00 0.00 0.00 0.00 0.00 0.00 0.00 0.00 0.01 0.06 0.23 0.57 1.02 1.42 1.60 1.52 1.29 1.14 1.21 1.46 1.58 1.27 0.70 0.26 0.17 0.55 1.50 2.73 3.33 2.82 1.73 0.83 0.31 0.08 0.01 0.00 0.00 0.00 0.01 0.02 0.04 0.07 0.13 0.20 0.31 0.43 0.55 0.64 0.70 0.74 0.76 0.78 0.80 0.81 0.83 0.85 0.86 0.88 0.89 0.90 0.90 0.90 0.90 0.89 0.88 0.87 0.85 0.84 0.82 0.75 0.63 0.00 0.00 0.00
0.00 0.00 0.00 0.00 0.00 0.00 0.00 0.00 0.00 0.00 0.00 0.00 0.00 0.02 0.10 0.32 0.72 1.29 1.88 2.18 1.93 1.31 0.77 0.59 0.72 0.89 0.78 0.44 0.15 0.10 0.41 1.20 2.20 2.66 2.17 1.25 0.55 0.19 0.05 0.01 0.00 0.00 0.01 0.03 0.06 0.10 0.16 0.24 0.34 0.47 0.60 0.71 0.78 0.82 0.85 0.86 0.87 0.87 0.88 0.88 0.89 0.89 0.90 0.90 0.90 0.90 0.90 0.90 0.90 0.90 0.89 0.89 0.89 0.87 0.80 0.68 0.00 0.00 0.00
0.00 0.00 0.00 0.00 0.00 0.00 0.00 0.00 0.00 0.00 0.00 0.00 0.01 0.04 0.15 0.40 0.87 1.57 2.36 2.77 2.36 1.39 0.55 0.24 0.31 0.45 0.43 0.25 0.09 0.09 0.37 1.01 1.74 1.98 1.55 0.88 0.38 0.12 0.02 0.00 0.00 0.01 0.03 0.06 0.12 0.19 0.28 0.38 0.50 0.63 0.74 0.82 0.86 0.88 0.89 0.89 0.90 0.90 0.90 0.90 0.90 0.90 0.90 0.90 0.90 0.90 0.90 0.90 0.90 0.90 0.90 0.90 0.90 0.88 0.81 0.69 0.00 0.00 0.00
0.00 0.00 0.00 0.00 0.00 0.00 0.00 0.00 0.00 0.00 0.00 0.00 0.01 0.06 0.20 0.48 1.02 1.87 2.79 3.16 2.56 1.39 0.46 0.10 0.10 0.16 0.16 0.10 0.05 0.12 0.43 0.99 1.44 1.41 0.99 0.54 0.24 0.08 0.01 0.00 0.01 0.02 0.06 0.12 0.20 0.30 0.40 0.52 0.65 0.76 0.84 0.88 0.89 0.90 0.90 0.90 0.90 0.90 0.90 0.90 0.90 0.90 0.90 0.90 0.90 0.90 0.90 0.90 0.90 0.90 0.90 0.90 0.89 0.87 0.80 0.66 0.00 0.00 0.00
0.00 0.00 0.00 0.00 0.00 0.00 0.00 0.00 0.00 0.00 0.00 0.01 0.03 0.08 0.22 0.55 1.22 2.20 3.05 3.15 2.32 1.15 0.34 0.05 0.02 0.03 0.03 0.03 0.06 0.20 0.54 0.99 1.19 0.95 0.53 0.25 0.11 0.04 0.01 0.01 0.02 0.05 0.10 0.19 0.29 0.39 0.51 0.63 0.75 0.83 0.88 0.89 0.90 0.90 0.90 0.90 0.90 0.90 0.90 0.90 0.90 0.90 0.90 0.90 0.90 0.90 0.90 0.90 0.90 0.90 0.90 0.89 0.88 0.84 0.75 0.61 0.00 0.00 0.00
0.00 0.00 0.00 0.00 0.00 0.00 0.00 0.00 0.00 0.00 0.00 0.02 0.04 0.10 0.23 0.64 1.48 2.55 3.16 2.82 1.77 0.76 0.20 0.03 0.00 0.00 0.00 0.03 0.11 0.31 0.63 0.91 0.89 0.57 0.24 0.08 0.03 0.01 0.01 0.02 0.04 0.09 0.15 0.25 0.35 0.47 0.59 0.71 0.81 0.87 0.89 0.90 0.90 0.90 0.90 0.90 0.90 0.90 0.90 0.90 0.90 0.90 0.90 0.90 0.90 0.90 0.90 0.90 0.90 0.89 0.88 0.86 0.83 0.78 0.68 0.53 0.00 0.00 0.00
0.00 0.00 0.00 0.00 0.00 0.00 0.00 0.00 0.00 0.00 0.01 0.04 0.07 0.11 0.25 0.74 1.75 2.86 3.19 2.45 1.30 0.48 0.13 0.04 0.02 0.02 0.01 0.04 0.14 0.37 0.63 0.74 0.59 0.31 0.10 0.02 0.01 0.02 0.03 0.05 0.09 0.14 0.21 0.30 0.41 0.53 0.66 0.78 0.85 0.89 0.90 0.90 0.90 0.90 0.90 0.90 0.90 0.90 0.90 0.90 0.90 0.90 0.90 0.90 0.90 0.90 0.90 0.89 0.88 0.86 0.83 0.79 0.73 0.67 0.57 0.43 0.00 0.00 0.00
0.00 0.00 0.00 0.00 0.00 0.00 0.00 0.00 0.01 0.02 0.04 0.07 0.10 0.13 0.27 0.81 1.92 3.04 3.20 2.28 1.12 0.42 0.16 0.08 0.07 0.06 0.05 0.05 0.12 0.30 0.49 0.52 0.36 0.17 0.05 0.02 0.03 0.05 0.08 0.11 0.15 0.20 0.26 0.36 0.47 0.60 0.73 0.82 0.88 0.90 0.90 0.90 0.90 0.90 0.90 0.90 0.90 0.90 0.90 0.89 0.89 0.89 0.89 0.89 0.89 0.88 0.88 0.86 0.84 0.79 0.73 0.66 0.60 0.54 0.45 0.34 0.00 0.00 0.00
0.00 0.00 0.00 0.00 0.00 0.00 0.00 0.00 0.02 0.07 0.12 0.14 0.14 0.18 0.33 0.87 1.95 3.06 3.24 2.35 1.22 0.52 0.23 0.14 0.14 0.17 0.16 0.12 0.11 0.19 0.30 0.35 0.28 0.17 0.08 0.06 0.08 0.12 0.16 0.19 0.21 0.26 0.32 0.41 0.53 0.66 0.78 0.85 0.89 0.90 0.90 0.90 0.90 0.90 0.90 0.89 0.89 0.88 0.87 0.87 0.87 0.87 0.87 0.86 0.85 0.84 0.81 0.78 0.73 0.67 0.59 0.52 0.46 0.40 0.34 0.25 0.00 0.00 0.00
0.00 0.00 0.00 0.00 0.00 0.00 0.00 0.01 0.05 0.15 0.23 0.24 0.21 0.26 0.46 0.95 1.92 2.95 3.21 2.48 1.40 0.63 0.26 0.16 0.22 0.32 0.34 0.27 0.19 0.19 0.28 0.38 0.38 0.28 0.17 0.14 0.17 0.22 0.25 0.27 0.28 0.31 0.37 0.46 0.57 0.69 0.79 0.86 0.88 0.89 0.89 0.89 0.89 0.89 0.88 0.87 0.86 0.84 0.82 0.81 0.80 0.80 0.80 0.79 0.76 0.73 0.69 0.64 0.58 0.51 0.43 0.37 0.33 0.29 0.24 0.17 0.00 0.00 0.00
0.00 0.00 0.00 0.00 0.00 0.00 0.00 0.02 0.09 0.22 0.33 0.32 0.28 0.37 0.63 1.13 1.95 2.77 2.95 2.33 1.38 0.61 0.23 0.17 0.29 0.45 0.51 0.44 0.34 0.33 0.45 0.58 0.56 0.41 0.27 0.24 0.29 0.33 0.34 0.33 0.33 0.35 0.41 0.49 0.58 0.68 0.76 0.81 0.83 0.84 0.84 0.85 0.85 0.84 0.83 0.81 0.78 0.75 0.73 0.71 0.70 0.69 0.68 0.66 0.62 0.58 0.53 0.47 0.41 0.35 0.29 0.25 0.22 0.20 0.16 0.11 0.00 0.00 0.00
0.00 0.00 0.00 0.00 0.00 0.00 0.01 0.04 0.14 0.29 0.40 0.39 0.37 0.51 0.87 1.45 2.13 2.54 2.40 1.78 1.03 0.44 0.16 0.16 0.32 0.50 0.57 0.50 0.43 0.50 0.68 0.78 0.66 0.44 0.31 0.31 0.37 0.40 0.39 0.36 0.35 0.37 0.41 0.48 0.55 0.62 0.68 0.71 0.73 0.74 0.75 0.75 0.75 0.75 0.73 0.71 0.68 0.64 0.61 0.59 0.57 0.55 0.53 0.50 0.47 0.42 0.37 0.32 0.27 0.22 0.18 0.15 0.13 0.12 0.10 0.06 0.00 0.00 0.00
0.00 0.00 0.00 0.00 0.00 0.00 0.02 0.09 0.24 0.43 0.55 0.55 0.56 0.77 1.25 1.93 2.41 2.33 1.77 1.11 0.57 0.23 0.09 0.13 0.28 0.43 0.47 0.40 0.39 0.56 0.79 0.84 0.63 0.38 0.27 0.32 0.38 0.40 0.37 0.34 0.33 0.34 0.38 0.43 0.48 0.53 0.56 0.58 0.59 0.60 0.61 0.61 0.62 0.61 0.60 0.58 0.55 0.52 0.49 0.46 0.44 0.42 0.39 0.36 0.32 0.28 0.24 0.20 0.16 0.12 0.10 0.08 0.07 0.06 0.05 0.03 0.00 0.00 0.00
0.00 0.00 0.00 0.00 0.00 0.01 0.05 0.19 0.43 0.69 0.84 0.86 0.91 1.18 1.75 2.39 2.57 2.07 1.25 0.60 0.25 0.09 0.04 0.08 0.18 0.27 0.28 0.24 0.29 0.51 0.76 0.76 0.51 0.26 0.20 0.26 0.32 0.33 0.30 0.28 0.27 0.28 0.31 0.35 0.38 0.41 0.43 0.44 0.44 0.45 0.45 0.46 0.46 0.46 0.45 0.43 0.41 0.39 0.37 0.35 0.32 0.30 0.27 0.24 0.21 0.17 0.14 0.11 0.08 0.06 0.04 0.03 0.03 0.02 0.02 0.01 0.00 0.00 0.00
0.00 0.00 0.00 0.00 0.01 0.03 0.13 0.35 0.71 1.07 1.30 1.37 1.44 1.70 2.16 2.54 2.38 1.65 0.84 0.32 0.10 0.02 0.01 0.04 0.08 0.12 0.12 0.12 0.21 0.44 0.64 0.60 0.36 0.16 0.12 0.16 0.20 0.21 0.20 0.18 0.18 0.20 0.22 0.24 0.26 0.28 0.29 0.30 0.30 0.30 0.31 0.31 0.32 0.31 0.31 0.30 0.28 0.27 0.25 0.23 0.21 0.19 0.17 0.14 0.11 0.09 0.07 0.05 0.03 0.02 0.01 0.01 0.01 0.01 0.00 0.00 0.00 0.00 0.00
0.00 0.00 0.00 0.01 0.03 0.10 0.28 0.62 1.11 1.61 1.97 2.15 2.24 2.31 2.38 2.28 1.83 1.12 0.50 0.17 0.04 0.01 0.00 0.01 0.02 0.03 0.04 0.06 0.15 0.34 0.47 0.42 0.24 0.10 0.06 0.08 0.10 0.10 0.10 0.09 0.10 0.11 0.13 0.14 0.15 0.17 0.17 0.18 0.18 0.18 0.18 0.19 0.19 0.18 0.18 0.17 0.16 0.15 0.14 0.13 0.12 0.10 0.09 0.07 0.05 0.04 0.02 0.02 0.01 0.01 0.00 0.00 0.00 0.00 0.00 0.00 0.00 0.00 0.00
0.00 0.00 0.00 0.03 0.10 0.25 0.55 1.03 1.69 2.35 2.89 3.21 3.27 3.00 2.47 1.83 1.18 0.62 0.25 0.07 0.02 0.00 0.00 0.00 0.00 0.00 0.01 0.03 0.09 0.20 0.27 0.24 0.14 0.06 0.03 0.03 0.04 0.04 0.03 0.04 0.04 0.05 0.05 0.06 0.07 0.08 0.08 0.08 0.08 0.09 0.09 0.09 0.09 0.08 0.08 0.08 0.07 0.07 0.06 0.06 0.05 0.04 0.04 0.03 0.02 0.01 0.01 0.00 0.00 0.00 0.00 0.00 0.00 0.00 0.00 0.00 0.00 0.00 0.00
0.00 0.00 0.00 0.00 0.00 0.00 0.00 0.00 0.00 0.00 0.00 0.00 0.00 0.00 0.00 0.00 0.00 0.00 0.00 0.00 0.00 0.00 0.00 0.00 0.00 0.00 0.00 0.00 0.00 0.00 0.00 0.00 0.00 0.00 0.00 0.00 0.00 0.00 0.00 0.00 0.00 0.00 0.00 0.00 0.00 0.00 0.00 0.00 0.00 0.00 0.00 0.00 0.00 0.00 0.00 0.00 0.00 0.00 0.00 0.00 0.00 0.00 0.00 0.00 0.00 0.00 0.00 0.00 0.00 0.00 0.00 0.00 0.00 0.00 0.00 0.00 0.00 0.00 0.00
0.00 0.00 0.00 0.00 0.00 0.00 0.00 0.00 0.00 0.00 0.00 0.00 0.00 0.00 0.00 0.00 0.00 0.00 0.00 0.00 0.00 0.00 0.00 0.00 0.00 0.00 0.00 0.00 0.00 0.00 0.00 0.00 0.00 0.00 0.00 0.00 0.00 0.00 0.00 0.00 0.00 0.00 0.00 0.00 0.00 0.00 0.00 0.00 0.00 0.00 0.00 0.00 0.00 0.00 0.00 0.00 0.00 0.00 0.00 0.00 0.00 0.00 0.00 0.00 0.00 0.00 0.00 0.00 0.00 0.00 0.00 0.00 0.00 0.00 0.00 0.00 0.00 0.00 0.00
0.00 0.00 0.00 0.00 0.00 0.00 0.00 0.00 0.00 0.00 0.00 0.00 0.00 0.00 0.00 0.00 0.00 0.00 0.00 0.00 0.00 0.00 0.00 0.00 0.00 0.00 0.00 0.00 0.00 0.00 0.00 0.00 0.00 0.00 0.00 0.00 0.00 0.00 0.00 0.00 0.00 0.00 0.00 0.00 0.00 0.00 0.00 0.00 0.00 0.00 0.00 0.00 0.00 0.00 0.00 0.00 0.00 0.00 0.00 0.00 0.00 0.00 0.00 0.00 0.00 0.00 0.00 0.00 0.00 0.00 0.00 0.00 0.00 0.00 0.00 0.00 0.00 0.00 0.00
