---
Cross-Country Speed [km/h] Valid 1700 NZST ~Z75~(0500Z)~Z~ WED 7 Jan 2026 ~Z75~[101hrFcst@2128z]~Z~
Model= RASP Region= NZ Grid= d2 Reskm= 2.0 Indexs= 1 69 1 69 Proj= lambert 2000 2000 -35.0000 -42.0000 176.0000 -37.7968 175.7263
Day= 2026 1 7 WED ValidLST= 1700 NZST ValidZ= 500 Fcst= 101.0 Init= 94 Param= xcspeed Unit= km/h Mult= 1 Min= 0 Max= 92
0 0 0 0 0 0 0 0 0 0 0 0 0 0 0 0 0 0 0 0 0 0 0 0 0 0 0 0 0 0 1 2 0 4 0 0 0 3 21 8 7 9 9 9 9 12 18 31 24 33 17 34 43 2 0 0 0 0 0 0 0 0 0 0 0 0 0 0 0
0 0 0 0 0 0 0 0 0 0 0 0 0 0 0 0 0 0 0 0 0 0 0 0 0 0 0 0 0 0 1 3 0 0 0 0 1 19 23 24 17 19 12 15 12 15 22 9 25 10 12 15 32 49 34 21 21 24 41 40 41 49 55 61 59 0 0 0 0
0 0 0 0 0 0 0 0 0 0 0 0 0 0 0 0 0 0 2 0 0 0 0 0 0 0 0 0 0 0 2 4 5 0 0 1 0 26 29 30 22 21 12 9 12 14 21 9 8 9 10 11 26 35 28 16 16 20 40 42 46 51 55 59 60 59 0 0 0
0 0 0 0 0 0 0 0 0 0 0 0 0 0 0 0 0 0 0 3 4 0 0 0 0 0 0 0 0 1 4 5 0 13 5 7 26 28 22 30 23 22 21 4 8 14 3 6 8 7 8 8 18 7 18 8 10 14 38 41 44 47 53 55 57 58 56 56 0
0 0 0 0 0 0 0 0 0 0 44 0 0 0 0 0 0 0 0 0 0 0 0 0 0 0 0 0 1 3 5 8 17 23 25 28 31 31 31 30 23 22 22 20 18 20 28 12 10 8 7 6 5 4 4 6 8 29 32 38 43 49 47 55 55 56 57 58 51
0 0 0 0 0 0 0 0 0 0 0 0 0 0 0 0 0 0 0 0 0 0 2 1 2 1 0 0 0 0 0 8 22 27 31 35 37 37 17 33 28 10 25 8 7 27 32 32 31 29 9 7 7 6 5 25 33 38 42 45 40 38 36 38 52 53 53 53 44
0 0 0 0 0 0 0 0 0 0 0 0 0 0 0 0 0 0 0 0 0 0 0 2 3 0 0 2 0 5 6 9 22 28 32 16 18 17 27 39 41 22 35 14 35 35 35 33 38 30 21 9 7 5 21 23 28 16 41 32 21 5 8 27 45 48 46 0 0
0 0 0 0 0 0 0 0 0 0 0 0 12 13 0 0 0 0 0 0 0 0 0 0 0 0 0 0 0 0 0 7 22 14 32 33 36 36 39 40 41 43 26 25 20 37 45 44 32 28 20 45 12 5 18 46 47 33 53 50 40 29 25 25 0 24 40 36 37
0 0 0 0 0 0 0 0 0 0 0 4 12 3 3 0 0 0 0 0 0 0 4 0 0 0 0 0 0 0 0 0 1 14 31 30 33 36 41 41 42 27 27 44 46 48 49 46 25 14 31 52 18 14 24 45 36 38 37 12 4 1 0 0 0 0 33 27 32
0 0 0 0 0 0 0 0 0 0 0 0 0 0 9 13 11 2 0 0 0 0 0 0 0 0 0 0 0 1 0 0 0 31 29 27 29 31 37 43 30 33 35 56 64 63 60 57 51 46 55 58 25 8 32 38 37 50 54 35 33 37 34 55 70 60 0 18 34
0 0 0 0 0 0 0 0 0 0 0 0 0 0 0 14 20 8 0 0 0 0 0 0 0 0 0 0 0 0 0 0 0 21 5 4 7 11 11 13 26 31 33 55 59 57 54 56 55 53 57 60 53 52 54 49 52 66 73 75 72 63 52 57 0 0 63 47 43
0 0 0 0 0 0 0 0 0 0 0 0 0 0 0 0 15 15 7 0 0 0 0 0 0 0 0 0 0 0 0 0 0 0 0 0 1 4 6 6 10 16 24 46 49 47 38 45 49 46 35 29 29 51 54 49 12 30 42 58 38 34 27 0 0 0 0 52 46
0 0 0 0 0 0 0 0 0 0 0 0 0 0 0 0 0 9 11 10 4 0 0 0 0 0 0 6 0 0 0 0 0 0 0 6 0 0 0 0 3 27 32 37 45 43 33 41 47 45 28 21 22 27 28 25 20 26 56 56 27 26 34 0 0 0 0 0 49
0 0 0 0 0 0 0 0 0 0 0 0 0 0 0 0 0 0 0 11 15 8 0 0 0 0 0 0 0 0 0 0 0 0 3 5 0 0 0 0 1 21 19 22 42 46 36 36 43 33 24 17 19 24 19 18 20 28 50 36 26 0 0 0 43 57 67 72 46
0 0 0 0 0 0 0 0 0 0 0 0 0 0 0 0 0 0 0 0 12 17 12 6 1 0 0 0 0 0 0 0 0 0 0 0 0 0 0 0 10 10 12 7 42 49 35 29 31 30 8 11 17 28 21 10 71 80 37 34 36 41 41 45 58 48 56 60 0
0 0 0 0 0 0 0 0 0 0 0 0 0 0 0 0 0 0 0 0 0 12 19 21 13 6 2 1 0 0 0 1 0 0 0 0 0 0 0 0 0 6 10 24 46 47 28 27 28 27 21 7 23 48 28 0 70 86 57 65 68 66 0 0 0 70 44 0 0
0 0 0 0 0 0 0 0 0 0 0 0 0 0 0 0 0 0 0 0 0 1 9 21 24 20 12 2 0 0 1 2 0 0 0 0 0 0 0 0 0 7 13 26 41 39 26 24 23 7 16 3 14 40 20 0 68 0 0 0 73 68 0 0 0 0 0 0 0
0 0 0 0 0 0 0 0 0 0 0 0 0 0 0 0 0 0 0 0 0 1 4 14 22 24 23 15 2 1 1 2 0 0 0 0 0 0 0 0 5 9 16 24 33 35 32 22 19 17 13 6 4 11 11 4 0 0 0 0 43 37 45 62 66 22 0 0 0
0 0 0 0 0 0 0 0 0 0 0 0 0 0 0 0 0 0 0 0 0 1 6 13 15 17 23 18 9 4 5 5 0 0 0 0 0 0 0 5 6 11 17 20 27 32 29 20 18 4 12 8 4 3 8 0 0 0 0 0 0 0 0 41 0 0 0 0 0
0 0 0 0 0 0 0 0 0 0 0 0 0 0 0 0 0 0 0 0 0 2 9 16 15 15 20 17 1 0 3 9 11 11 11 6 0 0 0 5 8 16 19 21 28 31 27 20 19 18 16 13 10 10 16 0 0 0 0 0 0 0 0 0 0 0 0 0 0
0 0 0 0 0 0 0 0 0 0 0 0 0 0 0 0 0 0 0 0 0 1 7 12 13 17 20 4 0 0 1 11 21 23 11 6 0 0 0 1 2 16 18 23 30 31 28 20 18 18 5 3 1 12 19 15 0 0 0 0 0 0 0 0 0 0 0 0 0
0 0 0 0 0 0 0 0 0 0 0 0 0 0 0 0 0 0 0 0 0 1 2 3 5 14 11 0 0 0 0 9 26 30 10 6 1 2 4 7 18 18 22 30 34 31 27 18 16 16 16 3 1 0 13 23 12 0 50 48 46 0 0 0 0 0 0 0 0
0 0 0 0 0 0 0 0 0 0 0 0 0 0 0 0 32 44 0 0 0 0 1 3 7 10 1 0 0 0 2 25 32 30 13 10 4 7 8 9 9 22 30 38 37 30 18 16 15 15 15 14 14 13 17 21 22 21 52 68 62 60 0 0 0 0 0 0 0
0 0 0 0 0 0 0 0 0 0 0 0 0 0 0 0 0 0 0 0 0 0 1 5 11 3 0 1 2 2 4 27 37 31 20 15 13 17 18 9 9 25 39 44 36 19 15 15 15 16 15 15 15 17 21 17 19 31 31 40 43 0 0 0 0 0 0 0 0
0 0 0 0 0 0 0 0 0 0 0 0 0 0 0 0 0 0 0 0 0 0 1 7 10 1 0 4 7 5 6 20 33 37 35 27 20 16 18 11 14 21 56 50 30 15 14 15 15 16 17 16 16 23 5 1 19 32 29 36 27 0 0 0 0 0 0 0 0
0 0 0 0 0 0 0 0 0 0 0 0 0 0 0 0 0 0 0 0 0 0 2 6 4 1 1 8 13 12 6 8 21 26 35 45 43 38 31 11 16 28 50 54 18 10 14 15 14 17 24 19 20 25 24 21 33 30 24 32 19 0 80 0 0 0 0 0 0
0 0 0 0 0 0 0 0 0 0 0 0 0 0 0 0 0 0 0 0 0 0 3 6 5 4 8 14 19 15 5 5 10 16 21 35 43 45 41 20 16 29 53 56 16 7 13 15 13 15 21 22 23 30 30 30 29 27 26 50 32 0 0 0 0 0 0 0 0
0 0 0 0 0 0 0 0 0 0 0 0 0 0 0 0 0 0 0 0 0 0 3 4 7 12 15 18 22 15 6 7 10 14 17 24 30 35 39 29 26 35 64 54 15 9 13 14 11 13 22 30 30 33 33 33 24 38 26 50 16 0 0 0 0 0 0 0 0
0 0 0 0 0 0 0 0 0 0 0 0 0 0 0 0 0 0 0 0 0 0 1 47 11 18 17 16 25 18 9 10 13 14 16 18 17 22 24 32 47 58 60 51 11 6 11 14 14 16 27 32 32 34 39 38 27 25 28 45 33 0 0 0 0 0 0 0 0
0 0 0 0 0 0 0 0 0 0 0 0 0 0 0 0 0 0 0 0 0 3 2 4 14 21 13 11 28 20 8 10 13 13 14 16 14 14 18 20 39 65 66 48 2 0 10 21 24 26 30 32 29 35 37 31 35 51 61 0 0 0 0 0 0 0 0 0 0
0 0 0 0 0 0 0 0 0 0 0 0 0 0 0 0 0 4 3 1 0 2 4 7 17 20 8 11 28 20 7 6 6 9 13 16 15 14 16 18 41 70 0 13 0 0 7 13 23 34 47 49 51 51 49 73 0 0 0 0 0 0 0 0 0 0 0 0 0
0 0 0 0 0 0 0 0 0 0 0 0 0 0 0 0 0 0 7 8 4 3 7 14 21 17 9 14 22 9 4 2 2 9 14 17 16 16 23 25 55 72 54 4 0 1 0 6 0 5 34 53 37 62 0 0 0 0 0 0 0 0 0 0 0 0 0 0 0
0 0 0 0 0 0 0 0 0 0 0 0 0 0 0 0 0 0 3 11 19 15 13 19 22 16 13 16 8 2 0 1 6 17 16 19 16 13 22 30 66 70 56 0 0 6 12 0 0 0 2 3 46 0 0 0 0 0 0 0 0 0 0 0 0 0 0 0 0
0 0 0 0 0 0 0 0 0 0 0 0 0 0 0 0 0 0 0 1 12 29 29 26 22 17 8 5 1 0 1 7 13 17 18 21 65 21 16 27 69 70 34 0 10 32 4 0 0 0 0 0 0 0 0 0 0 0 0 0 0 0 0 0 0 0 0 0 0
0 0 0 0 0 0 0 0 0 0 0 0 0 7 12 15 21 0 0 0 1 13 33 37 33 15 5 0 0 3 9 14 17 16 19 21 68 32 27 33 66 77 23 12 25 34 10 0 0 0 32 0 0 0 0 0 0 0 0 0 0 0 0 0 0 0 0 0 0
0 0 0 0 0 0 0 0 0 0 0 0 0 9 18 24 0 0 0 0 0 5 16 30 32 16 10 12 16 13 14 16 16 14 18 21 26 30 43 48 67 75 35 21 22 16 0 0 25 0 0 0 0 0 0 0 0 0 0 0 0 0 0 0 0 0 0 0 0
0 0 0 0 0 0 0 0 0 0 0 0 0 10 23 0 0 0 0 0 0 3 11 16 10 13 19 27 26 21 19 17 16 16 18 22 21 23 21 55 72 64 30 13 9 11 0 37 0 0 0 0 0 0 0 0 0 0 0 0 0 0 0 0 0 0 0 0 0
0 0 0 0 0 0 0 0 0 0 0 0 0 0 0 0 0 0 0 0 2 4 6 6 7 8 17 24 25 28 30 25 18 17 19 25 23 17 17 60 78 57 20 0 0 0 51 0 0 0 0 0 0 0 0 0 0 0 0 0 0 0 0 0 0 0 0 0 0
0 0 0 0 0 0 0 0 0 0 0 0 0 0 0 0 0 0 0 2 4 6 7 8 7 6 7 12 16 23 31 34 29 24 22 22 19 15 38 75 74 31 0 0 0 22 0 0 0 0 0 0 0 0 0 0 0 0 0 0 0 0 0 0 0 0 0 0 0
0 0 0 0 0 0 0 0 0 0 0 0 0 0 0 0 0 0 0 1 5 7 9 9 8 5 5 8 11 13 13 24 30 31 27 21 15 19 63 81 61 1 0 0 0 35 0 0 0 0 0 0 0 0 0 0 0 0 0 0 0 0 0 0 0 0 0 0 0
0 0 0 0 0 0 0 0 0 0 0 0 0 0 0 0 0 0 0 0 2 8 11 10 9 5 6 8 7 6 7 9 16 27 31 39 38 45 82 76 22 0 0 0 15 0 0 0 0 0 0 0 0 0 0 0 0 0 0 0 0 0 0 0 0 0 0 0 0
0 0 0 0 0 0 0 0 0 7 0 0 0 0 0 0 0 0 0 0 0 2 7 12 14 8 6 5 5 4 4 5 7 11 20 28 43 62 86 56 0 0 0 0 27 0 0 0 0 0 0 0 0 0 0 0 0 0 0 0 0 0 0 0 0 0 0 0 0
0 0 0 0 0 0 0 0 0 0 0 0 0 0 0 0 0 0 0 0 0 0 4 10 13 55 16 9 5 4 5 5 7 7 9 13 32 73 83 51 0 0 0 0 36 0 0 0 0 0 0 0 0 0 0 0 0 0 0 0 0 0 0 0 0 0 0 0 0
0 0 0 0 0 0 0 0 0 0 0 0 0 0 0 0 0 0 0 0 0 0 1 7 7 10 17 18 14 9 4 3 4 5 6 8 19 71 77 22 0 0 14 2 0 0 0 0 0 0 0 0 0 0 0 0 0 0 0 0 0 0 0 0 0 0 0 0 0
0 0 0 0 0 0 0 0 0 0 0 0 0 0 0 0 0 0 0 0 0 0 1 2 4 4 7 14 17 18 14 7 4 2 3 4 0 74 61 3 0 0 13 13 0 0 0 0 0 0 0 0 0 0 0 0 0 0 0 0 0 0 0 0 0 0 0 0 0
0 0 0 0 0 0 0 0 0 0 0 0 0 0 0 0 0 0 0 0 0 0 0 0 0 2 3 4 10 14 28 28 24 21 19 19 21 0 40 0 0 0 0 12 0 0 0 0 0 0 0 0 0 0 0 0 0 0 0 0 0 0 0 0 0 0 0 0 0
0 0 0 0 0 0 0 0 0 0 0 0 0 0 0 0 0 0 0 0 0 8 2 0 0 1 2 1 2 6 8 23 31 59 68 0 0 63 4 0 0 0 0 8 0 0 0 0 0 0 0 0 0 0 0 0 0 0 0 0 0 0 0 0 0 0 0 0 0
0 0 0 0 0 0 0 0 0 0 0 0 0 0 0 0 0 0 0 0 0 7 1 0 0 1 1 1 1 1 2 3 23 56 72 0 63 15 0 0 0 0 5 0 0 0 0 0 0 0 0 0 0 0 0 0 0 0 0 0 0 0 0 0 0 0 0 0 0
0 0 0 0 0 0 0 0 0 0 0 0 0 0 0 0 0 0 0 0 0 6 2 1 0 1 1 0 0 0 0 0 6 92 80 24 8 8 4 0 0 1 0 0 0 0 0 0 0 0 0 0 0 0 0 0 0 0 0 0 0 0 0 0 0 0 0 0 0
0 0 0 0 0 0 0 0 0 0 0 0 0 0 0 0 0 0 0 0 0 7 4 2 0 0 0 0 0 0 0 0 3 58 59 8 5 17 6 0 0 0 0 38 0 0 0 0 0 0 0 0 0 0 0 0 0 0 0 0 0 0 0 0 0 0 0 0 0
0 0 0 0 0 0 0 0 0 0 0 0 0 0 0 0 0 0 0 0 0 4 1 1 0 0 0 0 0 0 0 0 7 56 43 1 8 26 9 0 9 0 0 0 0 0 0 0 0 0 0 0 0 0 0 0 0 0 0 0 0 0 0 0 0 0 0 0 0
0 0 0 0 0 0 0 0 0 0 0 0 0 0 0 0 0 0 0 0 0 0 0 0 0 0 1 2 2 3 8 14 31 44 18 0 5 24 11 0 15 0 1 0 0 0 0 0 0 0 0 0 0 0 0 0 0 0 0 0 0 0 0 0 0 0 0 0 0
0 0 0 0 0 0 0 0 0 0 0 0 0 0 0 0 0 0 0 0 0 0 0 0 0 0 0 1 1 2 9 21 33 40 5 0 6 10 4 0 10 13 39 0 0 0 0 0 0 0 0 0 0 0 0 0 0 0 0 0 0 0 0 0 0 0 0 0 0
0 0 0 0 0 0 0 0 0 0 0 0 0 0 0 0 0 0 0 0 0 0 0 0 0 0 0 0 0 1 5 27 20 15 4 2 11 7 2 0 0 0 31 0 0 0 0 0 0 0 0 0 0 0 0 0 0 0 0 0 0 0 0 0 0 0 0 0 0
0 0 0 0 0 0 0 0 0 0 0 0 0 0 0 0 0 0 0 0 0 0 0 0 0 0 0 0 0 0 9 14 6 10 25 0 0 0 0 0 1 0 13 0 0 0 0 0 0 0 0 0 0 0 0 0 0 0 0 0 0 0 0 0 0 0 0 0 0
0 0 0 0 0 0 0 0 0 0 0 0 0 0 0 0 0 0 0 0 0 0 0 0 0 1 1 0 0 0 0 0 9 40 38 13 69 17 0 0 1 0 13 0 0 0 0 0 0 0 0 0 0 0 0 0 0 0 0 0 0 0 0 0 0 0 0 0 0
0 0 0 0 0 0 0 0 0 0 0 0 0 0 0 0 0 0 0 0 0 0 0 2 2 5 4 2 1 0 0 1 16 32 22 5 2 44 38 70 2 4 0 0 0 0 0 0 0 0 0 0 0 0 0 0 0 0 0 0 0 0 0 0 0 0 0 0 0
0 0 0 0 0 0 0 0 0 0 0 0 0 0 0 0 1 0 0 0 0 0 0 11 11 8 6 4 3 1 0 2 18 27 16 13 23 47 42 66 35 0 0 0 0 0 0 0 0 0 0 0 0 0 0 0 0 0 0 0 0 0 0 0 0 0 0 0 0
0 0 0 0 0 0 0 0 0 0 0 0 0 0 0 0 1 0 0 0 0 0 2 15 11 13 12 9 8 6 3 70 39 25 17 16 30 48 19 31 0 0 0 0 0 0 0 0 0 0 0 0 0 0 0 0 0 0 0 0 0 0 0 0 0 0 0 0 0
0 0 0 0 0 0 0 0 0 0 0 0 0 0 0 0 0 0 0 0 0 0 5 14 10 11 15 13 10 9 7 22 35 24 8 23 36 36 11 0 0 0 0 0 0 0 0 0 0 0 0 0 0 0 0 0 0 0 0 0 0 0 0 0 0 0 0 0 0
0 0 0 0 0 0 0 0 0 0 0 0 0 0 0 0 0 0 0 0 0 0 0 5 9 8 10 12 11 14 15 24 52 34 40 19 57 28 45 0 0 0 0 0 0 0 0 0 0 0 0 0 0 0 0 0 0 0 0 0 0 0 0 0 0 0 0 0 0
0 0 0 0 0 0 0 0 0 0 0 0 0 0 0 0 0 0 0 0 0 1 0 3 8 8 9 11 11 16 26 28 53 55 58 58 59 24 67 0 0 0 0 0 0 0 0 0 0 0 0 0 0 0 0 0 0 0 0 0 0 0 0 0 0 0 0 0 0
0 0 0 0 0 0 0 0 0 0 0 0 0 0 0 0 0 0 0 0 0 0 0 2 7 8 13 12 12 17 28 32 45 58 62 57 52 22 0 0 0 0 0 0 0 0 0 0 0 0 0 0 0 0 0 0 0 0 0 0 0 0 0 0 0 0 0 0 0
0 0 0 0 0 0 0 0 0 0 0 0 0 0 0 0 0 0 0 0 0 0 0 1 7 8 14 14 19 28 31 35 58 53 49 46 0 0 34 0 0 0 0 0 0 0 0 0 0 0 0 0 0 0 0 0 0 0 0 0 0 0 0 0 0 0 0 0 0
0 0 0 0 0 0 0 0 0 0 0 0 0 0 0 0 0 0 0 0 0 0 0 0 6 8 15 16 26 36 38 51 54 50 35 38 31 0 0 0 0 0 0 0 0 0 0 0 0 0 0 0 0 0 0 0 0 0 0 0 0 0 0 0 0 0 0 0 0
0 0 0 0 0 0 0 0 0 0 0 0 0 0 0 0 0 0 0 0 0 0 0 0 6 8 16 19 31 40 42 52 53 49 40 37 45 0 0 0 0 0 0 0 0 0 0 0 0 0 0 0 0 0 0 0 0 0 0 0 0 0 0 0 0 0 0 0 0
0 0 0 0 0 0 0 0 0 0 0 0 0 0 0 0 0 0 0 0 0 0 0 0 3 9 19 25 42 44 56 51 52 50 49 45 5 0 0 0 0 0 0 0 0 0 0 0 0 0 0 0 0 0 0 0 0 0 0 0 0 0 0 0 0 0 0 0 0
0 0 0 0 0 0 0 0 0 0 0 0 0 0 0 0 0 0 0 0 0 0 0 0 0 9 25 29 41 47 55 49 55 53 52 46 9 0 0 0 0 0 0 0 0 0 0 0 0 0 0 0 0 0 0 0 0 0 0 0 0 0 0 0 0 0 0 0 0
0 0 0 0 0 0 0 0 0 0 0 0 0 0 0 0 0 0 0 0 0 0 0 0 0 0 0 27 33 36 44 40 44 37 42 0 0 0 0 0 0 0 0 0 0 0 0 0 0 0 0 0 0 0 0 0 0 0 0 0 0 0 0 0 0 0 0 0 0
