---
Cu Potential [m] Valid 1900 NZST ~Z75~(0700Z)~Z~ WED 7 Jan 2026 ~Z75~[103hrFcst@2128z]~Z~
Model= RASP Region= NZ Grid= d2 Reskm= 2.0 Indexs= 1 69 1 69 Proj= lambert 2000 2000 -35.0000 -42.0000 176.0000 -37.7968 175.7263
Day= 2026 1 7 WED ValidLST= 1900 NZST ValidZ= 700 Fcst= 103.0 Init= 94 Param= zsfclcldif Unit= m Mult= 1 Min= -948 Max= 154
-20 -15 -9 -1 -5 -7 -17 -18 -15 -8 1 12 23 31 38 42 48 47 40 61 53 51 60 60 30 18 -25 -65 -108 -138 -158 -173 -178 -163 -144 -141 -125 -101 -87 -75 -76 -97 -114 -133 -165 -214 -224 -220 -222 -223 -219 -227 -224 -223 -216 -232 -263 -302 -335 -386 -439 -460 -461 -441 -416 -399 -385 -361 -360
-9 -6 -7 -8 -14 -19 -26 -27 -27 -22 -9 4 18 23 27 29 35 43 30 49 71 42 46 59 28 2 -41 -100 -131 -150 -155 -154 -147 -141 -139 -132 -112 -99 -91 -82 -81 -96 -109 -133 -184 -225 -236 -235 -241 -240 -233 -234 -233 -232 -232 -239 -254 -272 -296 -339 -394 -426 -434 -421 -399 -394 -396 -384 -365
12 11 -1 -9 -22 -31 -37 -33 -35 -34 -28 -15 6 14 18 17 21 28 30 38 51 53 45 34 8 -16 -61 -114 -146 -158 -154 -145 -129 -136 -131 -126 -168 -93 -88 -79 -80 -93 -104 -123 -175 -220 -241 -241 -242 -244 -236 -234 -244 -241 -239 -241 -250 -260 -275 -307 -359 -393 -410 -412 -403 -410 -424 -408 -374
35 35 11 -8 -21 -38 -48 -43 -44 -46 -39 -30 -10 1 6 4 8 13 19 25 29 31 24 8 -19 -42 -84 -130 -153 -154 -152 -131 -128 -127 -121 -111 -95 -86 -80 -78 -83 -91 -100 -123 -160 -203 -220 -228 -231 -238 -241 -238 -244 -252 -257 -258 -259 -260 -272 -293 -327 -360 -392 -414 -426 -444 -473 -456 -392
59 59 29 5 -15 -44 -63 -54 -43 -8 -277 -56 -11 -3 -2 -1 3 6 10 14 22 12 2 -17 -47 -73 -111 -148 -152 -143 -138 -126 -324 -308 -324 -91 -84 -81 -82 -83 -90 -97 -110 -133 -156 -182 -197 -202 -208 -220 -231 -238 -246 -253 -260 -263 -258 -261 -268 -279 -300 -327 -363 -409 -445 -470 -500 -484 -396
81 81 48 20 -7 -46 -73 -78 -57 -7 -42 -36 -2 -4 -9 -4 1 0 0 0 4 -4 -28 -51 -75 -96 -119 -143 -134 -127 -128 -114 -115 -101 -84 -76 -72 -79 -79 -92 -103 -98 -119 -139 -152 -178 -188 -193 -197 -212 -225 -243 -252 -257 -262 -271 -265 -254 -252 -257 -276 -316 -371 -426 -466 -487 -508 -477 -375
101 104 68 41 6 -43 -81 -96 -79 -28 6 15 18 14 -4 -3 1 -1 -1 -4 -12 -22 -47 -77 -94 -97 -115 -132 -117 -119 -124 -117 -117 -95 -80 -72 -64 -68 -84 -103 -113 -102 -123 -137 -158 -172 -180 -175 -177 -192 -211 -228 -245 -253 -271 -270 -258 -233 -214 -221 -258 -308 -362 -413 -465 -481 -491 -766 -686
112 105 85 60 20 -41 -87 -98 -76 -39 -10 28 41 49 26 7 5 14 14 -2 -23 -40 -49 -75 -86 -96 -121 -116 -95 -110 -128 -140 -127 -96 -76 -79 -76 -80 -96 -112 -120 -119 -119 -128 -138 -149 -147 -139 -150 -191 -203 -194 -211 -271 -292 -286 -277 -253 -236 -239 -272 -316 -367 -441 -725 -426 -454 -407 -308
112 104 87 64 26 -29 -73 -90 -80 -57 -41 -28 29 63 79 24 -9 14 23 -10 -45 -60 -74 -69 -78 -104 -140 -119 -81 -96 -146 -173 -148 -89 -77 -89 -90 -90 -98 -110 -117 -118 -120 -136 -136 -120 -102 -89 -106 -171 -204 -146 -143 -266 -294 -254 -247 -235 -229 -244 -263 -311 -379 -459 -751 -722 -405 -370 -631
119 115 79 52 17 -27 -71 -117 -116 -82 -78 -78 -58 2 48 106 53 2 -32 -54 -66 -72 -78 -79 -86 -132 -150 -118 -81 -115 -166 -193 -170 -85 -77 -97 -103 -107 -112 -116 -106 -90 -82 -92 -83 -64 -59 -65 -86 -135 -185 -137 -143 -260 -296 -259 -250 -227 -186 -185 -189 -233 -311 -401 -381 -355 -712 -309 -593
120 115 67 34 -6 -52 -113 -153 -139 -95 -90 -100 -84 -75 -98 -103 80 71 -30 -98 -105 -88 -71 -84 -114 -148 -145 -113 -97 -131 -169 -196 -187 -114 -85 -106 -119 -131 -140 -144 -119 -86 -54 -29 22 67 57 41 32 -2 -42 -69 -132 -210 -247 -276 -318 -306 -263 -237 -246 -275 -316 -376 -785 -728 -258 -258 -561
111 101 55 20 -25 -87 -147 -146 -109 -85 -81 -85 -72 -81 -105 -123 -83 72 36 -57 -124 -129 -84 -77 -114 -134 -126 -117 -116 -149 -184 -200 -199 -166 -152 -160 -162 -157 -155 -161 -151 -121 -81 -44 15 87 101 103 117 117 90 42 -40 -97 -132 -183 -247 -280 -252 -186 -207 -259 -309 -771 -682 -660 -640 -199 -535
87 65 38 7 -36 -105 -143 -112 -93 -80 -73 -70 -66 -81 -107 -122 -103 -58 -32 -23 -53 -103 -128 -131 -122 -117 -118 -144 -145 -156 -199 -216 -205 -200 -204 -217 -203 -189 -182 -184 -172 -154 -122 -92 -47 10 31 32 65 101 63 -3 -51 -67 -86 -132 -198 -245 -241 -161 -202 -262 -308 -641 -560 -562 -606 -586 -513
62 39 27 3 -36 -91 -110 -94 -84 -76 -69 -69 -67 -73 -89 -98 -81 -71 -104 -109 -44 -5 -59 -137 -163 -135 -112 -126 -144 -160 -216 -264 -197 -225 -256 -257 -236 -224 -219 -216 -198 -180 -149 -126 -90 -12 14 3 16 36 17 -44 -100 -119 -153 -210 -256 -273 -280 -248 -297 -671 -620 -547 -221 -216 -213 -234 -501
59 24 19 9 -15 -55 -83 -92 -85 -74 -69 -73 -70 -65 -65 -78 -89 -99 -138 -167 -135 -58 0 18 -35 -103 -134 -136 -132 -173 -247 -311 -215 -252 -273 -272 -263 -256 -251 -234 -223 -201 -174 -146 -100 1 23 -8 -8 -3 -3 -67 -136 -145 -177 -247 -561 -565 -300 -315 -296 -268 -305 -317 -278 -217 -216 -216 -494
69 31 28 18 3 -29 -62 -81 -84 -71 -58 -58 -57 -53 -61 -90 -120 -135 -150 -162 -153 -119 -68 4 57 27 -48 -114 -135 -206 -324 -174 -241 -268 -283 -285 -286 -282 -268 -250 -229 -219 -190 -160 -85 7 13 -25 -32 -25 -27 -97 -180 -142 -139 -256 -644 -614 -365 -356 -316 -262 -279 -658 -461 -158 -194 -203 -209
70 66 56 39 26 -2 -40 -72 -90 -76 -42 -29 -33 -40 -65 -104 -133 -144 -145 -144 -138 -120 -88 -38 17 51 52 23 -38 -147 -170 -208 -257 -275 -282 -292 -296 -294 -282 -269 -251 -226 -189 -149 -75 -14 -14 -37 -48 -44 -61 -130 -208 -184 -169 -289 -650 -499 -444 -413 -271 -285 -231 -266 -530 -156 -199 -183 -157
86 72 68 55 54 31 -14 -69 -105 -94 -37 -15 -32 -53 -85 -118 -139 -149 -149 -144 -135 -118 -95 -52 -11 13 42 59 36 -43 -138 -214 -267 -287 -288 -295 -294 -296 -294 -278 -263 -226 -182 -138 -94 -56 -42 -47 -58 -71 -98 -155 -229 -266 -272 -317 -792 -429 -406 -386 -296 -320 -292 -296 -293 -256 -226 -183 -149
101 83 86 83 79 60 14 -63 -116 -114 -58 -39 -64 -91 -109 -118 -128 -144 -152 -148 -135 -120 -101 -55 -9 1 14 54 39 4 -38 -137 -213 -270 -292 -286 -287 -303 -302 -288 -258 -222 -180 -142 -110 -79 -61 -62 -77 -89 -126 -177 -243 -302 -337 -686 -426 -405 -386 -399 -384 -310 -338 -345 -345 -326 -266 -201 -161
109 109 115 115 103 82 45 -40 -116 -135 -109 -76 -85 -98 -89 -79 -90 -118 -142 -152 -153 -142 -112 -57 0 20 47 61 7 -62 -69 -75 -127 -178 -234 -271 -292 -312 -318 -302 -266 -222 -177 -146 -113 -80 -67 -74 -91 -113 -145 -188 -245 -300 -342 -683 -741 -416 -380 -391 -371 -342 -383 -389 -385 -353 -260 -189 -164
127 132 136 139 123 107 81 -5 -99 -172 -189 -123 -79 -75 -66 -55 -70 -98 -129 -154 -170 -166 -131 -75 -14 19 72 68 -33 -153 -174 -94 -76 -84 -135 -228 -310 -346 -335 -313 -272 -224 -183 -158 -120 -83 -66 -72 -97 -130 -151 -185 -233 -291 -330 -351 -635 -486 -498 -487 -613 -411 -409 -431 -698 -638 -513 -406 -257
140 146 150 154 133 124 105 14 -122 -251 -293 -195 -101 -86 -80 -81 -72 -79 -105 -137 -162 -172 -155 -122 -76 -23 26 -13 -160 -256 -235 -145 -78 -48 -97 -205 -314 -367 -355 -302 -256 -228 -206 -170 -122 -88 -75 -75 -110 -146 -175 -197 -235 -280 -331 -349 -360 -484 -397 -422 -449 -776 -467 -453 -471 -622 -464 -303 -251
143 145 149 149 127 118 88 -50 -236 -394 -412 -277 -148 -110 -114 -92 -410 -440 -193 -159 -156 -159 -156 -149 -119 -67 -62 -145 -245 -256 -644 -644 -75 -58 -105 -196 -273 -319 -317 -283 -247 -217 -191 -145 -100 -80 -83 -102 -138 -170 -195 -221 -255 -290 -336 -361 -386 -408 -457 -471 -477 -462 -440 -406 -352 -226 -402 -284 -229
141 127 136 128 98 52 -5 -133 -388 -398 -363 -247 -171 -134 -137 -122 -182 -245 -230 -197 -170 -155 -155 -149 -107 -81 -119 -181 -224 -229 -247 -209 -73 -44 -96 -173 -230 -247 -240 -220 -201 -178 -147 -100 -80 -90 -113 -143 -169 -193 -214 -240 -273 -306 -341 -381 -408 -421 -433 -447 -466 -483 -466 -405 -550 -483 -358 -260 -210
134 110 108 86 50 -13 -103 -229 -393 -488 -491 -513 -251 -153 -148 -160 -175 -197 -205 -196 -175 -164 -171 -158 -102 -109 -166 -177 -167 -188 -226 -231 -171 -81 -95 -139 -176 -187 -191 -181 -172 -163 -108 -44 -62 -119 -148 -165 -192 -214 -228 -253 -293 -328 -348 -385 -417 -421 -434 -457 -487 -491 -481 -308 -464 -413 -312 -246 -207
125 103 83 50 7 -65 -144 -289 -302 -532 -529 -518 -446 -257 -170 -170 -179 -179 -178 -180 -178 -179 -187 -181 -148 -162 -201 -184 -149 -156 -184 -217 -214 -174 -143 -146 -148 -143 -152 -150 -131 -129 -68 -16 -61 -146 -177 -183 -205 -231 -239 -264 -315 -345 -364 -392 -415 -436 -459 -481 -506 -499 -474 -719 -416 -374 -299 -243 -212
116 90 56 16 -30 -104 -167 -269 -220 -567 -568 -517 -499 -390 -218 -183 -168 -157 -160 -179 -200 -210 -205 -197 -184 -187 -194 -181 -145 -134 -168 -216 -238 -239 -230 -195 -162 -125 -98 -109 -115 -118 -31 7 -62 -156 -193 -200 -222 -250 -258 -286 -330 -346 -356 -388 -425 -453 -478 -502 -520 -509 -489 -742 -422 -376 -307 -256 -223
104 74 36 -9 -59 -119 -177 -185 -144 -196 -299 -478 -472 -439 -307 -188 -178 -158 -155 -180 -219 -241 -242 -204 -186 -172 -161 -164 -142 -129 -172 -219 -245 -265 -276 -261 -213 -162 -114 -64 -74 -116 -11 12 -54 -145 -190 -213 -251 -274 -275 -296 -325 -339 -349 -383 -434 -462 -484 -512 -541 -520 -500 -208 -426 -369 -322 -267 -228
81 56 18 -24 -67 -100 -128 -106 -132 -168 -221 -329 -431 -433 -398 -228 -152 -180 -189 -196 -217 -246 -215 -485 -269 -193 -149 -155 -144 -125 -168 -217 -243 -271 -291 -293 -280 -250 -191 -139 -69 -126 20 28 -50 -150 -201 -235 -267 -278 -267 -279 -319 -347 -357 -380 -426 -466 -490 -523 -543 -547 -337 -459 -371 -315 -273 -235 -207
54 38 7 -29 -49 -58 -71 -83 -118 -147 -180 -226 -319 -399 -400 -370 -213 -134 -204 -242 -243 -244 -218 -270 -254 -178 -141 -163 -144 -114 -156 -216 -248 -277 -298 -306 -309 -311 -307 -300 -260 -222 103 91 -40 -165 -223 -247 -258 -252 -249 -268 -323 -361 -367 -387 -428 -465 -496 -518 -532 -452 -244 -408 -334 -280 -245 -206 -183
25 18 3 -21 -27 -36 -54 -94 -125 -136 -145 -175 -225 -311 -370 -369 -346 -231 -134 -214 -260 -261 -246 -248 -230 -161 -159 -182 -142 -113 -161 -221 -268 -302 -318 -323 -322 -330 -342 -345 -324 -190 140 120 -29 -146 -213 -242 -241 -227 -232 -267 -310 -349 -351 -388 -444 -467 -493 -510 -469 -284 -430 -355 -291 -249 -210 -176 -152
7 6 2 -9 -16 -30 -61 -109 -127 -123 -123 -139 -182 -234 -304 -352 -364 -344 -249 -129 -206 -266 -268 -246 -211 -165 -179 -193 -138 -135 -198 -264 -330 -355 -353 -348 -340 -344 -358 -352 -318 -78 129 76 -58 -127 -159 -195 -208 -207 -226 -263 -290 -299 -308 -332 -408 -460 -488 -492 -321 -215 -351 -302 -255 -224 -183 -156 -131
-2 1 4 1 -10 -34 -78 -115 -119 -114 -115 -131 -154 -194 -244 -311 -354 -364 -336 -250 -126 -197 -257 -238 -200 -172 -178 -181 -161 -198 -279 -338 -368 -366 -361 -366 -350 -343 -346 -335 -297 -2 71 -10 -115 -139 -117 -121 -153 -185 -220 -251 -281 -290 -277 -282 -324 -409 -465 -385 -174 -159 -288 -254 -226 -195 -168 -148 -124
12 13 9 2 -10 -42 -90 -114 -110 -110 -115 -127 -148 -156 -182 -228 -285 -316 -333 -325 -273 -137 -189 -231 -223 -198 -190 -206 -241 -302 -351 -359 -356 -356 -367 -359 -590 -379 -330 -320 -279 8 40 -64 -158 -150 -100 -110 -143 -170 -198 -232 -288 -310 -289 -273 -305 -370 -396 -259 -339 -277 -249 -222 -192 -175 -163 -150 -131
-59 25 17 5 -11 -46 -95 -112 -110 -114 -115 -136 -115 -388 -452 -480 -542 -422 -388 -363 -342 -290 -151 -174 -226 -250 -280 -314 -349 -374 -365 -339 -330 -342 -372 -342 -565 -416 -358 -327 -266 -3 22 -89 -157 -145 -150 -171 -171 -154 -171 -228 -292 -329 -318 -306 -306 -312 -262 -175 -276 -236 -214 -189 -170 -161 -162 -150 -125
-48 28 23 11 -16 -51 -99 -120 -118 -122 -115 -140 -103 -390 -451 -507 -416 -427 -421 -403 -380 -350 -266 -132 -151 -252 -352 -402 -397 -379 -356 -336 -331 -345 -367 -339 -376 -391 -362 -342 -278 -28 2 -82 -145 -177 -225 -251 -214 -144 -131 -207 -283 -314 -329 -335 -281 -166 -84 -256 -222 -196 -182 -164 -151 -152 -157 -329 -328
-38 40 29 11 -11 -57 -107 -131 -126 -125 -116 -144 -105 -389 -452 -617 -372 -395 -413 -412 -403 -378 -309 -198 -160 -228 -313 -374 -403 -399 -377 -357 -354 -361 -362 -343 -334 -354 -353 -343 -254 -15 -3 -91 -166 -219 -265 -279 -242 -154 -111 -159 -255 -302 -320 -292 -153 -11 26 -189 -184 -165 -159 -143 -149 -153 -151 -336 -326
53 47 33 12 -10 -50 -107 -133 -131 -128 -122 -141 -125 -172 -245 -292 -328 -354 -385 -401 -400 -389 -346 -277 -248 -239 -258 -291 -348 -405 -416 -400 -389 -381 -363 -354 -338 -343 -342 -336 -128 49 -14 -131 -210 -257 -283 -279 -261 -210 -165 -164 -174 -220 -222 -80 -12 -5 9 -161 -154 -148 -149 -308 -224 -223 -346 -335 -293
57 46 33 11 -12 -45 -91 -125 -134 -133 -129 -137 -136 -138 -172 -227 -280 -316 -339 -370 -389 -396 -384 -342 -315 -302 -274 -264 -274 -319 -375 -422 -434 -415 -382 -363 -354 -339 -341 -269 21 57 -62 -189 -263 -299 -317 -310 -300 -291 -250 -153 -337 -294 -76 54 3 -40 -23 -131 -149 -222 -226 -237 -248 -355 -333 -316 -283
53 39 28 9 -13 -44 -84 -113 -134 -146 -136 -131 -139 -145 -164 -205 -248 -279 -305 -330 -364 -391 -404 -389 -365 -360 -347 -294 -264 -257 -297 -365 -429 -449 -428 -389 -365 -339 -322 -95 79 -2 -150 -245 -296 -319 -341 -351 -334 -307 -304 -205 -215 -403 -350 -412 -464 -40 -10 -37 -228 -235 -248 -256 -241 -351 -324 -288 -253
51 34 22 5 -16 -47 -77 -102 -130 -138 -116 -116 -137 -156 -178 -207 -233 -253 -279 -306 -336 -368 -390 -401 -399 -399 -393 -355 -304 -280 -278 -303 -347 -403 -441 -442 -405 -359 -268 15 49 -122 -254 -291 -316 -322 -324 -334 -333 -297 -337 -181 -364 -260 23 -510 -61 -59 -273 -232 -235 -319 -332 -337 -343 -329 -294 -278 -246
48 31 15 -2 -22 -50 -79 -92 -356 -418 -177 -127 -132 -150 -177 -206 -225 -239 -261 -290 -320 -345 -367 -381 -394 -400 -399 -386 -357 -327 -310 -297 -294 -310 -350 -401 -407 -397 -188 12 -48 -240 -331 -341 -334 -313 -282 -292 -308 -331 -532 -241 -453 -288 61 -88 -450 -341 -253 -302 -326 -321 -325 -334 -317 -291 -278 -249 -241
49 27 8 -11 -32 -58 -89 -99 -151 -221 -195 -148 -136 -143 -169 -198 -213 -226 -249 -278 -311 -336 -350 -373 -352 -618 -427 -409 -394 -378 -356 -331 -309 -293 -284 -301 -300 -321 -86 -22 -138 -310 -378 -380 -352 -312 -282 -484 -409 -423 -441 -465 -376 -475 -617 -528 -406 -295 -309 -311 -307 -317 -323 -299 -281 -248 -247 -243 -236
46 28 2 -22 -45 -75 -100 -108 -130 -166 -174 -142 -134 -148 -174 -192 -193 -201 -228 -260 -287 -314 -332 -353 -354 -386 -401 -397 -392 -393 -390 -377 -355 -335 -314 -307 -406 -412 -42 24 -131 -315 -396 -403 -385 -908 -459 -387 -357 -339 -360 -428 -387 -496 -449 -392 -317 -263 -314 -301 -304 -309 -291 -280 -244 -242 -242 -239 -227
37 21 -7 -33 -58 -90 -111 -123 -137 -133 -141 -136 -124 -143 -176 -190 -184 -176 -191 -227 -258 -285 -315 -344 -370 -379 -380 -379 -375 -373 -380 -393 -392 -370 -328 -329 -488 -436 -49 -4 -162 -304 -373 -374 -386 -948 -497 -410 -350 -296 -288 -328 -356 -437 -408 -367 -305 -318 -299 -299 -297 -276 -277 -250 -242 -240 -240 -235 -219
19 3 -20 -45 -71 -99 -120 -132 -125 -115 -117 -131 -121 -123 -150 -173 -175 -163 -166 -193 -220 -241 -281 -347 -393 -399 -391 -385 -380 -371 -360 -362 -354 -323 -347 -441 -461 -184 30 -86 -243 -316 -339 -320 -900 -493 -506 -431 -343 -320 -333 -562 -519 -443 -391 -332 -270 -305 -288 -300 -294 -281 -272 -243 -239 -241 -240 -221 -221
4 -13 -32 -55 -77 -103 -117 -118 -117 -113 -107 -119 -133 -117 -120 -133 -142 -146 -153 -164 -180 -204 -253 -363 -429 -424 -411 -405 -399 -387 -365 -332 -294 -320 -336 -367 -211 42 -1 -188 -319 -340 -324 -317 -894 -433 -444 -411 -371 -440 -735 -594 -471 -410 -360 -281 -298 -269 -285 -300 -283 -277 -247 -238 -239 -241 -236 -223 -223
-8 -25 -43 -62 -81 -99 -113 -221 -92 -95 -97 -106 -134 -135 -113 -107 -107 -110 -127 -152 -160 -182 -248 -368 -440 -430 -414 -412 -410 -399 -379 -347 -320 -321 -107 -44 -1 10 -80 -244 -351 -381 -359 -869 -903 -450 -424 -377 -386 -501 -551 -444 -376 -375 -318 -301 -257 -268 -288 -281 -279 -270 -241 -234 -240 -239 -226 -226 -226
-18 -34 -51 -69 -80 -96 -209 -98 -92 -84 -92 -110 -133 -141 -111 -101 -94 -99 -117 -151 -172 -192 -245 -342 -399 -402 -398 -404 -408 -403 -398 -372 -353 -374 -211 -209 -52 -105 -175 -304 -383 -419 -386 -878 -458 -466 -424 -315 -490 -430 -413 -384 -402 -366 -315 -250 -250 -273 -286 -277 -275 -260 -237 -234 -242 -231 -230 -229 -229
-26 -42 -56 -68 -76 -86 -85 -87 -83 -79 -226 -127 -127 -123 -285 -102 -84 -77 -100 -168 -202 -202 -226 -290 -355 -370 -372 -380 -395 -404 -415 -387 -369 -278 -93 -63 -123 -140 -209 -349 -406 -415 -382 -304 -414 -444 -414 -348 -607 -573 -539 -451 -412 -290 -265 -241 -252 -279 -288 -274 -267 -247 -235 -237 -244 -232 -233 -232 -231
-32 -47 -58 -65 -71 -79 -84 -84 -79 -75 -85 -102 -100 -96 -91 -75 -55 -51 -102 -197 -216 -185 -206 -274 -342 -362 -359 -360 -376 -395 -409 -375 -352 -240 -117 -141 -195 -162 -225 -353 -393 -398 -399 -378 -884 -386 -273 -541 -566 -484 -387 -391 -363 -311 -239 -239 -264 -287 -275 -269 -257 -235 -236 -242 -242 -237 -236 -235 -233
-36 -50 -59 -160 -70 -77 -75 -213 -94 -84 -74 -71 -76 -64 -75 -77 -62 -76 -152 -205 -192 -168 -203 -295 -377 -398 -389 -385 -388 -391 -377 -355 -318 -180 -153 -241 -280 -232 -272 -361 -366 -365 -375 -468 -515 -414 -410 -440 -387 -288 -313 -345 -367 -249 -231 -251 -275 -281 -266 -260 -235 -233 -239 -245 -238 -241 -239 -236 -234
-41 -56 -64 -198 -203 -85 -88 -94 -92 -87 -67 -169 -73 -72 -104 -123 -89 -102 -131 -150 -160 -168 -242 -364 -441 -442 -429 -420 -404 -372 -345 -303 -257 -205 -266 -367 -366 -303 -322 -365 -357 -333 -331 -770 -374 -350 -424 -428 -298 -269 -318 -344 -292 -228 -239 -264 -276 -269 -261 -247 -231 -234 -243 -242 -245 -243 -241 -237 -235
-48 -60 -67 -202 -170 -166 -73 -83 -87 -83 -171 -192 -174 -103 -142 -144 -84 -75 -80 -93 -146 -224 -350 -466 -493 -472 -455 -440 -405 -363 -325 -305 -306 -314 -399 -425 -362 -304 -327 -362 -355 -340 -363 -421 -690 -576 -399 -333 -266 -299 -337 -306 -257 -230 -251 -267 -267 -256 -255 -231 -230 -238 -245 -238 -254 -244 -241 -238 -235
-55 -65 -73 -76 -82 -78 -74 -76 -203 -245 -243 -195 -96 -147 -171 -140 -73 -72 -78 -114 -209 -360 -484 -530 -508 -477 -460 -441 -406 -372 -343 -350 -356 -330 -349 -350 -350 -341 -357 -384 -388 -384 -418 -479 -509 -855 -634 -451 -468 -496 -450 -346 -244 -241 -258 -261 -247 -252 -244 -228 -232 -246 -244 -250 -255 -242 -240 -237 -234
-63 -71 -79 -83 -93 -218 -76 -72 -83 -244 -212 -177 -134 -175 -176 -145 -102 -101 -129 -190 -337 -479 -543 -528 -488 -448 -434 -424 -412 -396 -376 -356 -338 -272 -226 -264 -598 -417 -389 -409 -409 -411 -447 -524 -939 -924 -723 -654 -556 -512 -427 -336 -247 -250 -257 -240 -244 -251 -229 -227 -239 -253 -251 -253 -247 -241 -239 -236 -234
-69 -76 -85 -91 -96 -95 -86 -70 -61 -86 -110 -119 -152 -176 -173 -153 -137 -132 -168 -276 -425 -523 -551 -518 -448 -429 -421 -416 -416 -414 -402 -353 -315 -224 -185 -274 -358 -330 -332 -649 -457 -416 -439 -546 -688 -699 -754 -672 -494 -414 -333 -313 -252 -254 -253 -238 -244 -246 -228 -231 -246 -255 -252 -249 -242 -241 -239 -236 -233
-73 -82 -91 -98 -99 -101 -91 -70 -54 -59 -90 -121 -146 -157 -157 -145 -140 -139 -199 -342 -473 -533 -539 -487 -444 -421 -409 -404 -410 -416 -406 -370 -316 -219 -221 -299 -334 -282 -274 -610 -462 -405 -427 -862 -609 -659 -711 -557 -418 -330 -238 -293 -252 -254 -236 -238 -243 -227 -230 -240 -251 -252 -247 -243 -243 -241 -239 -235 -234
-83 -92 -100 -106 -107 -104 -92 -70 -55 -51 -76 -115 -133 -133 -134 -129 -117 -134 -231 -392 -497 -528 -510 -466 -640 -642 -402 -386 -388 -408 -391 -655 -364 -253 -247 -273 -295 -254 -274 -388 -423 -388 -455 -876 -608 -668 -520 -353 -300 -224 -339 -283 -252 -251 -235 -240 -224 -227 -237 -250 -254 -247 -242 -242 -244 -242 -239 -235 -234
-93 -101 -109 -189 -106 -110 -97 -83 -75 -67 -86 -115 -126 -121 -127 -130 -125 -167 -273 -406 -478 -501 -470 -456 -598 -598 -590 -376 -366 -367 -370 -449 -363 -290 -288 -307 -288 -266 -332 -406 -450 -463 -532 -655 -600 -458 -308 -241 -181 -172 -307 -274 -251 -242 -235 -241 -224 -230 -246 -257 -254 -246 -243 -242 -243 -242 -239 -235 -233
-107 -115 -119 -114 -108 -103 -96 -94 -90 -84 -108 -126 -124 -123 -143 -164 -175 -225 -308 -399 -448 -457 -421 -635 -571 -598 -589 -345 -347 -343 -342 -373 -364 -330 -349 -331 -295 -311 -412 -480 -506 -519 -544 -603 -430 -306 -271 -199 -161 -285 -298 -267 -251 -233 -236 -237 -223 -237 -253 -256 -251 -248 -248 -244 -243 -242 -239 -236 -233
-115 -121 -123 -119 -106 -99 -106 -102 -96 -94 -114 -130 -130 -135 -159 -187 -208 -258 -322 -376 -418 -423 -399 -739 -573 -581 -381 -330 -306 -305 -308 -319 -328 -324 -335 -311 -277 -328 -449 -507 -512 -515 -876 -463 -361 -311 -267 -219 -320 -292 -296 -267 -249 -234 -236 -224 -224 -261 -256 -250 -249 -253 -254 -245 -243 -242 -239 -236 -232
-118 -124 -124 -119 -107 -101 -114 -117 -113 -100 -110 -129 -144 -153 -162 -179 -214 -271 -324 -358 -387 -371 -373 -372 -371 -367 -368 -345 -285 -241 -257 -273 -274 -272 -280 -270 -279 -363 -468 -514 -507 -480 -522 -463 -371 -291 -323 -383 -344 -292 -300 -270 -238 -235 -235 -225 -231 -144 -249 -248 -253 -256 -255 -244 -242 -241 -239 -236 -231
-117 -122 -123 -117 -107 -101 -109 -117 -117 -107 -116 -134 -159 -170 -172 -185 -227 -281 -326 -355 -369 -349 -355 -358 -358 -347 -348 -343 -296 -198 -181 -226 -253 -257 -270 -277 -318 -405 -483 -519 -508 -847 -504 -451 -340 -290 -485 -411 -365 -289 -307 -273 -241 -237 -233 -228 -238 -237 -245 -256 -258 -256 -250 -243 -242 -240 -239 -235 -228
-115 -117 -118 -114 -114 -106 -107 -114 -121 -117 -126 -142 -168 -189 -203 -222 -252 -287 -320 -339 -343 -335 -344 -352 -357 -351 -339 -332 -308 -244 -130 -147 -214 -257 -294 -317 -353 -420 -482 -505 -489 -541 -487 -378 -287 -301 -461 -413 -370 -328 -313 -277 -245 -238 -230 -232 -238 -250 -258 -259 -257 -254 -244 -242 -241 -239 -237 -233 -223
-113 -113 -114 -112 -114 -113 -112 -115 -121 -123 -134 -148 -177 -203 -225 -245 -270 -294 -316 -328 -332 -332 -339 -345 -351 -345 -330 -319 -296 -262 -191 -150 -173 -215 -261 -311 -361 -419 -464 -480 -453 -508 -421 -341 -287 -454 -435 -393 -347 -328 -297 -275 -247 -239 -230 -235 -243 -250 -255 -259 -259 -255 -244 -242 -241 -238 -236 -229 -215
-113 -115 -114 -111 -113 -115 -120 -120 -124 -124 -139 -160 -192 -221 -243 -257 -274 -404 -409 -429 -444 -474 -345 -350 -348 -342 -335 -311 -279 -243 -186 -152 -167 -195 -228 -274 -333 -386 -419 -425 -396 -450 -354 -291 -295 -438 -402 -367 -314 -322 -287 -269 -247 -239 -232 -239 -246 -253 -259 -262 -259 -252 -244 -243 -240 -238 -234 -224 -217
-120 -123 -123 -118 -125 -133 -124 -126 -137 -136 -146 -170 -202 -233 -253 -259 -396 -434 -433 -438 -452 -458 -471 -428 -337 -338 -313 -292 -265 -233 -181 -152 -180 -200 -207 -247 -303 -348 -373 -378 -469 -403 -312 -273 -434 -401 -370 -334 -340 -303 -282 -261 -246 -237 -236 -242 -248 -255 -260 -261 -256 -245 -245 -244 -241 -237 -232 -218 -219
-128 -137 -147 -131 -136 -140 -136 -138 -147 -147 -155 -182 -215 -245 -252 -240 -425 -416 -431 -429 -429 -413 -413 -429 -410 -305 -712 -262 -244 -218 -180 -164 -204 -212 -206 -232 -281 -309 -324 -747 -438 -379 -304 -391 -403 -368 -332 -291 -329 -292 -276 -255 -246 -233 -240 -245 -250 -256 -259 -258 -248 -246 -247 -244 -241 -237 -231 -220 -222
