---
Cu Potential [m] Valid 1100 NZST ~Z75~(2300Z)~Z~ WED 7 Jan 2026 ~Z75~[95hrFcst@2128z]~Z~
Model= RASP Region= NZ Grid= d2 Reskm= 2.0 Indexs= 1 69 1 69 Proj= lambert 2000 2000 -35.0000 -42.0000 176.0000 -37.7968 175.7263
Day= 2026 1 7 WED ValidLST= 1100 NZST ValidZ= 2300 Fcst= 95.0 Init= 94 Param= zsfclcldif Unit= m Mult= 1 Min= -1634 Max= 608
-75 -74 -76 -73 -81 -75 -34 -9 -2 4 3 -1 -9 -19 -26 -32 -40 -52 -77 -79 -97 -102 -101 -114 -125 -125 -150 -149 -149 -161 -172 -156 -121 -85 -75 -89 -119 -93 -62 -12 32 68 121 160 167 149 150 160 166 159 156 145 144 150 162 163 153 141 131 103 64 43 39 38 48 69 97 103 78
-61 -61 -75 -76 -85 -79 -33 -10 -10 -10 -13 -17 -23 -28 -32 -31 -36 -43 -68 -89 -95 -113 -126 -127 -128 -128 -146 -133 -127 -129 -132 -104 -77 -59 -56 -65 -94 -86 -59 -5 41 94 138 167 172 171 167 173 152 142 138 134 128 132 144 150 142 134 125 105 79 62 56 47 52 69 94 92 70
-51 -49 -71 -77 -85 -76 -32 -14 -19 -29 -37 -41 -37 -37 -37 -32 -33 -39 -66 -93 -106 -129 -136 -134 -125 -123 -132 -118 -115 -118 -102 -74 -63 -50 -42 -37 -25 -36 -13 47 99 136 146 166 177 196 189 180 139 114 110 122 122 134 143 158 144 116 104 98 109 112 110 100 86 77 87 82 66
-44 -38 -63 -74 -77 -66 -32 -22 -33 -55 -69 -68 -50 -41 -38 -33 -34 -37 -53 -83 -117 -131 -130 -119 -110 -107 -103 -107 -112 -113 -85 -56 -41 -52 -34 -10 13 57 137 189 200 186 155 164 171 235 248 203 121 73 57 86 137 187 184 198 178 89 45 62 163 220 213 173 133 104 83 65 56
-37 -31 -55 -67 -69 -55 -33 -26 -36 -29 -279 -120 -46 -24 -29 -38 -43 -45 -48 -68 -110 -135 -132 -122 -121 -100 -80 -87 -90 -75 -30 -5 -26 -41 -17 20 45 190 339 333 271 192 141 137 183 277 303 243 143 35 -70 -59 170 301 246 240 234 70 -41 -7 122 311 314 233 108 84 61 41 42
-29 -28 -53 -67 -66 -43 -33 -38 -64 -69 -91 -72 -43 -37 -32 -20 -32 -52 -70 -87 -105 -135 -142 -112 -32 -12 -49 -103 -129 -137 -127 -98 -90 -85 -54 -19 -15 98 349 342 256 204 120 90 66 82 176 195 108 -28 -88 -19 128 183 73 19 121 139 34 -15 25 329 371 230 117 53 23 9 30
-30 -35 -50 -60 -63 -29 -22 -45 -81 -88 -5 63 39 18 45 43 -38 -103 -133 -138 -132 -136 -140 -42 27 56 -20 -137 -188 -143 -54 -65 -146 -186 -120 -14 65 154 266 251 185 91 28 2 37 72 121 166 153 82 46 87 113 57 0 -33 -21 102 146 87 53 221 261 133 6 -45 -37 -72 -9
-30 -35 -41 -49 -60 -22 -11 -52 -91 -91 -24 32 44 85 112 47 -82 -162 -184 -162 -114 -74 -71 -36 32 65 -29 -127 -165 -115 19 56 -35 -84 -80 -11 50 90 166 236 192 104 36 7 -11 45 118 133 88 48 60 83 84 5 -79 -83 -34 -19 19 76 128 228 199 106 -672 -123 -64 -66 -10
-35 -38 -34 -36 -51 -12 2 -47 -99 -112 -118 -74 50 158 106 -6 -109 -188 -183 -121 -61 -64 -99 -80 -22 55 10 -83 -101 -60 -25 13 49 5 -81 -85 -34 26 94 156 185 146 79 62 84 118 131 144 122 79 91 110 63 -18 -23 4 11 -16 -18 69 109 159 130 105 -1090 -313 -70 -55 9
-35 -36 -24 -20 -28 6 17 -42 -38 80 135 115 127 134 99 -1 -98 -184 -151 -87 -94 -142 -138 -94 -67 -41 15 22 -37 -84 -92 -73 -6 -17 -32 -3 34 70 95 99 110 133 156 148 129 128 114 91 109 135 130 110 52 -53 -30 94 117 70 39 89 101 78 109 116 79 -20 -73 -13 57
-48 -40 -32 -9 13 28 -8 -27 56 167 180 181 126 29 39 66 11 -79 -81 -72 -83 -99 -93 -112 -152 -162 -88 13 -13 -95 -150 -112 -31 -17 -31 -42 -49 4 59 64 19 -1 42 98 123 106 89 90 110 129 113 90 48 -8 21 70 42 21 37 84 150 218 187 222 -429 -128 -14 32 80
-46 -40 -28 13 41 27 3 -29 26 83 54 31 52 1 -19 50 89 57 -9 -28 27 68 -14 -128 -188 -188 -117 -25 4 -59 -121 -105 -35 1 -15 -26 -12 10 23 46 57 34 12 30 88 95 60 60 102 124 108 83 47 36 77 94 58 7 1 4 61 81 209 -915 -1443 -363 -43 59 97
-37 -20 -7 35 46 20 -5 -43 -17 22 -21 -43 11 7 -24 5 50 49 5 0 42 43 -34 -84 -93 -72 -59 -41 -4 22 10 18 41 39 31 35 68 72 53 58 66 31 4 17 80 142 156 134 102 73 61 41 31 53 94 113 155 99 64 9 43 74 234 -1209 -1131 -296 -31 66 105
-22 15 34 43 27 31 10 -54 -63 -27 -47 -14 24 -14 -29 -1 1 -40 -59 -42 -24 -40 -50 -32 -12 -14 -5 -15 20 14 41 -64 -14 -59 -77 -61 -34 19 62 69 47 29 12 20 55 100 142 141 125 89 67 52 27 16 39 93 139 79 80 45 128 124 -62 -1146 -165 -10 64 96 114
-39 2 34 53 49 37 32 -32 -103 -89 133 172 80 -4 -1 37 4 -62 -59 -5 4 -26 -40 -27 -13 -35 -45 -57 -29 -2 15 -118 -93 -127 -140 -132 -86 -25 3 -8 4 29 40 41 9 39 86 89 80 87 78 54 9 8 30 24 -158 -243 -35 111 211 259 266 144 77 72 105 117 121
-59 -35 1 48 45 45 34 -7 -75 66 231 203 103 51 53 63 29 -28 -19 35 37 -26 -70 -53 -22 7 -34 -50 -75 -25 -95 -38 -76 -136 -164 -111 -42 -7 -6 -14 -28 -19 13 36 -2 22 73 75 68 92 115 78 16 14 99 136 -109 -230 16 105 155 105 199 159 -1042 98 127 119 125
-154 -50 -12 12 60 70 41 -16 -6 160 192 136 94 62 48 42 30 -1 -16 -8 -17 -49 -68 -36 -2 15 -26 -60 -67 -15 -1 -5 -4 -40 -57 -47 -49 -58 -62 -64 -77 -64 -36 -25 -33 -12 41 62 76 85 89 44 -19 -22 49 73 16 59 -185 -1405 -41 -33 -104 196 -1185 137 138 133 138
-214 -126 -56 -8 20 47 47 -6 23 117 122 83 61 52 44 51 45 7 -32 -44 -31 -18 -12 -2 3 -6 -32 -51 -59 -35 -13 -4 -9 -29 -45 -63 -83 -105 -105 -102 -112 -102 -58 -17 -4 14 61 96 89 58 49 29 -8 -10 8 -11 -20 -2 -1421 -1265 -93 81 52 150 254 190 168 165 182
-297 -201 -112 -49 8 22 50 20 -2 41 55 70 82 83 69 58 23 -14 -46 -64 -46 -14 3 2 -9 -22 -36 -55 -82 -87 -68 -77 -87 -88 -97 -112 -133 -137 -134 -117 -105 -93 -61 -27 -22 -26 -3 41 68 57 28 6 -2 -23 -20 -107 -595 -717 -934 -1288 -807 68 65 62 222 196 199 236 261
-321 -232 -123 -67 -16 10 22 35 -2 -39 -42 47 143 122 61 -24 -97 -138 -120 -50 0 9 2 -10 -24 -37 -47 -87 -118 -144 -157 -164 -174 -173 -167 -152 -125 -111 -121 -116 -104 -103 -90 -63 -39 -18 13 60 80 55 25 24 16 22 34 -22 -304 -713 -1011 -1306 -1348 36 117 135 198 197 223 275 305
-303 -213 -127 -62 -35 7 31 12 8 -43 -76 30 135 125 28 -46 -58 -50 -41 -44 -46 -22 -4 -12 -33 -40 -66 -85 -100 -138 -185 -194 -205 -210 -207 -170 -126 -123 -159 -179 -199 -177 -135 -98 -91 -81 -57 0 43 47 22 8 -46 8 13 40 10 -180 -1280 -1288 -1281 -1336 47 29 -1502 -128 237 296 335
-271 -201 -136 -70 -40 -22 7 4 1 -39 -58 30 50 67 79 18 -43 -42 9 35 25 -12 -33 -35 -41 -48 -75 -72 -80 -62 -39 -84 -178 -227 -247 -192 -128 -155 -211 -256 -242 -201 -135 -97 -85 -77 -60 -25 36 43 18 1 -40 -58 -9 13 42 -123 -52 -23 15 -973 -1286 -1497 -1634 -155 246 304 335
-248 -188 -139 -88 -47 -32 -43 12 30 -43 -26 14 -43 -37 45 90 -140 -245 -96 -82 -44 -4 -15 -59 -86 -87 -109 -133 -153 -98 -46 -85 -175 -237 -247 -206 -170 -201 -264 -280 -255 -225 -182 -142 -103 -80 -61 -37 29 53 28 -10 -15 -16 37 49 30 25 208 135 148 230 12 65 171 270 326 359 381
-230 -192 -148 -100 -65 -49 -30 14 69 36 34 -36 -76 -69 -6 42 36 14 8 -10 -62 -105 -82 -43 -60 -107 -147 -162 -181 -160 -149 -162 -205 -253 -262 -239 -221 -240 -270 -245 -220 -188 -163 -137 -110 -83 -49 -27 30 39 15 -13 -6 21 57 58 61 193 220 209 220 497 485 478 504 412 406 429 427
-225 -191 -166 -116 -87 -45 -42 0 58 82 24 -77 -145 -94 67 76 9 -22 -19 11 25 -9 -74 -119 -115 -90 -110 -134 -164 -208 -206 -211 -236 -261 -262 -252 -236 -256 -267 -242 -213 -210 -188 -161 -134 -106 -78 -34 39 40 0 -27 -16 41 77 59 20 147 134 127 203 457 448 469 608 492 508 290 169
-232 -190 -179 -136 -74 -67 -49 16 8 -53 -116 -132 -156 -50 89 63 -24 -70 -73 -50 -25 -5 -3 -45 -113 -163 -123 -98 -150 -234 -238 -219 -227 -250 -258 -255 -252 -270 -274 -246 -215 -194 -185 -171 -160 -99 -89 -52 19 13 -23 -34 -23 36 45 35 29 143 168 165 274 397 384 532 505 254 107 10 -22
-243 -207 -202 -157 -71 -88 -33 -11 -80 -167 -194 -187 -139 48 89 22 -45 -89 -99 -92 -74 -70 -65 -49 -67 -106 -132 -158 -214 -252 -235 -193 -198 -231 -259 -268 -268 -276 -280 -250 -208 -173 -176 -165 -158 -115 -85 -63 -18 -26 -47 -47 -15 60 91 67 45 137 158 207 296 373 473 537 -84 -78 -110 -121 -174
-263 -237 -235 -177 -86 -80 -32 -50 -119 -176 -166 -94 50 113 42 -22 -68 -87 -91 -91 -99 -107 -114 -121 -116 -101 -82 -129 -200 -237 -213 -177 -196 -249 -286 -293 -280 -279 -267 -238 -196 -213 -197 -176 -160 -128 -82 -54 -24 -61 -72 -40 14 47 37 25 32 128 182 228 297 422 455 48 -145 -137 -138 -121 -155
-289 -270 -249 -184 -93 -42 -6 -29 -64 -10 65 111 126 63 -8 -49 -78 -78 -79 -88 -87 -130 -128 -323 -219 -210 -184 -139 -148 -176 -181 -188 -226 -273 -302 -306 -285 -268 -256 -233 -181 -155 -196 -181 -192 -157 -109 -53 -26 -56 -69 -72 -45 49 92 115 121 161 194 278 347 448 -51 -129 -108 -135 -107 -117 -106
-278 -277 -242 -163 -86 2 47 73 66 70 114 134 71 -1 -41 -63 -71 -66 -71 -91 -95 -132 -152 -169 -195 -231 -236 -186 -152 -166 -183 -214 -258 -289 -305 -309 -290 -262 -248 -234 -183 -152 -184 -181 -215 -167 -141 -64 -32 -39 -31 5 71 79 49 53 95 200 255 264 321 435 -230 -152 -99 -126 -119 -113 -126
-227 -226 -210 -144 -65 25 58 118 118 2 20 78 35 -27 -64 -74 -81 -85 -94 -103 -113 -133 -154 -155 -179 -216 -243 -214 -175 -187 -192 -213 -270 -307 -307 -294 -265 -246 -238 -218 -163 -198 -203 -202 -240 -213 -178 -107 -75 -65 -44 6 56 58 61 54 50 74 145 179 347 106 -204 -159 -136 -151 -138 -125 -151
-228 -218 -177 -134 -22 25 83 127 44 -80 -47 34 17 -39 -58 -70 -75 -76 -90 -106 -131 -140 -156 -158 -181 -221 -252 -227 -195 -218 -229 -207 -235 -285 -315 -315 -280 -256 -246 -221 -177 -207 -194 -198 -232 -179 -180 -135 -122 -128 -114 -50 6 44 70 72 71 88 144 246 446 -122 -187 -208 -167 -159 -146 -152 -146
-276 -241 -210 -142 -42 12 115 116 -33 -134 -82 2 -4 -41 -89 -110 -127 -139 -144 -127 -141 -144 -162 -172 -178 -206 -253 -253 -223 -208 -245 -238 -238 -242 -288 -321 -290 -243 -217 -195 -183 -212 -186 -170 -171 -128 -97 -103 -122 -126 -101 -36 1 43 62 71 107 129 178 387 -182 -155 -190 -222 -189 -188 -171 -158 -165
-451 -322 -257 -172 -103 -20 98 93 -69 -147 -56 -1 -30 -57 -65 -85 -94 -100 -123 -138 -153 -157 -170 -187 -185 -184 -223 -259 -253 -237 -237 -239 -260 -293 -313 -293 -428 -284 -222 -180 -182 -195 -174 -189 -173 -112 -100 -101 -145 -165 -127 -46 29 74 85 97 133 192 330 385 -218 -186 -195 -226 -204 -187 -169 -140 -161
-556 -389 -321 -222 -134 -55 60 49 -4 -14 24 -10 -35 -271 -335 -335 -367 -199 -132 -145 -156 -174 -183 -197 -212 -209 -206 -209 -227 -226 -224 -245 -303 -327 -347 -264 -412 -306 -283 -229 -246 -199 -165 -188 -163 -120 -81 -90 -169 -190 -141 -72 -4 39 94 169 212 263 364 -147 -198 -192 -191 -202 -186 -186 -166 -158 -165
-500 -376 -307 -213 -142 -49 44 -12 31 92 58 -24 -30 -303 -382 -424 -265 -229 -188 -168 -159 -179 -193 -200 -225 -256 -259 -211 -180 -194 -239 -275 -329 -314 -306 -252 -228 -242 -278 -247 -273 -219 -176 -169 -140 -108 -72 -83 -94 -113 -114 -77 -17 57 187 320 255 246 -59 -102 -175 -195 -201 -199 -185 -168 -167 -210 -194
-458 -365 -296 -193 -118 -40 28 -46 -11 62 51 -33 -21 -331 -439 -281 -245 -244 -218 -184 -170 -178 -202 -208 -215 -245 -262 -247 -219 -225 -281 -305 -308 -252 -232 -234 -216 -203 -227 -200 -230 -233 -202 -209 -138 -71 -32 -62 -64 -114 -151 -97 42 167 340 -184 -259 -71 -132 -116 -179 -195 -196 -173 -166 -149 -137 -177 -173
-396 -357 -285 -181 -86 -15 -3 -74 -71 7 36 -36 -22 -125 -240 -252 -244 -230 -205 -181 -181 -183 -207 -215 -209 -206 -236 -268 -267 -270 -306 -314 -275 -210 -199 -218 -227 -207 -194 -163 -205 -215 -226 -248 -177 -77 -16 -15 -27 -77 -41 25 124 232 -205 -294 -266 -151 -165 -151 -189 -200 -192 -226 -218 -199 -175 -164 -163
-370 -322 -266 -161 -49 -9 -4 -81 -93 -5 40 -27 -49 -94 -178 -222 -223 -198 -180 -178 -187 -196 -207 -221 -218 -198 -229 -284 -296 -280 -289 -299 -274 -215 -199 -208 -216 -215 -174 -179 -229 -234 -251 -254 -178 -93 -37 -54 -81 -69 119 145 135 -571 -302 -296 -249 -188 -192 -192 -172 -211 -216 -218 -210 -190 -179 -168 -162
-331 -266 -206 -127 -29 -13 -4 -40 -61 -11 17 -26 -77 -109 -154 -182 -181 -170 -173 -184 -193 -200 -207 -220 -231 -230 -235 -266 -281 -259 -255 -280 -277 -226 -196 -210 -209 -203 -170 -217 -239 -279 -305 -220 -180 -104 -106 -141 -166 81 -304 -451 -390 -593 -570 -393 -313 -215 -189 -182 -222 -227 -219 -205 -195 -189 -184 -176 -171
-292 -234 -163 -82 -32 -14 22 0 -32 19 31 -20 -76 -115 -144 -155 -157 -164 -179 -191 -194 -205 -205 -226 -231 -246 -266 -286 -289 -249 -231 -262 -264 -224 -192 -203 -203 -176 -188 -231 -227 -286 -264 -160 -87 -70 -133 -92 -24 -83 -493 -484 -641 -600 -370 -314 -206 -193 -241 -230 -215 -201 -196 -198 -194 -191 -188 -183 -175
-252 -180 -145 -63 -37 2 22 7 -188 -213 -9 -8 -60 -110 -142 -154 -162 -172 -181 -191 -198 -209 -216 -229 -247 -235 -241 -276 -290 -250 -229 -251 -257 -223 -195 -194 -195 -158 -205 -237 -276 -298 -190 -91 -59 -119 -41 -625 -649 -546 -579 -374 -474 -475 -362 -237 -248 -239 -238 -220 -208 -196 -192 -187 -185 -186 -185 -181 -176
-235 -163 -129 -57 -35 23 -4 11 -9 -77 -67 -32 -52 -108 -146 -158 -168 -174 -179 -185 -195 -204 -215 -237 -220 -388 -268 -251 -262 -241 -235 -266 -282 -238 -203 -187 -174 -159 -198 -228 -294 -256 -157 -80 -142 -172 -603 -732 -863 -805 -625 -437 -330 -258 -394 -266 -265 -242 -219 -208 -185 -180 -181 -180 -179 -178 -176 -173 -169
-222 -151 -105 -62 -28 17 -27 17 54 -39 -91 -69 -71 -103 -142 -168 -171 -175 -176 -181 -189 -208 -213 -248 -226 -267 -272 -262 -254 -227 -236 -268 -284 -227 -176 -168 -158 -154 -200 -213 -274 -214 -95 -120 -101 -773 -775 -735 -861 -656 -603 -442 -400 -362 -232 -269 -233 -219 -211 -195 -174 -172 -172 -172 -173 -173 -173 -171 -167
-213 -147 -98 -69 -47 6 -17 -18 15 -24 -76 -77 -71 -107 -135 -146 -162 -163 -168 -185 -199 -217 -217 -252 -248 -245 -265 -282 -272 -235 -235 -271 -278 -205 -148 -152 -138 -164 -226 -262 -298 -219 -66 -139 -391 -826 -865 -669 -754 -539 -541 -392 -337 -297 -309 -246 -229 -211 -197 -188 -164 -162 -164 -164 -166 -167 -170 -171 -166
-213 -149 -103 -78 -37 -11 10 -27 -55 -52 -69 -77 -93 -94 -128 -167 -167 -158 -155 -183 -199 -237 -234 -263 -254 -235 -246 -282 -286 -241 -235 -270 -270 -173 -136 -139 -118 -191 -225 -312 -351 -212 -137 -80 -724 -810 -890 -679 -509 -398 -418 -392 -348 -309 -253 -240 -215 -199 -187 -178 -163 -154 -157 -159 -161 -162 -163 -160 -156
-209 -146 -111 -87 -36 -22 -16 -1 -44 -82 -54 -55 -67 -109 -112 -117 -136 -150 -152 -167 -189 -235 -236 -274 -255 -240 -239 -266 -275 -243 -239 -270 -230 -155 -136 -202 -224 -227 -247 -322 -300 -220 -189 -144 -768 -816 -884 -686 -442 -394 -370 -370 -327 -290 -264 -228 -205 -189 -179 -172 -161 -148 -150 -153 -156 -157 -154 -141 -139
-208 -143 -119 -95 -32 -50 -37 6 20 -67 -96 -99 -84 -87 -142 -147 -134 -135 -149 -169 -200 -233 -222 -230 -245 -265 -250 -254 -256 -238 -240 -259 -218 -185 -184 -192 -238 -257 -264 -256 -180 -204 -185 -687 -734 -786 -824 -726 -481 -442 -431 -367 -325 -282 -246 -219 -199 -183 -172 -166 -160 -143 -145 -149 -151 -153 -146 -137 -138
-202 -143 -127 -101 -48 -58 -279 -72 56 5 -42 -102 -104 -98 -76 -111 -137 -137 -155 -167 -210 -253 -253 -212 -225 -283 -267 -260 -265 -234 -239 -271 -210 -366 -219 -145 -224 -287 -269 -202 -17 -81 -160 -759 -670 -720 -713 -398 -488 -446 -384 -350 -310 -275 -242 -214 -192 -177 -168 -162 -157 -143 -141 -145 -149 -150 -146 -135 -136
-204 -150 -134 -109 -48 -44 -131 -142 -32 24 -431 -83 -92 -122 -491 -111 -106 -158 -190 -187 -208 -256 -291 -260 -231 -284 -275 -269 -274 -233 -232 -274 -211 -284 -261 -178 -145 -164 -202 -205 -37 -45 -82 -515 -641 -646 -597 -482 -474 -430 -389 -344 -303 -266 -234 -207 -187 -174 -164 -159 -155 -144 -138 -143 -147 -149 -144 -133 -134
-209 -157 -140 -118 -62 -56 -69 -8 -50 -18 -76 -68 -89 -89 -234 -169 -133 -159 -151 -194 -204 -252 -319 -306 -259 -286 -284 -288 -271 -245 -242 -262 -206 -249 -264 -226 -173 -105 -97 -158 -126 -90 -67 -518 -649 -629 -475 -477 -475 -425 -381 -336 -296 -261 -230 -204 -184 -171 -162 -157 -154 -146 -136 -141 -145 -148 -143 -133 -133
-214 -162 -146 -159 -54 -42 -31 -128 -94 -6 -68 -68 -175 -125 -205 -220 -180 -147 -105 -154 -195 -250 -319 -306 -302 -320 -324 -309 -273 -275 -277 -270 -241 -234 -243 -257 -226 -174 -96 -93 -55 -93 -520 -499 -589 -498 -485 -521 -458 -422 -374 -331 -292 -258 -228 -202 -183 -170 -161 -156 -153 -147 -135 -139 -144 -147 -140 -132 -132
-212 -161 -147 -205 -312 -47 73 -13 -154 -44 27 -177 -204 -149 -174 -221 -180 -147 -116 -125 -179 -242 -287 -279 -318 -333 -340 -323 -272 -294 -301 -303 -267 -235 -241 -253 -245 -231 -201 -161 -109 -40 -402 -584 -540 -504 -491 -486 -457 -412 -370 -328 -291 -257 -227 -201 -182 -169 -161 -156 -153 -148 -134 -138 -144 -146 -139 -132 -131
-206 -153 -142 -220 -404 -789 -16 26 -71 -47 -39 -717 -485 -155 -103 -163 -171 -172 -178 -138 -173 -250 -273 -277 -316 -321 -333 -323 -275 -293 -319 -290 -265 -223 -197 -188 -188 -178 -223 -235 -196 -134 -39 -459 -525 -509 -514 -486 -451 -410 -367 -327 -290 -257 -227 -202 -183 -170 -162 -157 -154 -149 -136 -138 -144 -146 -138 -131 -130
-192 -137 -135 -156 -182 -214 -107 -5 -103 -1231 -1207 -712 -260 -157 -61 -124 -191 -214 -245 -184 -170 -251 -283 -265 -302 -307 -327 -322 -278 -291 -308 -268 -212 -173 -169 -163 -151 -193 -282 -312 -256 -230 -66 -388 -518 -529 -507 -481 -446 -407 -366 -327 -291 -258 -228 -203 -184 -172 -164 -159 -155 -150 -137 -138 -143 -146 -138 -130 -128
-174 -128 -130 -154 -119 -414 -227 -49 -83 -1233 -1061 -687 -254 -186 -99 -137 -189 -208 -244 -231 -209 -244 -261 -259 -311 -324 -345 -329 -282 -287 -304 -276 -222 -184 -197 -154 -350 -275 -308 -304 -255 -244 -93 -460 -494 -544 -512 -476 -444 -405 -367 -329 -294 -261 -231 -206 -187 -174 -166 -161 -157 -152 -137 -139 -143 -145 -136 -129 -126
-158 -125 -128 -142 -95 -180 -249 -99 -32 -125 -260 -316 -303 -250 -166 -182 -220 -220 -229 -261 -234 -217 -252 -294 -343 -354 -366 -334 -283 -284 -296 -293 -242 -198 -208 -151 -231 -275 -271 -420 -262 -231 -51 -406 -490 -522 -495 -475 -439 -405 -368 -332 -297 -264 -234 -208 -188 -175 -166 -160 -155 -150 -137 -139 -142 -144 -134 -127 -124
-148 -127 -124 -115 -61 -136 -206 -132 20 -73 -186 -278 -319 -274 -197 -196 -240 -243 -220 -240 -213 -215 -263 -322 -367 -365 -359 -324 -282 -279 -304 -285 -246 -215 -205 -143 -167 -197 -153 -374 -244 -206 -367 -362 -486 -515 -494 -470 -438 -404 -368 -333 -298 -265 -235 -209 -188 -175 -167 -161 -156 -149 -138 -139 -142 -143 -130 -127 -123
-148 -137 -127 -76 -22 -59 -120 -129 -14 -33 -161 -232 -282 -264 -204 -209 -252 -279 -247 -204 -190 -249 -312 -345 -362 -338 -329 -311 -285 -280 -293 -453 -275 -186 -191 -164 -109 -153 -145 -171 -166 -143 -419 -400 -480 -510 -488 -467 -436 -404 -370 -334 -300 -267 -237 -212 -192 -179 -170 -163 -157 -147 -139 -140 -143 -142 -126 -128 -125
-153 -145 -122 -74 -9 -15 -64 -151 -113 -74 -114 -205 -248 -245 -214 -223 -260 -277 -254 -179 -203 -272 -330 -335 -331 -302 -307 -308 -290 -287 -290 -329 -268 -168 -140 -91 -40 -95 -204 -133 -75 3 -346 -436 -469 -511 -481 -465 -435 -405 -371 -337 -302 -270 -241 -216 -199 -192 -174 -166 -157 -143 -141 -141 -143 -141 -127 -128 -127
-162 -147 -90 -26 -9 11 -33 -135 -135 -95 -73 -126 -157 -191 -176 -205 -261 -265 -245 -181 -213 -267 -331 -300 -281 -271 -300 -313 -288 -286 -290 -292 -267 -213 -143 -112 -92 -98 -123 -84 142 -372 -416 -454 -489 -506 -480 -462 -435 -405 -373 -339 -305 -274 -246 -225 -200 -174 -181 -169 -155 -143 -142 -141 -143 -138 -127 -129 -127
-157 -128 -72 -28 -37 -1 -41 -112 -120 -99 -68 -74 -98 -150 -160 -151 -181 -212 -227 -198 -241 -306 -319 -282 -251 -243 -291 -312 -287 -281 -286 -295 -238 -199 -100 -99 -125 -119 -86 39 -442 -424 -442 -487 -515 -494 -481 -456 -434 -405 -375 -342 -309 -280 -251 -224 -226 -247 -194 -180 -156 -145 -143 -142 -143 -135 -128 -129 -127
-137 -102 -67 -38 -54 -12 -33 -114 -126 -99 -90 -98 -145 -165 -184 -134 -136 -222 -245 -214 -257 -283 -300 -263 -245 -232 -265 -299 -269 -255 -271 -296 -266 -215 -85 -76 -104 -153 -92 -69 -415 -424 -428 -488 -515 -491 -477 -454 -431 -405 -376 -345 -314 -282 -256 -244 -267 -33 -180 -183 -159 -148 -143 -143 -141 -129 -129 -129 -127
-105 -82 -67 -57 -69 -62 -18 -53 -93 -103 -121 -155 -212 -199 -185 -161 -194 -259 -263 -269 -306 -273 -253 -242 -253 -242 -257 -263 -242 -241 -274 -287 -253 -199 -29 -6 -56 -105 91 -460 -427 -427 -484 -521 -504 -492 -469 -453 -427 -403 -376 -347 -318 -285 -261 -260 -291 -184 -185 -185 -158 -151 -145 -144 -139 -128 -129 -129 -126
-74 -62 -57 -63 -78 -93 -61 -68 -81 -95 -129 -185 -224 -194 -188 -200 -222 -239 -250 -293 -311 -238 -197 -214 -257 -228 -241 -256 -220 -228 -272 -264 -234 -135 9 3 -16 5 242 -449 -445 -443 -500 -520 -506 -489 -469 -451 -425 -401 -375 -349 -320 -289 -263 -257 -268 -189 -198 -190 -160 -149 -144 -143 -132 -130 -130 -129 -126
-57 -53 -53 -61 -64 -71 -66 -73 -84 -110 -145 -173 -188 -184 -195 -213 -231 -240 -259 -273 -267 -229 -216 -220 -237 -229 -225 -220 -205 -228 -245 -228 -183 -17 12 4 51 111 -588 -477 -407 -440 -503 -530 -516 -480 -463 -442 -423 -399 -374 -346 -322 -299 -284 -270 -252 -213 -182 -168 -159 -154 -151 -146 -129 -131 -130 -129 -125
-50 -56 -53 -52 -48 -51 -56 -70 -91 -125 -155 -164 -169 -176 -202 -237 -309 -420 -410 -392 -808 -893 -285 -234 -224 -227 -216 -197 -181 -200 -191 -172 -33 11 8 16 93 65 -666 -456 -357 -414 -509 -548 -530 -474 -447 -427 -419 -400 -378 -351 -326 -301 -282 -261 -237 -201 -182 -169 -160 -155 -153 -146 -132 -132 -131 -129 -125
-54 -57 -61 -61 -43 -51 -57 -74 -94 -137 -161 -163 -158 -168 -193 -329 -719 -727 -378 -1342 -1021 -1018 -991 -894 -221 -217 -203 -200 -203 -200 -162 -112 -13 -9 1 35 114 34 -665 -445 -375 -400 -503 -544 -538 -471 -443 -422 -417 -399 -380 -354 -328 -302 -275 -248 -221 -201 -184 -171 -162 -157 -153 -145 -134 -133 -131 -129 -124
-67 -72 -73 -48 -31 -42 -63 -83 -107 -149 -162 -159 -146 -164 -197 -532 -967 -595 -1321 -1286 -1280 -1029 -1031 -426 -475 -342 -321 -295 -265 -220 -162 -95 -60 -42 -10 54 126 6 -671 -563 -415 -411 -485 -523 -529 -472 -445 -423 -415 -398 -380 -356 -330 -301 -268 -241 -220 -201 -185 -173 -164 -158 -153 -142 -135 -134 -131 -128 -122
