---
Cu Cloudbase (Sfc. LCL) [m] Valid 1900 NZST ~Z75~(0700Z)~Z~ WED 7 Jan 2026 ~Z75~[103hrFcst@2128z]~Z~
Model= RASP Region= NZ Grid= d2 Reskm= 2.0 Indexs= 1 69 1 69 Proj= lambert 2000 2000 -35.0000 -42.0000 176.0000 -37.7968 175.7263
Day= 2026 1 7 WED ValidLST= 1900 NZST ValidZ= 700 Fcst= 103.0 Init= 94 Param= zsfclcl Unit= m Mult= 1 Min= 261 Max= 1322
647 670 683 685 689 685 675 663 646 624 631 639 654 669 685 702 723 745 767 786 828 857 888 921 951 957 967 958 954 936 915 893 877 851 844 854 864 869 890 921 948 970 975 981 980 991 984 973 969 977 995 1030 1054 1075 1087 1102 1117 1133 1139 1145 1147 1150 1154 1161 1163 1188 1232 1251 1257
646 666 683 691 698 695 683 669 654 637 633 638 654 669 685 700 719 742 765 793 825 861 895 924 952 964 969 964 951 925 898 872 858 852 849 863 872 879 902 931 955 973 981 993 995 991 986 973 969 968 977 1000 1021 1041 1050 1063 1079 1098 1115 1128 1138 1149 1154 1157 1158 1187 1232 1249 1244
627 649 671 685 695 694 683 666 658 654 654 656 663 673 686 699 716 738 764 788 820 860 892 923 950 963 967 959 942 916 887 869 860 860 862 876 888 891 910 935 955 971 981 991 1000 998 993 979 971 972 980 996 1015 1027 1033 1041 1057 1077 1098 1118 1139 1152 1162 1163 1167 1196 1238 1251 1238
597 618 642 663 676 682 673 661 661 678 689 691 684 683 691 701 713 731 750 782 813 850 882 911 937 953 958 948 927 900 885 878 876 877 883 889 891 901 916 938 956 971 983 985 993 998 988 981 978 981 990 999 1018 1023 1031 1034 1045 1064 1091 1114 1137 1157 1176 1185 1193 1215 1255 1267 1237
571 593 617 641 659 671 669 656 648 619 860 756 694 685 691 696 708 724 743 769 797 836 866 898 921 939 946 939 910 888 881 883 888 891 890 891 895 908 926 944 961 975 987 994 999 998 998 988 988 993 999 1007 1014 1019 1022 1029 1035 1067 1091 1114 1137 1159 1183 1200 1216 1232 1264 1272 1226
553 575 598 621 642 655 663 652 638 602 721 738 707 691 690 693 703 716 730 752 782 818 857 883 898 915 918 911 885 870 869 863 869 882 888 893 904 922 927 946 962 962 985 988 986 999 1001 1004 1013 1026 1023 1024 1025 1032 1026 1041 1049 1068 1092 1120 1152 1183 1210 1224 1240 1247 1269 1268 1206
542 564 585 606 625 637 645 639 622 606 624 667 681 680 684 691 701 711 722 737 763 795 825 856 869 877 884 889 875 864 863 865 866 875 887 895 905 917 935 949 961 952 977 976 996 1007 1014 1018 1036 1048 1050 1045 1044 1044 1057 1053 1055 1075 1109 1144 1171 1186 1200 1217 1238 1246 1261 1241 1174
534 555 575 594 613 625 626 613 600 600 600 610 635 647 663 686 699 709 725 743 759 780 803 823 834 851 858 852 856 864 866 862 855 872 886 900 916 930 940 942 947 955 959 966 972 995 1012 1035 1053 1059 1047 1077 1090 1083 1068 1076 1084 1094 1129 1165 1192 1216 1223 1243 1174 1218 1247 1224 1141
542 562 581 597 610 622 627 616 592 596 600 602 602 620 628 651 689 723 751 764 767 770 802 814 828 848 842 823 843 874 890 868 833 842 875 895 910 920 926 924 927 936 944 964 973 989 1014 1043 1067 1065 1049 1087 1129 1123 1080 1080 1084 1093 1121 1150 1184 1225 1243 1245 1192 1171 1223 1200 1108
562 583 599 611 621 632 645 648 612 604 606 593 581 587 587 592 643 734 787 791 777 763 774 798 825 840 816 797 822 879 891 863 817 823 859 883 899 910 915 914 911 913 918 936 957 992 1024 1053 1081 1089 1078 1104 1151 1143 1111 1112 1106 1108 1131 1151 1153 1198 1220 1213 1186 1203 1183 1169 1071
572 595 615 623 634 643 658 653 612 597 594 576 572 583 598 598 598 672 759 794 793 767 762 784 804 803 784 784 805 841 864 849 811 823 845 858 867 876 884 888 885 891 890 900 930 969 1003 1031 1065 1096 1112 1129 1146 1139 1130 1130 1127 1136 1163 1195 1223 1238 1232 1212 1221 1178 1185 1151 1041
574 601 621 629 641 657 653 624 597 596 584 571 572 584 599 615 619 624 665 718 760 775 778 784 786 778 777 788 804 823 838 827 806 816 837 845 844 848 856 861 859 865 873 896 921 950 973 997 1029 1064 1097 1115 1117 1115 1116 1110 1103 1104 1121 1154 1189 1193 1186 1192 1140 1144 1155 1130 1018
568 593 615 628 640 655 641 600 595 596 587 577 573 578 587 600 624 636 627 633 671 733 787 796 779 772 772 806 813 825 827 812 808 826 834 853 841 840 845 849 846 864 884 899 914 945 974 994 1018 1047 1072 1085 1086 1087 1092 1085 1072 1067 1083 1117 1139 1123 1131 1100 1108 1144 1154 1115 997
556 581 602 625 640 642 628 599 591 592 591 585 577 577 588 605 629 654 649 625 616 644 702 742 760 778 790 803 817 824 827 815 837 852 868 866 851 849 850 852 848 864 879 881 897 947 985 1006 1026 1048 1070 1081 1070 1061 1060 1048 1055 1087 1112 1131 1152 1128 1133 1134 1196 1204 1184 1117 992
535 561 587 605 620 629 628 612 591 590 595 589 585 594 613 633 646 659 660 644 623 612 617 641 692 759 809 827 829 830 810 853 879 881 877 869 863 861 861 857 871 874 874 872 894 957 998 1016 1031 1051 1061 1081 1060 1048 1074 1068 1210 1294 1199 1141 1139 1167 1190 1195 1222 1214 1186 1115 993
508 533 557 581 605 616 616 610 588 580 587 585 585 604 631 646 648 645 641 637 633 630 630 640 651 682 738 798 829 845 847 888 898 892 886 880 874 868 867 870 869 878 869 876 911 969 1003 1016 1029 1043 1066 1073 1042 1049 1114 1122 1232 1322 1219 1120 1101 1123 1165 1147 1218 1230 1178 1114 1010
492 514 538 565 584 600 607 607 588 566 572 591 601 619 640 648 645 637 629 629 633 641 651 662 670 671 676 713 768 824 883 920 918 903 891 883 876 870 870 874 866 868 876 897 934 975 1002 1017 1036 1037 1062 1069 1047 1052 1107 1120 1228 1140 1052 975 1005 1044 1081 1122 1160 1168 1157 1089 995
473 499 531 562 580 603 615 616 599 560 561 601 629 645 651 649 646 640 632 631 639 649 660 676 695 702 702 709 726 759 838 917 941 931 910 889 877 873 874 871 872 869 888 917 949 982 1010 1031 1046 1057 1067 1073 1064 1043 1043 1046 1064 1001 978 969 1010 1042 1073 1116 1134 1133 1104 1043 958
473 500 530 560 584 605 626 633 621 580 557 593 625 636 631 624 626 628 628 631 641 650 654 673 700 715 729 749 760 757 771 852 917 937 924 899 885 884 880 885 874 876 895 923 955 991 1023 1043 1060 1059 1075 1083 1080 1056 1034 982 1001 987 966 974 990 1045 1069 1088 1103 1103 1049 976 896
478 498 525 556 583 608 634 652 653 630 574 570 594 601 593 591 599 612 627 643 657 657 652 670 706 735 766 809 832 816 777 778 837 886 912 924 920 915 902 890 875 889 911 930 958 996 1029 1051 1067 1078 1089 1098 1100 1085 1067 1015 1022 1010 984 1001 1011 1067 1082 1086 1095 1071 980 895 826
481 501 528 557 585 607 640 673 701 711 641 562 566 579 580 579 593 617 639 658 672 671 665 680 716 757 813 878 910 877 820 759 788 840 894 944 962 961 934 894 881 891 910 929 960 1000 1033 1058 1075 1089 1089 1099 1104 1110 1095 1079 1059 1048 1052 1046 1060 1046 1114 1102 1055 1012 900 805 746
488 507 533 558 588 610 651 705 762 790 722 607 572 578 577 587 570 566 595 629 653 663 665 677 708 755 825 905 939 888 816 778 788 813 866 924 959 980 952 905 894 904 920 947 988 1026 1053 1076 1093 1101 1111 1110 1115 1112 1117 1107 1116 1120 1171 1157 1150 1089 1081 1054 1081 956 807 701 656
496 513 538 560 591 618 676 783 855 840 734 601 566 571 580 549 773 853 715 646 631 634 645 661 692 739 794 845 864 831 807 794 812 815 850 888 914 935 924 911 919 927 947 983 1029 1064 1085 1099 1111 1116 1121 1127 1134 1135 1133 1124 1133 1146 1157 1143 1145 1125 1101 1064 999 876 718 623 588
500 521 542 561 591 642 689 770 903 769 675 581 554 564 587 568 658 758 747 692 646 630 639 660 700 746 771 775 767 762 762 768 784 795 826 858 877 880 894 907 919 930 960 1014 1062 1091 1105 1113 1121 1128 1133 1139 1143 1145 1147 1143 1129 1117 1111 1118 1124 1120 1102 1057 851 762 642 565 536
508 526 546 562 587 627 671 730 803 627 577 594 578 563 588 600 616 660 692 685 660 649 657 677 724 769 769 740 734 747 761 769 785 800 812 830 841 843 861 880 895 919 965 1045 1093 1107 1112 1119 1126 1133 1142 1153 1157 1157 1150 1142 1134 1118 1115 1119 1121 1103 1101 987 723 677 588 531 505
512 529 547 562 582 613 638 696 670 617 591 588 587 590 594 602 604 617 639 651 656 662 676 693 727 758 742 724 735 761 785 796 810 828 831 824 813 810 834 855 866 893 957 1066 1123 1124 1113 1119 1128 1134 1150 1169 1171 1163 1159 1152 1144 1138 1130 1122 1115 1093 1072 936 647 621 551 505 481
512 530 549 561 575 601 611 647 599 623 631 581 589 594 606 607 589 585 604 632 658 675 680 691 703 709 713 729 752 783 809 818 824 838 846 839 817 801 804 826 844 867 940 1063 1130 1130 1111 1119 1136 1138 1150 1169 1165 1152 1152 1155 1152 1147 1140 1125 1108 1081 1064 927 622 582 526 490 470
512 533 549 556 566 581 595 573 548 585 586 592 569 578 591 603 604 588 589 617 659 682 695 664 663 682 710 737 766 798 820 825 827 836 847 852 840 818 802 788 805 846 940 1047 1106 1117 1106 1121 1142 1136 1130 1137 1141 1141 1152 1168 1159 1139 1141 1130 1113 1065 1060 792 620 560 518 481 458
516 532 544 548 552 555 560 533 543 561 571 575 580 562 563 577 600 624 624 625 639 676 642 871 793 742 748 756 774 810 832 835 837 841 848 857 856 840 821 795 777 808 907 1026 1082 1095 1091 1102 1120 1113 1098 1108 1130 1140 1148 1165 1172 1153 1138 1137 1107 1066 858 645 570 524 495 465 445
514 524 533 537 535 534 535 535 530 538 551 557 564 573 563 557 571 606 656 677 661 666 648 739 765 779 796 784 786 828 854 853 853 854 853 857 858 854 842 822 785 788 872 992 1052 1061 1058 1062 1069 1060 1063 1093 1125 1132 1132 1146 1162 1160 1138 1110 1081 968 685 574 512 479 463 441 424
503 511 517 524 522 523 530 538 529 526 531 539 550 565 573 568 562 569 610 670 693 687 677 685 722 779 818 808 807 843 877 885 877 869 861 858 854 855 855 832 794 818 900 974 999 995 1011 1013 1004 1005 1022 1058 1092 1102 1096 1118 1121 1109 1108 1075 999 769 587 519 466 432 418 403 391
494 500 507 515 518 524 537 541 529 519 520 529 543 556 567 576 579 578 581 612 671 708 710 708 728 772 811 822 834 858 888 908 897 876 864 856 862 866 861 825 806 868 955 996 982 953 931 940 947 965 983 1010 1028 1038 1050 1071 1100 1071 1056 1032 822 617 520 468 428 400 386 378 370
487 493 502 514 522 535 544 542 526 520 521 531 541 552 565 580 592 598 598 597 617 683 731 759 782 799 815 834 863 885 885 888 878 855 847 858 841 837 833 814 817 900 999 1023 983 920 878 873 896 924 942 965 987 1003 1029 1067 1103 1107 1031 894 634 515 461 425 397 377 365 359 357
486 491 505 522 532 546 550 543 527 526 530 533 547 537 527 539 553 572 589 603 611 628 704 777 828 854 859 864 881 889 870 847 842 845 854 830 1022 913 833 807 826 924 1003 1022 991 940 911 883 859 873 903 941 971 988 1024 1060 1120 1112 951 716 520 449 415 389 371 359 355 354 358
483 491 508 527 539 556 559 549 535 535 535 552 517 705 772 782 820 729 661 637 636 640 654 729 824 883 904 892 875 859 841 836 841 841 867 806 1070 1015 883 813 837 955 1011 1029 1004 984 976 918 838 817 859 911 948 972 1004 1024 1056 993 782 555 436 399 377 358 347 345 353 353 351
482 497 512 529 551 568 572 560 545 544 540 566 509 725 813 868 824 775 727 690 675 675 684 703 774 855 891 885 864 843 833 838 848 852 867 831 910 958 911 821 837 959 1025 1036 1018 1003 986 918 830 781 805 866 918 953 975 962 893 753 585 449 385 357 342 332 330 339 351 351 351
486 499 514 532 548 577 583 569 550 550 545 576 515 734 848 825 795 776 756 730 712 707 722 740 761 797 838 869 880 873 859 854 861 865 865 856 855 887 890 823 840 952 1029 1044 1025 997 959 902 846 805 779 814 893 933 931 848 671 518 451 392 351 326 320 317 334 347 355 358 351
488 500 515 535 549 569 589 580 559 558 555 573 547 601 690 737 759 763 757 747 738 735 747 768 778 778 786 821 867 894 897 890 881 873 864 867 859 865 848 825 877 970 1038 1047 1011 985 947 908 881 851 802 802 796 821 795 633 504 453 403 349 320 308 315 319 354 362 356 357 351
491 503 517 536 551 567 582 584 569 565 561 569 571 570 605 659 703 729 738 744 750 758 767 781 794 792 780 780 803 847 891 914 910 889 870 867 865 853 830 847 938 1022 1052 1031 983 950 926 906 884 854 845 752 1049 957 700 531 500 469 387 332 314 323 333 355 375 365 356 345 342
493 505 518 535 550 565 578 583 576 575 572 574 584 586 597 625 658 686 708 726 745 766 783 795 808 809 798 784 784 800 836 877 902 905 891 875 863 839 840 917 1016 1072 1045 992 939 905 879 853 834 815 831 770 857 786 640 577 524 472 386 340 323 334 355 371 365 372 353 343 338
496 508 520 534 548 564 572 585 580 552 543 564 584 597 608 619 634 656 679 702 726 752 777 799 815 823 822 813 804 799 802 816 842 871 890 892 867 836 858 980 1083 1078 1002 944 912 882 849 823 810 784 836 677 1062 940 704 547 499 430 355 322 330 328 354 363 369 359 347 337 333
499 511 522 534 547 559 574 573 694 744 624 573 574 589 608 618 626 641 662 683 707 732 760 782 812 812 809 815 820 814 803 792 789 804 830 851 852 844 905 1008 1080 1031 954 915 891 869 841 836 827 811 896 735 1073 985 653 556 507 412 338 312 337 346 351 363 351 346 339 334 332
502 516 526 535 548 557 571 570 625 678 637 597 581 584 601 612 617 632 653 674 693 717 735 772 755 958 915 859 840 836 827 812 797 785 777 788 798 822 922 1042 1066 999 931 894 866 852 837 893 902 888 911 859 901 532 671 591 476 371 319 332 334 346 353 352 336 333 334 334 335
505 517 527 535 547 555 564 572 589 622 610 592 591 595 602 605 607 618 636 658 679 702 719 751 760 816 854 856 846 846 848 843 826 804 767 755 722 766 868 992 1027 965 913 886 859 922 937 916 942 868 849 906 827 644 525 466 395 344 335 329 333 339 341 335 329 329 332 335 338
505 517 526 533 543 551 555 565 572 585 605 590 583 596 607 608 605 610 626 650 679 710 734 757 776 784 797 812 820 827 839 851 837 804 775 754 772 832 914 992 986 916 883 866 851 958 997 920 900 837 810 863 746 560 496 450 380 327 324 330 333 331 333 335 328 329 334 338 342
505 515 522 528 537 543 544 546 542 568 601 597 579 581 595 604 605 612 628 649 680 725 767 786 793 794 794 797 802 807 809 807 802 808 813 811 831 915 1006 1038 974 892 860 837 910 929 991 921 966 926 924 830 635 529 484 410 348 325 318 330 336 337 337 329 327 332 338 343 347
504 512 517 523 528 533 532 524 538 562 587 605 592 577 580 590 599 609 622 639 669 732 799 829 818 809 804 803 803 801 786 772 797 855 886 886 927 1026 1088 1070 988 894 848 829 905 918 939 936 965 952 958 789 610 519 439 355 309 299 315 334 338 336 332 325 329 336 343 348 352
501 507 512 515 519 522 519 540 531 542 563 595 602 583 577 583 591 598 610 630 659 719 789 829 819 805 802 805 806 798 780 767 816 904 975 1022 1046 1084 1110 1100 1027 912 854 884 913 930 923 911 883 875 867 702 560 480 395 312 287 300 321 334 335 334 327 323 333 342 349 353 356
499 502 504 509 509 509 524 538 530 532 549 583 596 580 585 607 611 619 637 659 674 707 750 789 793 788 793 801 806 799 791 771 824 989 1043 1092 1088 1080 1089 1083 1017 929 882 908 859 920 930 929 876 843 773 620 524 444 325 279 283 308 327 332 333 329 323 325 340 349 354 357 359
498 498 500 501 501 500 510 517 518 518 595 594 581 574 668 648 634 670 717 721 702 708 732 766 776 777 781 790 802 804 807 775 793 874 983 1059 1061 1056 1071 1050 973 935 909 878 813 815 895 949 933 914 746 594 515 373 289 274 289 316 331 330 328 324 323 330 347 355 359 361 362
497 497 498 499 497 498 506 506 510 516 549 557 559 589 622 633 658 727 788 776 736 736 757 782 788 782 776 778 792 803 802 774 787 839 940 1000 1009 1037 1070 1050 973 949 948 907 896 864 858 908 943 796 614 564 472 321 271 277 301 324 329 327 323 321 325 337 354 361 362 363 364
496 499 501 499 503 501 492 557 544 530 533 536 558 592 612 628 677 747 797 788 766 781 805 819 820 810 801 798 803 803 782 785 812 869 965 986 965 998 1040 1032 953 927 927 873 946 890 809 863 758 592 573 548 376 276 266 288 312 322 323 322 319 321 330 347 361 365 365 365 364
499 503 505 511 522 517 506 536 543 542 524 584 587 616 636 624 648 699 739 771 781 812 851 860 850 836 824 818 810 784 787 819 856 942 1004 989 943 943 971 961 895 866 872 825 779 799 846 867 648 556 561 460 302 261 275 299 313 317 319 319 318 324 338 355 364 367 366 365 365
504 508 510 518 522 529 520 523 528 525 567 629 655 660 657 623 638 673 715 770 811 844 865 868 863 850 839 828 802 780 793 844 906 968 993 947 886 866 878 874 848 854 883 882 794 704 812 729 574 564 541 378 278 264 286 303 308 312 318 317 319 331 349 360 365 366 366 365 365
513 514 517 523 537 538 527 515 582 614 636 648 654 667 650 635 678 713 727 793 850 866 861 861 859 846 837 822 796 784 790 824 845 867 901 889 887 886 887 882 885 905 931 934 915 874 807 680 617 597 527 355 272 274 292 299 303 311 316 316 323 342 359 364 364 365 365 364 364
521 521 524 526 530 551 539 518 543 632 639 639 656 645 619 629 694 742 773 800 844 857 857 852 835 816 809 802 798 796 793 797 803 840 912 938 1103 1022 963 966 963 975 991 994 962 934 918 848 717 637 523 346 277 284 293 295 302 312 315 316 332 354 366 366 364 364 365 364 364
530 529 531 534 530 545 541 520 513 563 607 633 638 618 600 620 683 746 798 822 829 841 854 844 812 814 814 808 805 805 801 796 823 876 942 975 991 999 1009 1152 1080 1040 1038 1050 976 970 997 899 703 602 470 323 282 288 292 294 303 312 315 322 342 360 366 366 364 365 364 364 364
538 538 539 540 534 538 536 520 510 525 572 609 616 599 597 618 665 725 796 833 833 833 839 818 836 852 845 828 816 809 799 799 852 899 948 980 947 979 1043 1181 1113 1058 1063 994 938 973 1001 814 660 546 412 303 283 288 291 296 305 313 318 331 348 358 361 364 365 365 365 364 366
546 547 547 546 542 541 537 522 515 519 559 594 600 596 606 629 669 718 779 816 826 828 817 824 872 889 877 851 824 820 794 1030 923 922 965 996 978 991 1049 1102 1086 1056 1079 994 947 1001 835 644 554 452 349 294 284 288 292 300 309 314 326 342 352 354 357 363 366 366 365 365 367
553 555 555 550 550 553 550 544 540 547 571 591 599 612 637 659 689 728 766 794 809 818 795 839 897 905 885 862 836 823 814 945 932 947 979 1008 1013 1034 1065 1080 1079 1061 1065 1015 921 779 630 534 422 371 317 295 284 288 293 304 310 317 334 348 352 354 358 364 367 367 366 366 368
561 566 564 558 553 555 556 557 557 564 584 592 601 624 659 685 706 733 758 778 792 786 778 838 897 909 880 848 842 830 827 871 910 929 959 954 994 1051 1071 1052 1039 1018 987 872 754 679 586 445 357 346 308 295 286 289 296 307 311 324 340 348 352 357 362 366 366 367 367 368 369
570 576 574 569 560 565 574 568 565 569 587 599 613 633 659 686 709 731 749 764 775 769 778 829 870 883 874 836 827 831 833 846 878 905 922 942 993 1053 1069 1029 991 949 930 817 783 689 562 435 373 342 305 297 290 292 300 309 314 332 341 345 353 359 363 366 367 368 368 369 371
580 587 587 582 576 577 592 595 595 585 597 615 633 647 660 682 709 731 745 754 761 739 768 809 836 842 850 840 820 820 834 848 881 923 949 979 1025 1065 1071 1026 966 900 849 848 769 653 542 442 392 341 310 301 293 295 303 312 320 340 339 346 354 359 363 366 367 368 370 371 374
590 598 601 598 592 588 596 604 609 603 615 634 653 666 675 689 710 731 745 753 752 733 758 785 804 810 820 827 820 804 816 851 910 958 987 1008 1040 1063 1062 1013 945 911 838 830 724 629 546 462 411 345 317 306 297 298 305 315 326 330 340 351 357 360 364 366 368 369 372 374 376
601 609 615 615 622 614 610 616 626 625 638 655 674 688 697 703 714 728 738 741 735 732 751 767 783 797 807 816 822 815 808 841 912 973 1014 1029 1043 1052 1049 996 924 852 827 746 653 610 548 467 420 337 324 310 302 301 308 319 328 340 349 354 357 361 365 366 368 370 373 377 379
612 622 629 631 635 634 633 636 642 645 658 671 689 702 710 715 720 725 730 731 732 737 748 759 778 790 800 807 816 825 832 857 902 959 1005 1029 1033 1031 1011 959 884 811 746 676 605 542 491 446 405 338 321 310 305 305 313 323 334 341 348 355 359 363 365 367 369 372 376 379 383
622 635 644 648 650 651 652 656 660 663 675 688 709 719 724 719 718 699 695 718 736 763 777 786 784 793 804 810 824 842 869 891 924 961 990 1003 994 980 951 904 840 764 674 602 535 492 455 419 380 333 317 309 305 308 318 328 338 346 353 359 362 365 367 369 371 374 379 383 386
634 648 659 666 670 674 673 676 680 682 693 706 727 735 735 720 693 696 699 724 745 771 788 792 791 794 801 813 833 857 891 916 943 963 974 971 950 928 897 867 805 727 627 551 487 453 420 390 350 330 316 309 308 312 323 333 342 349 356 362 364 367 369 371 374 377 382 386 390
644 665 682 685 692 696 699 701 704 706 715 729 744 749 736 709 697 711 725 732 748 766 777 783 786 793 804 819 842 874 908 932 965 964 950 933 904 872 846 825 774 696 594 517 451 415 382 353 340 322 314 310 312 318 329 338 346 353 359 364 366 369 372 374 377 380 385 389 393
