---
MSL Height of maxmin Wbl [m] Valid 1400 NZST ~Z75~(0200Z)~Z~ WED 7 Jan 2026 ~Z75~[98hrFcst@2128z]~Z~
Model= RASP Region= NZ Grid= d2 Reskm= 2.0 Indexs= 1 69 1 69 Proj= lambert 2000 2000 -35.0000 -42.0000 176.0000 -37.7968 175.7263
Day= 2026 1 7 WED ValidLST= 1400 NZST ValidZ= 200 Fcst= 98.0 Init= 94 Param= zwblmaxmin Unit= m Mult= 1 Min= 8 Max= 2492
730 735 642 639 1108 1088 380 554 635 743 746 889 913 936 1110 1133 376 412 479 499 541 609 656 1619 1622 1622 865 699 761 590 596 614 747 959 1275 1275 1288 1314 1348 1392 1418 1418 1239 1238 1229 1199 1363 1367 1370 1585 1598 1850 2134 2154 2177 2189 1927 1917 532 509 1625 1612 1403 1418 1263 1290 1174 1195 1195
734 744 744 742 726 278 268 271 336 860 860 872 767 921 944 965 1142 365 429 482 541 609 1603 1622 902 1622 667 643 585 529 480 482 447 954 1092 1727 1107 1134 1347 1392 1245 1100 1871 1248 1229 1198 2074 2074 1807 1571 1583 2103 508 2140 2160 2174 2180 2180 1682 494 1644 1422 1423 1430 1446 1290 1316 2215 1332
730 743 744 742 838 278 240 235 212 509 714 855 882 903 924 941 1116 1149 399 453 514 588 1586 1608 1608 1609 653 629 571 516 468 427 398 376 1489 334 319 346 382 428 1422 1255 1259 1260 1240 1059 424 2076 1569 1359 1583 1837 2112 2127 1877 1891 1665 530 676 532 1662 1654 1443 1444 1453 1290 1309 1321 1498
620 731 731 842 834 273 234 203 203 187 981 839 865 884 902 914 935 964 1146 409 470 544 1547 1576 1581 1579 627 571 554 502 502 520 562 1742 1739 320 364 427 505 660 687 642 653 1658 1257 1228 1208 1587 1584 1582 1824 1836 1846 1612 1619 1628 1641 1448 1285 1143 1012 1464 1287 1135 2469 2474 1301 1483 1695
375 633 726 838 832 270 230 197 841 177 818 694 1177 864 879 888 906 1081 1111 1156 400 471 1500 1359 1222 817 631 548 473 427 1174 1144 1125 971 971 981 997 777 1581 1221 1244 1263 1277 1663 1891 1870 2121 2112 1395 1216 1216 1220 1221 1222 1398 1404 1418 1650 1667 1680 1687 1304 1024 1143 1673 1673 1915 1920 1688
308 395 1116 1117 1288 290 232 215 828 163 160 685 705 1392 725 866 1031 1048 1070 1106 1338 1228 1275 1302 1033 932 640 609 626 533 495 416 1122 1124 1134 1149 1171 1191 1206 1220 1235 2139 1445 1278 1279 1265 1255 2137 532 976 968 1859 1616 1617 1610 1609 671 773 1665 1477 1495 1324 2492 1465 1906 1134 1010 812 1924
316 973 973 1124 1112 284 245 204 819 804 1345 1351 684 693 1378 850 865 875 1038 1062 1279 1333 1204 955 485 1111 509 471 452 415 379 351 1754 367 1329 1347 1373 1393 1399 1221 1228 1092 868 1655 608 807 1012 909 919 2186 1287 1268 2138 1417 1230 1224 1228 1257 1301 1510 1725 1506 1033 1907 1277 1275 1283 2180 1481
330 986 986 987 1119 314 229 186 815 673 792 112 209 801 163 1159 998 195 241 1225 1061 1275 1322 1031 1048 734 536 938 849 429 368 354 964 988 1021 1184 1057 1223 1223 1390 1391 1226 1247 2152 1456 1295 1316 1344 1350 533 1149 841 1168 469 839 1235 1241 503 821 857 1732 1964 1317 1282 880 1270 1281 2180 1693
349 367 1004 1001 852 534 489 1185 1151 686 798 770 763 120 125 165 1145 225 272 1235 752 1043 296 351 392 919 605 350 441 1636 457 427 1101 850 1024 1184 1198 1210 1210 1198 1195 1206 1228 486 588 740 663 623 1384 941 1135 561 2257 497 1234 1109 1102 1877 1457 1304 1339 1357 1324 1277 1263 1270 1906 2183 1931
376 394 1031 1022 869 968 942 310 586 1161 191 91 748 754 755 761 214 220 1062 772 396 857 1034 274 1318 424 389 300 398 1413 596 470 533 359 370 893 794 1582 1370 1361 1180 1192 1212 1226 1256 1161 1203 1238 1259 1371 1319 573 1243 1022 1104 1268 1096 1245 1454 1471 1321 1339 522 1262 1259 1446 1911 915 1932
890 909 909 899 669 491 444 295 496 982 329 181 623 630 764 775 672 718 337 629 625 715 1006 1043 916 786 1067 323 1520 1169 1031 412 273 498 594 1544 1790 548 1567 1562 1561 1365 1381 1395 1263 1321 1203 1229 1413 1425 1413 1410 1554 1491 1291 1447 1406 1404 1444 1482 1497 1319 1912 1428 1647 1893 2185 1166 1934
883 903 903 893 471 423 270 314 493 585 384 421 1309 1313 767 782 809 833 829 974 211 191 183 1017 866 873 1045 1247 1264 1106 1123 619 1264 292 980 639 1758 350 1787 2053 599 790 721 608 553 566 673 747 929 1302 1460 1435 1386 1352 1333 1468 469 1374 413 1489 1338 1312 1902 1430 1897 1911 2200 1326 1168
858 882 879 873 510 358 295 421 479 226 204 626 753 622 620 114 670 826 959 792 797 822 849 195 1167 1180 1020 890 905 1462 442 909 253 1275 1098 945 950 966 981 985 995 352 388 416 480 541 1206 1214 614 1438 1175 1028 982 960 936 797 734 1566 443 1472 1316 1132 988 788 1476 1494 1514 1726 1493
954 852 344 373 358 310 347 361 331 256 531 911 902 751 82 119 153 582 182 933 782 799 819 964 815 593 1402 1202 1037 895 637 876 266 692 797 796 806 818 619 626 1305 358 1185 478 566 716 827 1765 654 1607 1441 1254 554 475 476 412 886 761 904 1094 1265 877 1123 801 1704 1725 1739 1740 1499
504 282 315 324 316 316 280 320 282 261 650 630 1088 120 143 950 952 808 546 435 930 787 796 802 574 596 724 621 1661 1021 857 221 1682 1453 912 917 1711 936 812 377 560 655 880 887 459 590 2018 1786 2030 1046 2049 643 556 617 647 802 857 844 748 2070 1609 1448 1460 725 1326 1529 1542 1542 1507
455 490 259 608 820 288 248 209 192 253 784 920 86 132 1350 948 780 775 773 774 134 553 678 581 257 839 1390 1644 1649 852 718 625 1210 882 895 1055 1060 1066 1716 1735 1753 574 994 875 507 599 1781 2008 852 1141 1278 615 489 632 2238 486 1542 1106 1741 361 1031 1246 1461 1914 845 2233 1367 1367 1517
360 463 575 467 709 272 260 217 158 117 192 179 150 155 955 446 1103 918 921 929 942 160 490 606 619 615 1399 1405 1010 171 714 1407 1015 1197 1211 1040 894 900 1067 1719 1730 327 358 395 503 562 1759 1384 2009 1258 1129 962 986 1280 1188 783 416 1279 1100 346 1147 1209 891 1306 1945 799 1220 1367 1341
303 300 223 382 402 404 333 244 172 112 187 205 1383 981 561 647 1321 1319 1104 779 793 813 836 198 282 564 362 1677 1020 837 831 845 1398 615 1411 1021 884 1041 1230 1247 1262 315 365 452 516 578 623 1778 1580 1578 1387 1196 1124 1393 1048 399 317 1277 373 289 313 393 970 1458 1476 1326 1192 1195 1178
219 262 240 377 411 1176 1156 325 237 138 1315 1343 160 148 155 632 917 1097 633 643 662 565 209 228 251 241 296 370 1456 722 819 973 592 1180 1003 1009 1415 1663 1432 1239 1257 309 356 413 476 545 599 1579 1586 1408 1240 1202 1141 933 874 1124 1102 605 411 419 286 1557 2095 671 1106 1277 1144 489 460
190 273 944 379 421 437 1072 396 388 309 234 98 102 749 751 514 764 766 770 931 1124 555 479 534 525 402 408 433 1577 584 180 560 1153 842 858 1410 729 614 1200 1039 291 417 525 467 488 563 589 1248 1129 1017 775 1091 563 581 436 1543 1121 826 546 498 456 1328 1559 1043 1216 1085 434 1109 1109
209 266 285 406 452 474 1130 1085 1160 347 212 1070 100 509 626 765 767 924 1111 652 789 794 967 1016 291 476 542 669 551 416 514 803 962 434 882 873 1001 994 1179 1194 1219 1259 1300 397 549 680 797 997 1117 1113 1112 1993 539 1300 1250 1210 706 1357 341 557 485 520 1000 1163 364 802 526 1065 403
237 294 865 432 975 500 549 1158 673 349 191 1076 1306 1314 1310 757 757 765 774 928 930 934 946 824 878 268 423 1738 523 349 221 558 957 325 759 186 829 823 979 1180 1427 1243 303 396 522 757 739 718 1774 1558 1234 1758 1357 768 896 1646 1262 867 1851 1585 1174 1154 866 521 334 365 539 545 496
259 288 876 938 975 1008 1066 1058 509 336 164 1072 1073 618 502 1294 896 903 764 768 917 919 924 784 823 553 821 576 445 278 1189 1138 966 1011 875 844 815 1600 1148 1172 1209 1246 323 412 508 572 1381 1393 1248 1237 1228 1366 1526 1180 1146 1118 1880 1416 1053 1352 1013 1538 342 569 1126 1126 500 567 508
278 825 874 918 945 961 984 530 393 230 166 1066 1065 737 744 899 747 901 912 917 914 916 918 780 703 751 211 294 844 513 242 1135 977 1007 613 835 810 952 805 822 1003 1046 332 478 568 1366 1230 1229 1232 1551 1754 1742 667 1170 572 982 1609 1044 1173 1159 992 323 1114 1111 950 946 365 466 532
288 825 853 873 886 767 416 381 276 149 85 487 602 888 744 749 748 753 763 634 917 917 764 108 214 560 177 784 1596 968 810 801 1159 1003 996 977 462 792 661 802 820 330 447 717 955 1063 1065 1075 1079 1973 1982 1088 948 549 728 465 588 1362 1343 1145 966 699 1089 524 281 276 271 268 266
801 825 832 833 722 411 287 275 221 108 602 602 603 736 894 747 743 751 764 767 918 918 916 1107 975 848 551 643 317 1162 991 974 830 598 1162 1142 1125 1119 789 946 1354 228 338 524 1363 696 1021 1317 1325 1945 600 585 713 540 889 431 1067 1188 1334 1302 1092 920 782 779 228 221 216 210 231
688 812 809 794 439 309 265 219 226 91 602 603 603 737 743 744 892 896 756 764 766 765 914 914 771 781 781 546 692 864 742 1173 976 824 810 376 1117 936 942 1124 794 157 310 537 1232 927 992 1285 1298 1913 647 556 522 1285 887 1248 1211 1180 1148 377 920 318 237 298 198 190 209 203 197
679 684 674 481 257 226 279 195 213 256 1068 603 603 605 1073 607 738 1071 1075 1084 909 910 758 1309 1088 1098 946 165 1001 1039 1027 841 686 1137 945 939 649 1114 1117 1116 1114 976 738 747 1969 525 1116 1117 1119 1104 1114 660 520 1449 1664 1440 1059 1161 1141 1103 232 253 204 264 187 179 203 236 165
659 566 554 389 263 173 562 364 164 885 886 1068 1285 736 737 737 737 736 888 1073 1077 1084 1094 631 630 211 192 142 862 1063 244 433 1893 804 88 934 930 772 1322 1322 1103 1149 982 1010 1928 551 475 1223 1223 427 461 452 1104 1636 1643 1436 436 1172 1311 817 560 202 204 280 186 123 173 207 204
537 537 528 313 292 690 688 459 170 883 885 1068 1069 1286 736 737 737 737 604 737 735 744 761 765 130 236 325 865 634 335 936 874 843 570 114 1331 1108 917 762 629 1560 978 398 523 1130 922 778 1342 610 1177 1188 1211 941 653 734 1400 448 1357 1308 396 191 496 153 253 129 96 147 145 180
259 263 308 254 410 689 688 380 169 884 885 1069 1070 490 1287 891 739 737 737 737 736 893 908 909 658 242 937 1044 664 308 1133 929 862 817 660 126 1568 1316 1310 1090 117 247 473 1339 964 749 1503 1737 2010 496 746 1009 2069 1803 2078 616 747 491 1732 484 274 570 539 146 106 73 96 95 124
161 144 152 692 581 689 571 368 127 886 885 1069 1070 1069 737 494 1534 889 889 890 889 890 907 778 817 757 923 1244 817 735 973 945 622 809 938 771 428 917 910 625 552 339 569 1350 655 429 780 896 1054 1252 1474 1273 1114 1132 1006 1168 306 298 548 620 412 662 519 502 87 55 79 79 79
537 663 808 823 185 695 388 354 209 887 886 1068 1069 1069 1285 1287 1287 1533 1533 1534 1533 889 108 168 879 920 802 296 738 322 248 208 175 123 1115 917 1562 1097 217 1094 694 395 627 587 436 325 553 874 867 1021 872 218 1243 296 993 1189 1194 322 866 823 801 639 499 391 382 42 67 67 97
350 652 673 490 220 699 259 282 263 887 1067 1068 1069 886 882 884 887 889 889 889 888 889 905 127 237 824 980 294 809 479 205 946 944 941 1110 761 759 910 1085 904 220 433 1993 559 399 1131 953 552 827 967 979 1002 1656 246 348 497 941 891 863 646 519 404 481 378 294 35 126 89 127
343 366 466 355 840 837 179 183 896 887 1068 1070 1068 1284 1281 885 888 889 890 890 891 893 1083 1107 157 233 1082 1048 193 803 789 791 370 102 1103 1555 1552 1305 1299 1072 172 461 1756 544 591 1824 399 251 138 919 936 949 957 838 423 821 866 843 701 500 490 385 375 293 287 287 122 169 122
345 251 117 259 368 847 191 147 95 1065 1069 1074 886 1286 492 740 609 1073 1073 893 1079 1087 122 156 1160 977 809 376 786 930 779 1118 787 778 1316 910 909 1091 1086 1064 157 427 1217 923 682 803 643 458 1112 895 1083 903 755 373 706 722 226 638 570 400 381 299 89 289 287 168 121 121 121
194 215 813 195 845 847 196 147 117 594 1066 1072 733 1283 891 748 750 744 1538 1294 407 342 1340 1384 843 141 908 762 775 1110 926 927 777 921 760 1310 911 1093 1086 1074 852 484 1528 916 467 1335 287 207 667 916 1077 601 736 752 530 133 248 189 460 96 301 232 172 123 222 167 167 121 121
139 157 819 841 846 847 203 128 90 593 1060 598 1063 1061 887 903 755 749 743 743 1544 1093 1114 682 241 940 758 1093 916 764 1317 1103 916 908 906 623 908 508 887 1316 816 904 1949 501 495 387 1249 1209 992 944 747 484 730 137 242 257 213 109 106 151 180 173 170 85 84 84 83 84 9
149 140 824 842 846 847 351 146 103 1061 1053 1056 1062 1063 1287 900 903 749 745 744 901 1089 1096 1111 949 1118 1091 901 754 1313 918 765 132 1083 902 1086 1085 401 1282 157 407 1955 524 419 331 1956 1664 1190 825 928 605 310 594 175 223 173 184 188 181 177 127 86 84 85 84 84 84 55 30
156 145 826 842 846 845 418 190 118 81 586 383 1065 1068 1287 606 494 1541 897 896 899 903 752 1092 1105 918 899 608 906 920 919 756 747 1079 1080 899 1079 882 917 455 583 1063 569 405 1929 1163 558 528 410 394 184 304 383 62 85 123 123 171 169 169 85 85 84 84 83 29 83 83 83
164 175 698 842 845 842 832 824 204 390 1052 1059 1062 391 1282 1276 1279 1291 1539 1538 1075 896 615 902 752 1081 891 891 124 623 77 898 740 740 1539 1294 1073 1059 694 515 2032 496 311 1188 1141 531 333 244 232 177 229 231 134 127 289 173 172 122 83 83 84 84 84 83 83 83 83 83 83
682 691 699 839 841 836 829 701 223 90 716 589 587 1057 1278 1271 1268 1282 1538 1538 1537 496 1295 898 900 744 1072 889 737 605 891 890 736 889 738 738 729 91 265 523 646 440 1168 1585 762 44 193 136 127 124 85 170 172 227 227 125 123 83 83 83 83 83 84 83 54 29 29 54 54
687 692 829 835 837 492 817 823 822 121 38 1043 713 719 724 582 1261 1272 1287 1292 891 891 889 889 1540 1540 1287 885 600 731 483 1067 887 888 489 55 1056 185 367 539 486 303 301 499 310 101 96 34 85 56 85 84 86 127 173 122 83 83 83 83 83 83 83 9 30 54 83 83 83
687 692 825 825 825 281 462 810 694 217 89 575 1042 868 583 576 709 866 873 881 887 887 1530 1069 887 884 1282 1064 882 1064 729 485 1068 1068 886 885 869 642 373 1889 428 1383 414 595 231 13 10 85 126 90 86 84 10 124 123 83 83 121 83 83 83 83 83 84 84 84 83 83 83
682 684 814 811 332 178 647 651 376 949 1114 55 575 464 1260 859 861 1051 876 1282 1299 1557 1553 94 1068 1060 878 1279 1061 880 483 732 598 483 1282 71 1267 224 392 461 401 1116 392 589 171 55 84 89 134 133 124 121 84 8 121 121 121 83 83 83 83 54 83 84 55 84 83 54 83
672 670 797 792 171 297 278 163 897 128 1136 117 97 1259 1259 1259 1260 1054 1069 1292 115 163 1371 775 730 721 1058 1059 1277 1060 882 729 1526 1797 1511 1513 919 322 531 557 283 411 478 294 55 55 85 90 40 229 169 121 83 121 54 54 83 83 121 83 83 83 83 83 84 84 83 29 121
661 787 780 157 187 139 403 484 1056 495 375 126 72 1262 1259 1259 575 713 1516 1527 110 187 1671 162 75 1052 873 874 874 1276 1278 1059 872 1070 656 220 333 560 1433 692 296 509 472 225 54 84 84 86 86 122 121 121 121 121 121 121 83 54 121 83 83 83 54 83 83 83 8 121 83
651 773 764 110 131 323 883 727 872 583 106 1136 242 104 1260 1260 1260 861 1507 710 492 560 1015 273 1064 867 871 719 872 1056 1057 1274 876 168 354 488 570 1448 1164 745 431 446 584 13 55 83 84 122 84 84 121 121 121 121 121 121 121 121 83 121 83 83 83 54 83 83 83 83 121
359 182 749 123 85 480 476 871 41 465 391 445 109 110 865 717 717 381 103 1518 587 613 931 281 1059 867 717 869 717 718 1054 870 1057 206 515 853 614 963 947 687 1291 969 197 103 65 56 84 169 122 121 121 121 121 121 121 121 121 121 83 121 83 83 83 83 54 29 83 83 121
351 337 739 112 873 867 865 466 464 463 871 1084 87 732 482 745 623 196 207 544 881 874 890 1535 1052 1047 866 713 713 866 1048 713 864 176 452 1760 1330 1157 524 769 1227 977 278 193 25 13 121 168 121 121 121 121 121 121 121 121 121 121 83 83 121 83 83 54 83 83 83 83 121
423 615 736 727 871 864 860 462 366 1042 463 584 485 743 512 539 421 377 662 267 126 117 1335 1092 875 710 1047 865 712 864 862 1049 479 198 401 973 555 1141 1141 682 910 726 314 195 33 84 122 121 121 121 121 121 121 121 121 121 121 121 83 83 121 83 83 83 83 8 83 121 121
515 615 736 596 871 864 860 460 857 462 365 366 39 100 553 128 268 580 339 941 772 567 543 964 738 862 711 1047 865 578 864 874 121 269 1373 878 960 380 1234 1161 1077 1025 341 46 87 97 90 121 121 121 121 121 121 121 121 121 121 121 121 83 121 121 83 83 83 54 121 121 121
628 616 736 483 587 865 462 459 573 461 1040 288 317 287 161 653 161 220 830 853 834 964 933 177 602 865 1046 865 865 865 592 100 184 1118 1005 789 1206 1077 837 600 1208 1182 407 130 141 119 134 121 121 121 121 121 121 121 121 121 121 121 54 83 121 121 83 83 54 121 121 121 121
762 751 740 486 383 298 860 461 461 461 365 65 129 204 189 549 260 226 295 400 895 481 215 1099 91 712 1047 865 712 865 734 795 1007 912 415 496 699 848 514 1172 1157 990 692 271 23 46 13 121 121 121 121 121 121 121 121 121 121 121 83 83 121 121 121 54 121 83 121 121 121
767 756 896 735 482 474 469 863 861 366 365 318 219 702 326 573 439 431 336 1374 617 350 134 865 864 1265 1047 1047 865 709 720 891 1098 1150 1181 594 1153 957 794 1340 672 986 690 268 169 8 121 121 121 121 121 121 121 121 121 121 121 121 83 121 54 121 121 54 121 83 121 121 121
773 913 902 891 881 479 476 716 862 576 62 125 1110 134 144 148 272 654 659 511 378 205 1050 864 1046 1048 369 579 1047 865 862 865 879 170 291 1265 447 486 960 1129 809 505 595 230 124 120 121 167 167 167 121 121 121 121 121 121 83 121 54 121 121 29 83 8 121 121 121 121 121
931 919 907 894 392 875 477 471 578 578 45 608 609 885 1280 281 212 316 871 289 193 151 1046 864 865 865 1047 712 1511 864 862 1051 753 407 372 320 774 576 909 1394 826 730 454 259 131 120 167 167 167 167 167 121 121 121 121 121 83 121 83 121 121 54 83 83 121 83 83 121 121
940 927 914 330 884 382 718 468 708 863 78 605 589 575 1264 128 195 264 1505 241 150 1053 1264 1046 865 465 712 712 865 711 863 1045 103 274 1165 327 237 647 418 1255 609 631 402 227 137 166 167 167 167 167 167 121 121 121 121 121 83 54 83 121 121 121 121 54 121 121 54 121 121
941 779 915 266 1065 476 866 578 708 866 92 899 724 712 46 106 168 1217 897 196 150 1046 864 1265 865 866 1266 1788 712 291 1046 720 552 251 1176 1057 680 401 1086 1009 929 495 348 105 178 167 167 167 167 167 167 167 121 121 121 121 83 83 83 121 121 121 54 83 121 121 29 121 121
938 928 914 499 147 586 466 1042 1042 1058 906 905 1071 95 120 116 1162 1017 592 187 479 1050 865 1265 1512 866 713 712 712 1047 867 601 812 277 1008 1049 1235 977 938 1013 717 239 168 58 172 169 167 167 167 167 167 167 121 121 121 121 83 83 83 121 121 121 121 29 121 121 29 121 121
927 920 1088 739 386 583 463 1040 1041 1060 1081 500 1294 115 1123 951 962 687 547 334 384 1792 865 864 1048 1048 1048 1048 1047 866 716 491 659 1411 787 1107 410 971 888 803 275 175 108 27 172 169 167 167 167 167 167 167 121 121 121 121 120 83 29 121 121 121 83 121 121 121 83 121 121
1104 1099 340 1072 594 1050 578 1040 1042 1053 1283 608 131 1101 930 934 940 782 630 1296 1524 716 1266 1047 465 1266 1048 1048 578 715 875 901 166 160 631 268 700 937 1132 550 224 148 53 134 11 168 167 167 167 167 167 121 121 121 121 121 121 83 121 121 121 121 121 121 121 83 121 121 121
1104 1101 345 502 1067 1058 585 467 1266 1056 1285 501 343 1320 1109 1118 1118 635 614 1533 875 868 866 866 866 1048 1048 1512 1514 1058 889 639 1160 1038 586 331 1573 1173 954 205 151 103 87 18 121 121 167 167 167 167 121 121 121 121 121 121 121 83 121 121 121 121 121 121 121 54 54 121 121
1109 361 291 515 1081 603 594 477 1275 1064 1291 507 634 645 1337 1128 784 1093 1290 1062 1794 1269 714 714 713 1267 1049 865 1056 1537 918 132 1019 1260 1112 852 867 967 910 229 126 64 32 13 121 121 167 167 167 167 121 121 121 121 121 121 83 121 121 121 121 121 121 121 83 121 83 121 121
306 309 307 363 525 85 1297 157 323 1294 1085 141 644 651 1576 1328 769 1306 1533 1058 1050 869 867 866 713 866 1052 1055 1291 1565 567 441 1053 1275 970 971 1109 1079 753 177 129 46 23 120 120 120 120 167 121 121 121 121 121 121 121 121 121 83 121 121 121 121 121 121 121 121 83 121 121
381 465 189 186 263 169 154 230 227 115 1318 1324 1576 785 780 1566 83 745 728 584 579 581 713 711 863 1048 1055 1068 1096 1135 206 1446 1266 1296 1133 355 943 904 611 152 108 31 16 120 121 120 120 121 121 121 121 121 121 121 121 121 121 121 121 121 121 121 121 121 121 167 121 121 121
472 580 589 497 299 244 190 151 174 173 1339 1582 790 936 926 760 404 390 299 58 30 32 708 462 708 1047 1059 905 794 845 428 1282 359 858 1142 1120 1080 884 418 136 97 25 127 120 120 120 83 121 121 54 121 121 120 121 121 121 121 121 121 121 121 121 167 167 167 167 29 121 121
478 591 849 726 615 610 260 1377 206 1369 1365 679 953 940 924 904 393 302 128 29 8 10 9 30 461 468 893 779 827 749 529 1311 750 1532 1142 831 782 865 199 125 66 23 127 120 120 120 83 121 121 54 121 54 120 121 121 121 121 121 121 121 121 121 167 167 167 167 167 54 121
401 497 511 532 463 462 453 282 209 1399 1394 1625 970 949 774 502 103 91 57 8 29 9 9 35 234 600 68 679 730 575 1508 1324 462 1136 1126 1092 895 605 225 78 45 137 127 121 120 120 120 120 121 121 121 121 120 121 121 121 121 121 121 121 121 167 167 167 167 167 167 167 167
