---
MSL Height of maxmin Wbl [m] Valid 1700 NZST ~Z75~(0500Z)~Z~ WED 7 Jan 2026 ~Z75~[101hrFcst@2128z]~Z~
Model= RASP Region= NZ Grid= d1 Reskm= 6.0 Indexs= 1 79 1 99 Proj= lambert 6000 6000 -35.0000 -42.0000 176.0000 -38.5000 176.0000
Day= 2026 1 7 WED ValidLST= 1700 NZST ValidZ= 500 Fcst= 101.0 Init= 94 Param= zwblmaxmin Unit= m Mult= 1 Min= 8 Max= 2333
83 54 83 121 143 384 334 581 510 205 194 205 362 344 124 62 31 15 219 29 219 292 110 454 594 255 677 363 372 867 752 740 779 850 304 368 478 476 229 216 38 29 165 119 53 29 54 83 120 120 166 166 166 166 166 166 166 166 83 166 166 166 166 120 221 221 221 221 166 221 221 284 284 284 284 284 284 284 284
54 120 120 120 131 163 155 149 198 172 201 144 364 382 199 37 11 165 165 219 219 282 54 321 518 346 311 346 428 415 922 937 753 642 206 320 456 470 332 412 64 8 165 120 29 29 83 120 120 120 166 166 166 166 166 166 166 166 83 166 166 166 166 221 221 221 221 221 166 221 284 284 284 284 284 284 284 284 284
83 82 83 120 120 8 120 199 294 103 65 160 240 205 124 128 119 165 165 219 165 219 282 301 499 316 555 444 619 708 500 919 800 640 552 213 261 273 492 502 372 224 8 119 53 29 83 120 120 120 166 166 166 166 166 166 221 221 166 166 166 166 166 166 221 221 221 221 221 166 221 221 284 284 284 284 284 284 284
29 29 8 120 82 54 120 135 160 171 61 33 10 62 84 119 119 53 165 53 165 219 219 282 98 256 385 756 903 1035 703 448 684 833 680 494 630 670 674 729 453 211 127 119 54 29 54 83 120 120 83 120 166 166 221 221 166 221 221 83 120 120 120 120 29 166 221 221 221 221 284 284 284 284 221 284 284 284 284
29 29 82 53 8 54 82 14 90 211 79 38 82 82 82 82 82 82 82 119 165 219 219 219 282 84 256 433 586 745 901 719 429 423 854 873 758 569 582 523 568 558 94 82 82 29 29 83 83 120 120 166 166 166 221 221 221 221 120 166 166 120 120 83 83 120 83 83 83 120 83 83 29 284 284 284 284 284 284
54 54 54 29 53 29 29 29 112 323 107 82 53 53 53 29 29 29 8 82 165 219 219 291 293 369 162 298 464 764 987 928 596 303 497 604 308 533 540 368 201 206 554 67 83 29 29 83 83 120 120 166 166 166 221 221 221 166 221 221 166 166 166 120 120 120 120 83 83 29 54 83 8 284 284 284 284 284 284
54 29 29 29 29 29 8 29 102 246 110 58 29 29 29 8 8 8 8 29 119 165 219 286 34 359 46 146 299 851 1047 1112 757 434 298 582 469 665 652 588 538 555 517 155 8 29 29 54 54 120 120 166 166 166 221 221 221 221 221 221 166 166 166 120 83 83 120 120 120 83 83 54 8 284 284 284 284 284 54
29 29 29 8 8 8 8 8 128 43 42 61 8 8 8 8 8 82 82 8 53 119 165 219 8 358 83 26 260 534 820 982 915 580 381 534 650 322 662 626 584 585 548 360 167 29 29 29 54 120 166 166 166 166 221 221 8 221 221 221 221 166 166 120 120 120 120 120 83 83 54 29 8 284 284 284 284 284 120
8 29 29 29 54 54 54 29 8 8 9 10 8 29 29 29 53 82 53 119 29 82 119 219 282 358 282 222 123 306 526 798 932 692 392 573 615 286 302 707 709 609 676 506 118 83 29 29 83 120 166 166 166 221 221 221 221 221 221 221 221 166 166 166 166 120 120 120 120 83 54 29 8 284 284 284 284 284 120
54 54 54 54 82 82 82 82 82 82 29 29 29 29 29 82 82 119 165 165 8 53 119 165 282 282 219 221 287 137 300 539 894 685 341 599 671 219 813 735 634 306 679 408 220 22 29 29 54 120 166 166 166 221 221 221 120 221 221 221 221 221 166 166 120 120 120 120 83 54 54 29 8 284 284 284 284 284 120
29 29 120 120 120 120 120 120 120 120 120 119 119 119 119 119 165 165 165 219 219 29 82 165 219 219 219 222 289 463 124 302 473 655 398 558 643 291 358 829 690 601 652 647 728 245 17 29 83 120 166 166 221 221 221 166 120 221 221 221 221 221 166 166 120 120 120 120 83 29 54 29 8 284 284 284 284 284 120
120 120 120 82 120 120 120 120 120 120 120 120 165 165 165 165 165 219 219 219 282 8 53 119 165 219 219 221 366 226 10 151 325 773 614 254 617 267 329 844 754 642 255 730 729 733 145 38 83 121 166 166 221 221 120 166 166 221 221 221 221 221 166 166 120 120 120 83 54 54 29 29 284 284 284 284 284 54 54
165 165 165 165 120 165 165 165 165 165 165 165 165 165 219 219 219 219 282 282 282 358 29 119 165 219 219 220 126 231 223 697 181 336 696 316 596 709 308 433 906 722 334 693 852 784 622 425 64 120 166 166 221 166 83 166 166 221 221 221 221 221 166 166 83 120 120 29 29 29 8 8 284 284 284 284 284 54 54
165 165 165 165 165 165 53 120 165 165 165 165 219 219 219 219 282 282 282 282 358 358 8 53 165 219 165 220 60 466 712 130 97 173 270 699 246 671 249 379 1023 884 721 204 233 789 544 816 52 120 120 166 221 120 166 166 166 221 221 221 221 221 166 166 166 120 29 29 8 29 8 284 284 284 284 284 284 284 54
220 220 220 165 165 220 165 220 220 219 219 219 219 219 282 282 282 282 358 358 358 358 451 53 165 165 165 220 14 578 713 299 367 64 138 759 742 145 802 306 418 981 781 346 935 802 284 966 88 35 120 166 221 120 166 54 166 83 120 120 166 221 221 166 120 120 54 29 29 29 8 284 284 284 284 284 284 284 120
219 219 219 283 165 219 283 282 282 282 282 282 282 282 282 282 358 358 358 358 358 451 451 8 119 165 165 220 457 578 714 304 473 717 98 176 755 294 833 852 324 1011 996 993 902 825 208 1109 270 59 120 166 29 83 120 166 120 83 54 29 221 221 166 54 120 83 54 8 8 8 284 284 284 284 284 284 284 284 120
359 282 282 282 282 282 282 282 282 282 282 282 358 358 358 358 358 358 358 451 451 451 451 451 53 219 219 220 458 579 723 740 130 499 763 192 298 935 414 864 1023 280 1104 389 1071 846 201 1089 337 48 120 83 83 54 120 83 166 166 166 221 221 221 166 166 120 54 29 29 8 8 284 284 284 284 284 284 284 284 166
358 358 358 358 358 358 358 358 358 358 358 358 358 358 358 358 219 452 452 451 451 451 452 119 219 282 282 564 465 594 613 767 538 537 956 228 339 535 1051 376 890 665 350 1188 1050 947 204 1105 306 197 154 57 83 8 120 83 166 166 221 221 221 221 166 166 120 83 54 54 8 8 284 284 284 166 120 284 284 284 166
358 358 358 358 358 358 358 358 358 358 358 358 358 452 452 452 452 219 452 452 452 452 82 219 282 282 358 361 482 348 364 654 146 832 246 1045 398 462 1129 1068 412 1111 382 1208 1051 450 249 1158 318 281 239 90 54 221 120 166 166 166 166 221 221 166 166 166 166 120 120 120 54 29 284 284 83 221 284 284 284 284 166
358 358 358 358 358 358 358 358 358 452 452 452 452 452 452 452 452 282 282 452 452 452 165 219 120 165 358 366 499 131 480 806 261 317 357 499 1121 588 594 1242 1141 480 1022 1038 1038 370 385 1208 372 330 303 206 59 166 54 166 221 221 221 221 221 166 166 166 166 83 166 120 120 54 8 284 284 284 284 284 284 284 166
358 358 358 358 358 358 358 358 452 452 452 452 452 452 452 452 452 358 452 452 452 82 219 282 165 358 365 475 508 172 624 622 1009 343 387 444 1217 1199 611 813 1379 1025 444 867 1115 300 390 1204 314 321 370 160 29 8 8 166 166 166 83 166 166 166 166 166 83 166 166 166 120 54 8 284 284 284 284 285 285 284 167
358 358 358 358 358 358 358 452 452 452 452 452 452 452 452 452 452 452 452 219 53 165 219 282 165 361 481 339 80 168 251 933 311 519 395 482 1274 1274 760 822 1498 1081 695 339 919 1031 1410 613 210 399 498 188 42 29 221 166 166 166 120 166 166 166 166 166 166 166 166 166 120 54 8 120 284 284 285 285 285 285 167
358 358 358 358 358 358 358 452 452 452 452 452 452 452 165 452 452 452 452 219 29 53 219 165 226 480 505 123 565 167 249 293 1118 970 448 435 521 568 732 916 1601 1302 771 388 934 1039 1208 335 503 609 570 223 145 97 83 166 166 166 166 29 120 166 166 166 166 120 166 166 120 83 8 284 284 284 285 285 285 285 167
358 358 358 358 358 358 358 452 452 452 452 452 219 219 452 452 452 452 452 452 359 288 292 237 334 360 531 170 605 595 211 288 319 1157 1153 407 488 538 665 945 1703 1466 883 409 1120 1240 899 556 712 1381 656 319 469 75 8 166 166 166 166 166 83 166 166 166 166 83 120 166 54 83 29 284 284 284 83 285 285 285 167
358 358 358 358 358 358 358 358 452 452 452 8 53 29 82 82 219 358 120 292 303 321 355 394 505 511 175 692 729 738 320 409 440 479 588 854 854 536 643 877 1203 1491 863 461 1170 1282 1265 523 456 487 738 633 311 117 8 120 120 166 166 166 83 166 166 166 166 120 120 120 54 83 8 284 284 284 285 285 285 285 167
358 358 358 358 358 358 358 8 8 82 119 82 165 120 165 120 165 225 310 335 348 528 215 281 634 601 298 454 662 678 328 1017 402 470 552 1358 569 1454 611 836 1150 1570 911 547 715 1580 747 842 481 334 696 656 277 150 18 120 121 120 120 120 83 120 166 166 120 166 166 83 54 83 8 284 284 284 285 285 285 285 121
358 8 8 8 29 53 82 119 119 120 165 165 165 165 165 165 20 332 372 477 483 569 719 306 770 658 454 306 774 786 413 484 525 560 637 640 724 554 772 810 1036 1737 1027 750 1530 1443 786 712 531 146 541 579 170 139 47 120 120 120 120 120 83 120 120 166 166 166 166 166 120 83 284 284 284 284 285 285 285 285 121
53 53 82 82 82 120 165 165 165 165 120 29 165 219 8 18 84 149 517 542 558 409 751 349 352 783 744 359 451 857 951 520 585 641 820 854 629 1194 632 738 919 1846 1703 901 1521 412 591 232 242 119 489 492 418 104 60 129 121 83 83 83 120 54 120 120 166 166 166 120 120 54 284 284 221 284 285 285 285 285 121
29 29 120 165 165 165 165 165 219 219 165 53 221 291 241 501 167 215 661 274 316 722 284 339 401 818 756 370 455 877 520 558 573 633 727 764 1605 925 750 862 949 1112 1742 989 1089 300 527 221 561 513 473 459 230 140 184 87 83 83 83 83 29 83 120 120 120 166 120 120 83 29 284 284 284 284 285 285 285 285 121
165 165 165 165 165 219 220 219 219 167 234 247 263 345 437 187 245 272 792 402 358 982 621 396 975 944 352 433 488 529 582 631 644 705 808 901 1777 1687 775 844 885 1926 1496 909 829 341 454 554 421 436 392 374 287 83 83 83 83 54 54 29 54 83 83 120 120 166 120 120 83 29 284 284 284 284 284 83 285 285 121
165 165 219 219 219 219 282 282 283 247 357 390 483 496 197 244 748 760 297 339 975 982 372 435 967 521 474 524 548 576 625 652 791 1145 1248 1185 1894 928 1744 828 1988 2044 1246 1675 635 405 457 518 396 114 67 192 57 54 83 83 83 54 29 8 8 8 83 120 120 166 83 83 54 8 284 284 284 284 284 285 285 285 121
165 219 219 219 219 282 282 358 31 113 442 570 686 683 571 658 760 749 271 343 894 893 421 973 919 741 458 566 999 1106 743 1181 1351 849 1804 1870 1090 1595 1521 1472 908 1405 1133 1340 612 529 434 297 356 317 197 97 10 54 54 83 83 54 8 29 167 54 167 54 120 120 120 54 29 8 284 284 284 284 284 285 285 285 121
219 219 219 165 282 282 358 366 92 216 341 800 806 814 407 598 659 759 282 857 917 933 455 981 628 480 366 482 988 1016 1073 1004 865 915 943 959 1051 1152 2023 2113 1420 1429 897 1338 816 625 554 356 405 208 186 103 57 121 54 83 83 54 8 121 121 83 167 222 29 120 29 29 284 284 284 284 284 284 284 285 285 361 285
219 220 220 165 282 282 359 379 129 288 569 1119 972 568 389 541 669 656 771 801 378 471 943 491 431 835 749 416 583 1034 880 987 1267 1330 1796 1081 1161 1251 1837 1385 1901 1599 1952 1383 1044 756 688 715 448 367 275 186 129 11 29 83 83 8 121 121 121 121 167 167 167 8 83 54 285 284 284 284 284 284 284 284 285 361 361
220 220 220 220 282 359 358 477 189 318 719 1232 1044 529 775 704 668 662 657 773 942 748 739 376 707 463 724 850 1025 691 830 1137 1612 2064 1480 1184 1251 2074 1752 1186 1705 1695 1600 1179 1802 1114 733 592 482 374 436 350 255 109 19 83 83 83 83 83 83 121 121 167 167 9 12 84 284 284 284 284 284 284 284 284 285 361 361
220 220 282 220 282 359 359 21 124 285 909 1018 644 706 957 777 755 895 908 793 955 969 807 784 289 429 878 1041 1358 661 841 1143 1482 1957 1430 1866 1184 1704 2066 1720 1269 1564 1927 1836 1185 996 744 684 611 734 611 478 420 220 59 83 29 84 84 83 83 83 121 121 167 196 284 243 284 285 284 284 284 284 221 284 285 361 361
220 220 283 220 283 359 359 166 52 187 754 472 366 349 646 617 522 638 901 933 963 965 948 929 965 1045 1097 1148 1709 713 946 1069 1196 1355 1438 1121 981 1227 2259 2051 2014 2121 2082 1133 1218 811 758 701 696 818 569 392 428 339 82 66 8 54 29 84 84 83 83 121 167 219 342 86 221 284 284 284 284 284 284 284 285 285 361
220 220 283 220 283 359 359 359 359 390 544 210 360 602 595 499 187 536 651 804 964 952 927 1065 943 361 897 1365 1388 537 1079 1214 1162 1222 1756 1093 1570 941 2333 2215 2186 1287 1567 1201 966 932 859 1179 585 1128 737 524 395 369 183 209 96 66 58 56 84 84 83 121 121 112 112 276 13 284 284 284 284 166 284 284 167 285 361
220 220 283 165 283 359 165 359 359 359 366 484 508 531 547 476 198 612 642 519 625 305 297 784 1269 1292 1138 1333 396 477 634 807 1603 1561 1384 896 658 930 1864 1101 2253 2038 1219 1351 1252 1150 1231 1458 928 1268 739 645 780 314 235 206 212 159 68 44 59 12 18 98 142 116 249 180 11 8 284 284 83 284 284 284 221 285 285
220 283 283 165 283 359 359 359 359 359 359 283 291 383 397 415 208 405 448 396 397 729 387 836 826 1085 355 625 1401 502 594 704 1480 1207 1362 1123 769 1177 703 871 1114 1905 2066 1986 2013 2038 772 1076 945 808 701 963 1029 526 356 360 420 368 450 747 331 84 414 187 205 352 188 124 120 29 120 284 284 284 285 284 284 221 221
283 283 283 283 283 359 359 359 359 359 359 359 283 283 222 222 188 291 187 238 294 330 790 789 830 910 469 585 1342 1031 1069 1156 1026 855 1513 1331 677 1085 1059 1283 1347 1294 1782 1780 1616 1990 815 763 795 902 714 653 1190 853 601 557 934 888 843 142 377 533 564 418 364 436 341 154 120 83 221 284 284 284 285 284 285 167 167
283 283 283 283 283 220 359 359 359 283 359 359 283 283 283 220 220 314 185 244 326 364 426 732 393 581 353 1135 1288 1107 980 621 722 1510 1320 1078 532 900 707 816 1141 895 822 1956 1027 1950 1338 848 1709 1470 1232 962 1046 867 650 769 713 793 576 454 502 255 526 702 642 572 299 173 83 83 221 285 284 284 285 285 285 285 361
220 220 220 283 359 359 359 359 359 359 220 359 359 283 283 283 283 289 140 229 364 292 431 760 378 600 438 1043 343 636 439 527 721 1434 1067 750 665 689 397 478 550 683 757 1944 1409 2157 1585 1808 1349 1123 1091 838 985 1105 778 1015 675 1121 733 698 652 282 786 552 697 484 325 129 8 83 54 221 284 284 221 285 285 285 361
220 220 120 359 359 359 359 359 359 359 359 359 359 359 283 283 166 283 302 131 162 221 353 725 429 701 427 911 362 879 758 771 829 1490 1108 651 520 451 583 614 629 617 730 1726 1385 1900 2145 1950 1809 916 1085 1188 1233 1268 1072 1067 711 520 704 1156 953 1135 529 972 518 400 304 119 8 54 83 221 284 284 120 285 285 285 285
220 220 283 359 359 359 359 359 359 359 359 359 359 359 283 283 220 283 367 117 158 174 231 291 657 560 443 866 869 771 635 785 905 1455 749 544 405 318 538 359 838 597 1636 1672 1864 1327 1477 1483 1864 708 951 1703 1428 1247 1117 781 975 852 821 573 456 880 396 919 497 366 188 104 83 8 54 8 221 120 284 285 285 285 285
166 166 359 359 359 359 359 359 359 359 359 359 359 359 359 359 220 359 364 104 158 188 605 218 293 667 666 356 892 320 512 705 834 1431 741 563 1216 510 479 426 1441 1493 1355 1574 1827 1826 1154 1016 976 1537 700 1173 1045 1092 1150 1040 1187 770 727 579 1049 732 608 379 371 253 241 170 15 50 92 8 166 121 285 284 285 285 285
120 120 359 359 359 359 359 359 359 359 359 359 359 359 359 120 220 359 361 134 202 215 618 599 277 334 760 403 831 509 435 607 784 1477 848 615 1309 1311 736 1533 1308 1268 1238 1456 1777 1827 619 1187 1689 805 1035 1255 986 1063 945 1287 974 1093 681 639 1060 459 521 438 337 276 235 105 241 329 68 172 120 221 285 120 284 285 285
359 359 359 359 166 359 359 359 283 359 359 359 359 359 359 283 283 359 359 83 218 572 331 578 213 664 249 382 433 942 794 587 733 1485 946 673 1199 1397 1275 1782 1722 1106 1037 1186 513 1792 1555 1016 1448 1447 903 935 1067 1050 834 964 1281 931 801 703 629 536 931 305 245 173 167 75 257 541 411 205 166 221 221 166 284 284 285
359 359 359 359 220 359 359 359 283 359 359 359 359 359 359 283 359 166 359 388 238 367 633 538 626 631 264 319 881 379 513 617 715 1396 848 616 1321 1375 1565 1572 1550 1455 1373 1010 1209 1505 1541 1156 1243 728 614 954 1143 883 649 779 935 1354 918 1148 1090 637 492 623 297 261 263 327 401 574 631 375 189 83 221 120 284 284 285
359 359 359 359 166 359 359 359 166 359 166 359 359 359 359 283 220 359 359 362 216 456 698 301 642 220 779 816 340 403 478 574 643 1270 685 498 1103 1148 1299 1345 1537 1684 1431 1367 1346 1657 1360 1723 835 349 472 666 1104 899 923 773 846 994 1137 1106 1132 787 584 364 733 346 271 323 371 346 663 213 223 229 221 284 284 284 284
359 359 359 359 359 359 359 359 83 359 359 359 359 359 359 283 166 359 359 361 159 631 664 300 694 796 654 572 320 428 529 608 1148 791 596 450 373 1416 953 1088 982 466 1700 535 1185 1107 1738 1076 753 456 260 479 1084 886 868 610 742 961 1086 1107 970 715 601 429 284 617 427 423 326 431 679 353 145 177 221 83 284 284 284
359 359 359 359 359 359 359 359 359 359 359 359 359 359 359 359 359 359 359 90 522 524 277 700 649 302 241 521 677 309 510 657 1177 585 436 605 340 457 1100 1031 1359 1619 1676 1473 1633 991 1507 941 581 443 557 367 1075 905 834 535 693 1057 769 706 1115 662 1024 654 467 286 565 403 322 375 414 417 166 173 221 120 284 284 284
359 359 359 359 359 359 359 283 359 359 359 359 359 359 359 359 359 359 359 360 374 103 190 248 327 823 224 689 526 665 344 1043 688 539 384 842 445 1415 1272 1410 1609 1401 1409 1666 1688 1462 1298 2189 992 689 680 589 605 909 714 768 632 698 619 636 723 1057 1108 1162 657 391 846 794 475 441 477 239 73 62 221 166 284 284 284
83 83 359 359 359 359 359 166 359 54 359 359 359 359 359 359 359 359 359 283 46 142 203 270 324 628 245 163 664 716 791 855 1048 486 378 883 915 938 770 591 1707 534 986 565 1315 1126 1679 1500 882 817 714 827 497 499 442 394 546 559 489 572 642 618 672 1153 1090 572 481 1061 1199 902 821 462 175 155 167 166 284 221 221
359 359 359 359 359 359 359 359 359 283 359 359 359 359 359 359 359 120 283 283 66 172 559 315 704 659 295 138 634 671 200 743 795 840 447 747 770 900 962 957 1124 568 1269 989 1146 1265 1488 1454 605 351 736 810 357 395 386 292 368 465 391 498 554 1052 684 700 1158 923 784 1150 1253 1051 834 706 272 176 167 167 221 221 221
359 359 359 359 359 359 359 220 359 220 359 359 359 359 359 359 359 359 283 220 59 533 158 186 647 386 230 163 121 542 668 684 714 747 773 928 1101 370 500 642 1590 795 616 1199 1646 1486 1080 809 649 265 336 695 355 348 277 122 230 330 384 402 448 931 625 646 737 1196 1039 746 980 917 754 558 211 118 129 222 167 221 221
359 359 359 359 359 359 359 359 220 359 359 359 359 359 359 359 359 360 359 167 367 132 472 345 299 707 212 179 776 775 535 579 462 1030 860 872 902 334 488 604 1574 1038 803 1135 374 1319 812 518 280 593 226 254 593 651 648 365 225 220 230 271 409 558 539 556 699 1297 1290 862 605 898 569 382 332 362 104 222 167 221 221
360 360 283 360 360 359 359 359 359 359 359 359 359 359 359 359 359 360 360 360 360 169 32 118 244 410 575 253 626 760 124 217 303 956 1014 838 863 336 476 599 1568 1036 809 750 321 400 469 763 670 511 503 149 562 557 387 110 145 113 99 149 290 434 553 1044 689 878 970 1168 769 557 574 417 429 196 141 222 167 221 221
360 360 220 360 360 360 359 359 359 359 359 359 359 359 359 359 359 360 360 360 8 367 114 174 313 683 630 214 117 747 760 954 906 397 238 178 173 348 481 598 1560 1189 766 415 745 565 403 351 524 262 411 462 92 345 425 315 370 61 12 50 118 269 433 600 614 667 820 1267 1264 850 895 530 229 620 126 222 221 285 285
360 360 166 360 360 360 360 359 359 359 359 359 359 359 359 359 360 360 360 360 288 61 130 224 620 546 305 128 597 742 752 923 966 709 355 167 933 516 449 1500 1335 1173 639 1345 939 283 265 227 234 416 131 365 366 373 300 288 285 286 121 362 16 103 299 468 505 986 730 924 1432 1338 672 325 537 529 151 222 285 285 285
360 360 360 360 360 360 360 360 359 359 359 359 359 359 359 360 360 360 360 283 98 145 500 539 565 231 152 89 390 396 739 112 196 250 860 672 756 436 408 1243 830 485 431 975 526 272 140 363 172 125 81 290 286 286 286 222 286 285 285 285 362 227 143 292 450 610 785 947 964 1133 822 450 352 589 183 228 285 285 285
360 360 360 360 360 360 360 360 360 359 359 359 359 359 360 360 360 360 360 360 22 436 463 175 169 486 351 397 485 391 484 188 249 1069 742 449 215 308 1597 875 271 840 592 273 380 322 311 311 305 235 231 224 222 286 222 222 222 222 285 286 362 362 22 158 359 526 667 716 691 982 820 593 334 713 154 75 222 362 167
360 360 360 360 360 360 360 360 360 360 360 360 360 360 360 360 360 360 360 360 361 237 86 389 247 592 355 317 390 602 395 365 1005 446 332 178 513 344 1622 361 332 349 412 362 325 33 224 168 167 167 167 222 222 222 222 222 222 222 285 285 285 362 285 56 255 406 528 556 492 646 1024 756 387 607 476 163 81 285 221
360 360 360 360 360 360 360 360 360 360 360 360 360 360 360 360 360 360 360 360 360 360 114 110 157 600 201 315 482 606 745 923 941 155 108 84 447 357 438 266 183 199 225 79 96 122 121 121 167 167 167 167 167 222 222 222 222 222 222 285 285 362 362 167 139 281 408 314 298 405 568 862 394 720 595 489 273 287 221
360 360 360 360 360 360 360 360 360 360 360 360 360 360 360 360 360 360 360 220 284 40 107 143 574 598 555 119 586 597 739 746 896 894 1074 719 579 304 309 100 105 171 81 122 122 121 121 121 121 167 167 167 167 222 222 222 222 222 222 285 285 167 285 362 18 114 156 174 546 247 318 444 789 509 117 131 191 285 285
360 360 360 360 360 360 360 360 360 360 360 360 360 360 360 360 360 360 120 166 284 62 134 465 486 482 457 132 583 575 598 748 888 75 874 506 359 370 143 75 30 85 28 119 120 121 121 121 121 167 167 167 167 222 222 222 222 222 222 285 121 121 222 286 285 362 8 45 153 181 324 306 252 530 21 127 221 167 167
360 360 360 360 360 360 360 360 360 360 360 360 360 360 360 360 360 360 166 166 287 110 138 464 448 232 133 130 593 372 94 764 886 52 728 409 436 407 88 15 55 84 83 83 121 121 121 54 121 167 167 167 167 222 222 222 222 222 222 285 285 285 362 222 222 362 362 285 45 139 162 129 74 17 285 29 29 167 167
360 360 360 360 360 360 360 360 360 360 360 360 360 360 360 360 360 283 220 360 66 154 476 456 412 77 62 594 409 249 171 792 728 845 229 376 1427 361 100 24 83 83 83 121 121 121 121 121 167 167 167 167 222 222 222 222 121 222 222 285 285 285 362 362 285 362 362 221 362 369 20 20 226 167 285 285 285 361 362
360 360 360 360 360 360 360 360 360 360 360 360 360 360 360 360 360 283 220 360 72 174 490 449 331 139 53 21 158 259 793 591 476 73 162 1257 829 253 94 61 81 83 83 121 121 121 121 121 167 167 167 167 222 121 222 222 222 222 167 285 285 285 362 362 362 222 362 362 362 362 285 285 285 167 221 285 361 362 362
360 360 360 360 220 360 360 360 360 360 360 360 360 360 360 360 360 284 120 166 86 510 512 459 516 313 371 23 127 754 580 217 55 453 149 239 1234 607 106 94 116 121 83 121 121 121 121 167 167 167 167 167 121 121 167 222 222 222 167 285 285 285 285 362 362 362 362 362 362 362 361 361 221 285 221 285 362 362 362
360 360 360 360 284 360 360 360 360 283 283 283 360 360 360 283 360 283 166 125 401 451 196 272 161 83 374 46 108 691 400 80 566 699 283 313 660 370 160 127 116 121 121 121 121 121 121 167 167 167 8 121 121 222 222 222 222 222 222 285 222 285 285 285 362 362 362 285 285 285 361 361 285 285 221 285 362 362 362
284 284 360 360 360 360 360 360 283 283 283 283 283 283 283 283 284 120 11 53 395 116 502 526 94 595 375 61 627 642 271 579 573 589 652 587 863 311 130 81 119 121 121 121 121 121 121 167 167 167 121 167 222 222 222 222 222 222 285 222 285 285 285 285 285 362 362 285 221 361 361 285 285 285 221 167 222 285 285
284 284 360 360 360 360 360 283 283 283 283 283 283 283 283 283 166 120 132 398 395 87 129 351 308 151 124 103 644 633 137 710 578 742 321 350 257 366 14 83 121 121 121 121 121 121 167 167 54 121 167 121 222 222 222 222 222 222 285 285 285 285 285 167 285 285 362 222 362 361 285 285 285 285 221 222 222 222 222
360 360 360 360 360 360 283 283 283 283 283 283 283 283 283 284 120 8 50 397 384 391 503 193 217 212 183 168 652 391 459 460 467 581 570 993 171 121 29 83 121 121 121 121 121 167 167 167 167 121 222 222 222 222 222 222 222 285 285 285 285 285 285 285 221 362 285 167 362 361 285 285 285 285 221 222 285 362 362
284 284 360 284 360 284 283 283 283 283 283 283 283 283 283 284 166 173 74 399 370 469 241 611 290 752 296 271 693 472 287 90 256 456 1323 1076 491 269 54 83 121 121 121 121 121 167 167 167 121 83 121 222 222 222 222 222 285 285 285 285 221 221 285 285 285 362 362 362 361 361 285 285 285 285 221 222 362 362 362
360 360 360 284 360 284 283 283 283 283 283 283 283 283 284 284 285 65 421 391 222 288 229 79 647 845 298 869 651 317 122 25 464 480 938 1107 493 215 61 83 121 121 121 121 167 167 167 167 222 222 222 222 222 222 222 285 285 285 285 221 167 221 285 285 285 362 362 361 361 361 285 285 285 285 221 285 362 362 362
360 360 360 284 284 284 283 283 283 283 283 283 284 284 284 8 63 146 373 45 222 224 40 202 753 454 897 558 234 489 122 36 467 451 1006 698 196 121 83 121 121 167 167 167 167 167 167 121 222 222 29 222 167 222 222 222 285 285 167 54 285 285 285 285 285 361 361 361 361 285 285 285 285 221 221 285 362 362 363
360 360 120 221 284 284 283 283 283 283 283 284 284 284 284 8 91 467 424 115 91 63 46 610 753 343 212 164 89 12 8 123 253 894 1140 689 614 120 121 121 121 167 167 167 167 167 222 54 222 222 121 29 222 222 222 285 285 285 221 285 285 285 285 285 285 361 361 361 285 285 285 285 285 221 221 285 362 362 363
360 360 360 221 284 284 284 283 283 284 284 284 284 284 284 8 81 449 291 93 387 597 381 724 737 318 378 124 8 8 19 573 317 312 977 250 167 192 121 121 83 167 167 167 167 222 222 222 167 222 167 222 222 222 285 285 285 285 285 285 285 285 285 285 285 285 285 285 285 285 285 285 285 221 221 285 362 363 363
360 360 360 221 284 284 284 284 284 284 284 284 284 284 284 64 356 159 114 48 383 595 472 462 369 20 38 86 29 29 39 277 285 904 788 257 195 36 167 121 121 167 167 167 167 222 222 222 222 222 222 222 222 285 285 285 285 285 285 285 285 285 285 285 285 285 285 285 285 285 285 285 285 221 222 362 362 363 363
360 360 360 166 220 284 284 284 284 284 284 284 284 284 8 51 345 91 153 383 477 375 465 367 287 135 311 65 29 29 29 100 182 738 664 257 15 167 167 121 121 167 167 167 167 222 222 222 222 222 222 222 222 285 285 285 285 221 221 221 285 285 284 284 284 285 285 285 285 285 285 285 221 221 285 362 363 363 363
360 360 360 166 220 284 284 284 284 284 284 284 284 284 15 91 341 178 509 332 734 371 288 291 288 294 237 175 54 8 54 119 376 827 347 325 178 167 167 121 167 167 167 167 222 222 222 222 222 222 222 222 221 285 285 285 285 221 221 221 221 284 284 284 284 285 285 285 285 285 285 285 221 222 285 362 363 363 363
360 360 360 120 220 284 284 284 284 220 284 284 284 8 48 403 413 428 529 629 396 227 286 224 223 223 223 169 84 54 67 146 534 539 177 46 179 167 167 167 167 167 167 167 222 222 222 222 222 222 222 221 221 221 83 285 221 221 221 221 221 284 284 284 285 285 285 285 285 285 285 221 221 285 222 363 363 363 363
361 360 360 120 220 284 220 221 221 221 221 221 221 40 317 390 396 423 526 507 479 85 222 222 223 223 168 84 54 29 83 113 579 127 121 8 173 170 167 167 167 167 167 167 222 222 222 222 222 222 221 221 285 167 285 221 221 221 221 221 221 284 285 285 285 285 285 285 285 285 221 221 222 285 286 363 363 363 363
361 361 360 284 220 221 221 221 221 221 221 221 34 59 318 297 57 99 299 408 469 169 168 167 121 168 121 29 8 112 133 314 514 130 121 122 126 169 167 167 167 167 167 222 222 222 222 83 222 221 221 221 221 285 221 221 221 221 221 221 221 285 285 285 285 285 285 285 285 285 285 222 285 222 286 363 363 286 286
361 361 361 284 221 221 221 221 221 221 221 222 57 332 240 172 97 120 330 637 473 84 121 121 121 54 29 29 8 177 423 703 144 29 83 121 122 167 167 167 167 167 167 222 222 222 222 221 221 221 285 285 285 221 221 221 221 221 221 221 221 285 285 285 285 285 285 285 285 285 285 285 285 222 286 286 363 363 363
361 361 284 284 221 221 221 221 221 221 221 222 316 324 32 16 114 559 689 537 138 8 31 55 29 8 8 8 29 68 401 226 85 121 121 121 121 167 167 167 167 167 221 222 222 222 221 221 221 221 221 285 221 221 221 221 221 221 221 221 285 285 285 285 285 285 285 221 221 285 285 285 285 222 286 222 363 363 363
361 284 284 284 221 221 221 221 221 221 222 38 234 41 226 24 425 561 565 638 98 9 229 11 8 8 8 8 29 31 54 8 8 121 121 121 121 167 167 167 167 167 221 221 221 221 221 221 221 221 221 221 221 221 221 221 221 221 221 285 285 285 285 285 285 285 285 285 221 222 285 285 285 286 222 363 363 363 363
284 284 284 284 221 221 221 221 221 225 117 69 230 288 72 193 418 555 697 469 74 129 10 9 8 8 8 8 8 29 29 29 231 171 121 121 121 167 167 167 167 221 221 221 221 221 221 221 221 221 221 221 221 221 221 221 221 221 221 285 285 285 285 285 285 121 285 285 285 167 222 285 285 286 222 363 363 363 363
284 284 284 221 221 221 221 221 221 54 354 336 36 228 381 247 402 640 831 855 551 144 29 8 8 8 8 9 9 8 8 186 113 92 54 121 121 167 167 167 167 221 221 221 221 221 221 221 221 221 221 221 221 221 221 221 221 221 285 285 285 285 285 285 83 121 167 285 285 285 222 222 286 286 222 363 363 363 363
284 284 284 221 166 221 120 120 16 217 425 193 173 19 184 191 397 343 669 686 155 104 30 8 176 190 177 8 8 132 130 276 32 30 121 121 121 167 167 167 167 221 221 221 221 221 221 221 221 221 221 221 221 221 221 221 221 221 285 285 285 167 167 167 167 121 83 121 167 167 222 167 286 286 222 363 363 363 363
284 284 284 221 166 120 221 83 31 270 39 298 46 303 190 37 72 527 777 74 23 11 9 8 190 344 192 8 29 56 351 95 15 83 121 121 121 167 167 167 221 221 221 221 221 221 221 221 221 221 221 221 221 221 221 221 221 285 285 285 121 167 121 167 121 121 167 121 285 285 222 285 286 286 222 363 363 363 363
284 284 221 221 120 221 221 93 61 81 243 64 62 62 264 105 102 529 401 128 54 29 54 54 131 192 132 29 54 72 502 163 122 121 121 121 121 167 167 167 221 221 221 167 221 221 221 221 167 167 221 221 221 221 221 221 221 285 221 167 167 167 167 167 167 167 121 167 167 222 167 222 286 286 222 363 363 286 286
221 221 221 221 221 221 224 244 318 388 323 87 88 96 248 558 576 647 24 8 29 29 54 54 8 54 54 54 83 64 386 50 54 29 83 121 121 121 167 167 221 221 83 83 221 221 221 221 221 221 221 221 221 221 221 221 285 285 285 285 285 285 121 121 121 83 121 121 83 285 121 286 286 286 222 286 286 286 286
221 221 221 221 221 285 234 146 86 404 335 279 428 450 569 472 548 507 176 54 8 29 29 29 29 83 83 83 83 196 214 68 121 121 83 121 121 121 121 167 121 121 121 121 121 167 167 167 167 167 167 167 167 167 167 167 221 221 221 221 221 221 221 222 222 222 222 222 222 222 222 222 222 286 222 286 286 286 286
167 167 167 221 284 297 384 381 314 408 501 501 515 552 582 540 309 126 122 83 83 83 83 83 121 121 121 121 121 123 125 122 121 121 121 121 167 167 167 83 221 221 221 221 221 221 221 221 221 221 221 121 167 167 222 222 222 285 285 285 285 285 285 285 285 286 286 222 222 222 222 222 222 286 167 286 286 286 286
285 285 285 285 291 390 393 383 388 411 535 657 651 672 578 361 18 121 121 121 54 8 83 121 121 121 121 121 167 167 167 121 121 167 167 167 167 167 167 221 221 221 221 221 221 222 285 285 285 285 285 167 222 222 285 285 285 285 285 362 362 362 362 286 286 286 222 222 222 222 222 222 222 54 286 286 286 286 286
285 285 285 287 388 499 407 408 500 629 688 843 677 657 439 332 66 169 122 121 54 54 121 121 121 121 121 121 167 167 167 167 167 167 167 167 167 167 221 221 221 221 221 222 285 285 285 285 285 285 285 167 285 285 285 285 285 362 362 362 362 363 286 121 167 363 363 363 363 363 363 363 363 286 286 286 286 286 222
285 285 362 391 439 488 503 468 542 645 788 819 813 771 314 302 240 242 174 121 121 54 121 121 121 121 121 167 167 167 167 167 167 167 167 167 167 167 221 221 221 221 222 222 222 285 285 285 285 285 285 167 285 285 285 285 285 362 362 362 363 363 286 121 167 363 363 363 363 363 363 363 363 286 286 286 286 222 222
