---
Wind at BL Top Direction [deg] Valid 1700 NZST ~Z75~(0500Z)~Z~ TUE 6 Jan 2026 ~Z75~[77hrFcst@2119z]~Z~
Model= RASP Region= NZ Grid= d1 Reskm= 6.0 Indexs= 1 79 1 99 Proj= lambert 6000 6000 -35.0000 -42.0000 176.0000 -38.5000 176.0000
Day= 2026 1 6 TUE ValidLST= 1700 NZST ValidZ= 500 Fcst= 77.0 Init= 70 Param= bltopwind Direction Unit= m/sec Mult= 1 Min= 0 Max= 360
55 45 35 25 12 9 358 351 344 336 330 326 325 324 325 325 328 339 344 344 342 341 343 342 344 339 335 336 331 324 310 306 309 314 307 297 307 320 17 46 54 48 31 28 26 25 25 24 24 24 23 22 22 21 21 21 21 21 22 22 23 23 23 23 23 25 24 23 22 21 20 19 19 19 19 19 18 18 17
49 43 27 17 10 1 353 344 336 329 324 321 321 319 321 321 329 334 340 341 344 345 345 354 344 344 340 337 334 327 316 310 307 307 304 303 302 319 342 3 58 38 30 25 23 21 21 20 20 20 19 19 19 19 20 20 20 21 21 22 23 24 24 24 24 26 25 24 23 22 21 20 20 20 20 19 19 18 18
28 6 2 352 346 342 339 333 325 320 318 317 316 314 319 316 327 331 336 337 339 344 347 356 342 343 342 338 335 328 319 310 301 293 292 297 302 314 323 329 341 13 20 18 16 15 15 15 16 16 15 15 16 17 17 18 19 19 20 21 22 23 25 25 25 26 25 25 25 24 23 22 21 21 20 20 19 19 18
357 343 342 330 326 325 325 322 318 315 312 313 314 319 320 324 326 329 333 334 334 336 341 342 339 335 338 338 334 325 316 311 303 295 293 300 306 311 312 312 315 321 342 2 9 9 9 10 11 11 11 11 12 13 14 15 16 17 18 19 20 21 22 23 24 24 25 26 27 27 26 25 23 21 20 20 20 19 19
323 329 324 318 314 314 316 316 318 315 312 314 317 318 321 327 328 328 330 330 330 330 331 337 341 328 332 336 332 324 315 310 301 294 294 302 307 311 309 311 308 308 306 340 9 9 8 10 11 10 10 10 11 12 14 15 16 17 17 17 19 20 21 22 22 23 24 26 27 28 28 27 25 23 21 20 20 20 19
313 319 316 315 313 314 315 316 318 314 314 315 319 320 324 327 327 327 328 328 327 327 327 330 333 331 325 330 329 325 318 311 301 296 300 307 310 312 311 311 311 310 304 323 16 13 12 14 15 14 14 14 14 15 16 18 18 19 18 19 20 21 22 22 22 23 23 24 26 27 28 27 25 24 23 22 21 20 20
316 314 312 312 311 312 313 315 318 311 316 318 321 323 308 308 326 326 326 324 323 321 322 321 324 322 317 316 322 318 312 305 297 295 299 303 305 307 306 305 306 304 303 305 1 11 11 13 15 14 14 14 14 16 17 18 19 18 19 19 20 21 21 22 23 23 23 24 25 26 27 26 25 24 23 23 21 21 20
311 310 310 310 310 310 311 314 306 305 305 306 323 307 307 308 308 324 324 321 319 317 317 317 318 316 333 307 307 304 299 296 293 294 298 302 303 303 302 302 302 301 300 303 348 15 15 15 16 17 16 16 17 18 19 20 21 20 20 20 21 21 21 22 23 24 24 25 25 25 24 24 24 24 24 23 22 21 21
307 307 307 308 308 308 310 316 304 304 304 305 305 306 306 307 307 307 321 318 315 314 312 312 309 308 309 296 290 281 279 285 288 289 293 297 297 298 299 300 298 296 296 300 306 13 17 16 17 17 17 17 17 18 19 21 22 21 21 21 21 22 22 22 23 24 25 26 26 25 24 22 22 23 23 24 23 21 21
303 303 304 305 305 306 308 315 302 303 304 304 304 305 305 305 306 305 318 315 313 311 309 307 305 304 298 303 283 275 269 274 282 287 290 292 295 298 300 300 298 295 295 298 304 357 21 19 19 19 19 19 19 19 20 22 23 23 22 22 22 23 23 23 23 24 26 27 28 26 24 22 21 22 23 23 23 22 22
298 300 301 302 303 305 306 311 301 302 302 303 303 304 304 304 304 304 316 312 310 308 306 304 300 299 292 292 283 276 269 268 275 284 287 289 293 297 299 298 296 293 293 296 302 314 22 21 20 20 20 20 20 20 21 21 23 24 24 23 23 23 24 24 24 24 25 28 29 27 24 22 21 21 22 23 23 22 22
295 297 298 300 301 303 305 307 313 316 301 301 302 302 302 302 302 302 314 310 308 306 303 301 298 295 289 285 281 275 270 269 271 279 286 288 292 295 296 296 295 293 292 293 300 299 19 22 21 22 22 22 21 22 22 22 23 24 24 24 24 24 25 26 25 25 25 27 28 27 25 23 22 22 22 23 23 22 22
293 295 296 298 300 302 304 305 309 313 314 300 300 301 301 301 301 300 311 309 305 303 300 298 295 292 288 284 278 274 270 268 270 275 283 288 290 292 292 292 292 292 290 291 296 301 6 24 22 23 24 23 22 23 23 23 23 23 24 24 24 25 26 27 27 27 27 27 26 25 24 23 23 23 23 23 23 23 22
291 293 294 296 298 301 304 304 306 309 312 313 299 299 299 299 299 299 307 305 302 300 297 295 293 290 288 283 279 277 275 273 272 276 281 285 287 288 287 286 286 286 288 291 301 308 351 20 23 23 25 24 23 24 24 24 24 24 24 24 25 26 26 27 28 29 29 28 26 24 23 22 23 24 24 24 23 23 23
289 291 293 295 298 300 301 304 305 309 310 297 298 298 298 298 297 297 304 302 299 297 295 293 291 289 287 284 281 278 276 274 273 274 278 281 286 286 283 278 277 277 283 291 307 301 7 25 26 23 25 25 24 25 24 24 24 24 24 25 25 27 27 28 28 29 30 29 27 25 24 23 23 24 25 25 24 23 23
286 288 290 292 295 298 299 302 303 305 308 296 296 297 297 296 296 295 302 299 297 295 292 291 289 288 287 284 282 279 276 275 274 274 276 280 285 286 278 269 268 270 279 288 297 288 25 28 25 24 24 26 27 27 25 23 23 24 25 25 26 27 28 29 29 29 29 28 27 26 25 25 25 25 25 25 24 24 23
284 286 288 290 292 294 296 298 300 303 305 307 295 295 295 295 294 294 300 296 295 293 291 289 288 287 286 285 283 280 278 278 278 279 279 282 284 285 281 268 263 267 275 280 280 272 16 31 27 27 23 27 26 25 25 24 23 24 25 26 27 28 28 29 30 30 29 27 26 25 25 26 26 26 26 25 25 24 23
282 284 286 288 290 292 294 296 297 300 302 303 304 304 304 302 300 299 296 294 292 291 289 288 287 286 285 285 282 280 279 279 280 282 283 283 282 279 288 280 272 273 277 276 279 265 6 11 30 33 23 28 26 25 26 26 24 25 26 27 28 28 29 29 30 29 28 26 25 25 25 26 27 27 27 26 26 25 24
281 282 284 287 289 291 293 294 296 297 299 299 299 299 299 298 296 296 294 292 291 289 288 287 285 285 283 283 280 279 277 277 278 281 281 279 273 276 284 294 288 282 277 282 292 300 348 348 16 30 28 28 26 26 27 28 26 26 27 27 29 29 30 30 30 28 27 26 25 25 25 25 26 27 28 27 27 26 25
280 281 283 286 288 289 291 293 294 295 296 296 296 296 295 295 294 292 291 290 289 288 287 285 284 283 281 280 278 278 279 278 279 280 280 278 272 282 286 298 300 293 271 255 231 207 324 342 2 42 35 27 26 27 30 30 29 28 28 29 29 30 31 31 30 29 27 26 25 25 25 26 26 27 27 28 27 27 25
279 280 282 284 286 288 290 291 293 294 295 295 295 295 294 293 292 291 290 289 288 287 285 284 283 281 280 278 278 278 279 281 281 280 278 279 286 281 288 296 307 320 56 86 45 30 348 3 3 31 41 30 29 27 26 31 31 30 30 30 31 31 31 31 30 29 27 26 25 25 26 26 27 27 27 28 28 28 26
278 279 281 283 285 287 289 290 291 293 293 294 294 293 292 290 289 289 289 288 287 286 284 283 282 281 279 278 277 277 277 279 284 284 283 286 290 297 286 292 308 10 67 68 45 156 203 13 17 24 33 28 32 29 26 35 34 32 32 32 32 32 32 31 30 28 26 26 25 25 26 26 27 27 27 28 29 28 27
277 279 280 282 284 286 287 289 290 291 292 292 292 291 290 289 288 288 288 287 286 285 284 283 282 281 279 277 277 275 275 276 278 281 281 284 285 293 273 278 270 240 97 157 210 163 30 18 20 18 32 31 30 29 27 28 35 34 34 33 33 33 32 32 31 29 27 25 25 25 25 26 26 27 28 29 29 29 28
277 278 280 282 283 285 287 288 289 290 291 291 291 290 288 287 286 287 289 287 285 285 284 284 284 282 279 275 275 271 272 274 274 276 279 293 279 279 245 263 235 223 151 107 43 0 2 14 16 24 28 36 27 27 28 29 36 36 36 36 34 34 33 32 31 30 28 26 25 25 25 26 26 26 27 29 30 30 28
276 277 279 281 283 284 286 287 288 290 290 290 290 288 287 285 285 286 286 286 285 284 286 287 287 285 281 277 273 273 272 272 270 274 275 275 271 262 229 257 233 225 196 176 346 1 358 24 18 24 29 39 33 31 36 41 39 38 38 38 37 35 34 33 31 30 29 27 26 26 26 26 26 26 27 29 30 30 29
275 277 278 280 282 284 285 287 288 289 290 290 289 287 285 283 283 284 284 283 284 283 283 284 285 283 284 285 284 284 283 285 277 271 277 275 269 256 228 248 229 234 256 278 357 17 5 7 17 28 35 44 47 33 38 40 42 41 40 40 39 37 35 33 32 30 29 28 27 27 26 26 26 26 27 28 30 30 30
274 276 277 279 281 283 285 287 289 290 290 290 288 285 283 282 282 282 282 281 281 280 279 277 276 278 281 286 276 255 241 260 276 269 271 295 249 265 235 246 233 224 283 282 357 345 315 341 8 24 31 42 47 38 42 45 46 45 42 41 40 39 37 35 33 31 30 29 28 27 27 26 26 26 27 28 30 30 30
273 275 276 278 280 282 285 287 289 290 291 290 288 284 281 279 280 279 278 278 279 279 277 274 276 277 278 270 273 250 247 278 274 268 282 300 230 267 239 236 259 262 260 273 335 345 342 17 35 34 36 41 44 41 50 49 51 49 46 43 41 40 38 36 34 32 30 29 28 28 27 27 26 26 26 28 30 30 30
272 273 275 276 279 281 284 287 289 292 292 291 287 281 276 278 276 274 274 275 277 278 278 278 281 282 277 276 259 234 225 250 275 248 246 232 244 335 321 303 248 248 256 3 30 4 8 53 62 58 53 50 45 64 58 58 54 51 48 45 43 41 39 38 35 33 32 31 30 28 28 27 26 26 26 28 30 30 30
271 272 273 275 277 280 283 287 290 294 294 292 290 287 285 280 275 271 272 275 279 285 290 284 279 286 283 244 247 237 227 249 255 239 234 292 5 312 288 266 246 244 268 327 20 20 39 62 71 68 61 56 50 79 65 60 57 54 51 48 45 43 41 39 37 34 33 32 31 30 29 28 27 26 26 28 29 30 30
270 271 272 274 276 279 283 288 292 297 295 296 292 288 281 277 274 272 276 285 292 296 298 292 294 303 296 268 222 230 207 242 249 272 233 301 217 220 230 235 235 236 250 241 309 27 13 49 78 78 69 65 70 84 67 65 61 59 55 52 49 46 44 41 38 35 34 33 32 31 30 30 28 27 26 28 29 30 30
269 270 271 272 275 278 283 287 294 296 299 298 292 284 276 267 267 272 288 299 303 304 299 304 312 320 292 301 287 232 183 200 231 228 248 239 244 254 262 262 259 258 195 232 356 32 37 38 38 38 47 61 111 89 73 71 68 64 61 57 52 48 46 43 39 36 34 33 32 31 31 30 30 28 27 28 28 29 29
267 268 269 270 272 275 280 284 289 296 302 299 292 285 278 268 299 264 315 314 312 316 303 301 313 318 287 296 304 299 256 219 253 254 256 266 259 257 271 266 247 241 214 241 236 16 9 41 53 57 55 81 122 108 81 76 75 70 64 59 54 49 44 42 40 38 34 32 31 31 31 31 30 29 28 28 28 28 29
266 267 267 268 269 272 274 279 286 292 301 300 300 29 31 24 336 300 288 288 290 289 286 284 291 295 282 283 279 285 283 279 281 285 269 231 262 262 266 260 221 223 225 237 235 2 24 22 52 59 94 104 102 130 107 84 80 75 68 62 55 50 44 41 40 38 35 33 31 31 31 31 30 29 29 28 27 28 28
264 265 265 266 266 268 268 268 269 271 272 279 293 288 297 303 307 304 293 278 264 264 262 264 272 277 282 277 277 274 297 271 267 271 259 248 244 260 270 269 235 224 219 226 231 224 88 35 58 62 51 112 88 115 98 93 81 74 74 66 59 52 46 40 38 38 34 32 31 30 31 31 31 30 29 28 27 27 28
263 264 264 263 264 263 263 257 250 246 242 255 262 278 293 302 307 308 305 298 287 279 278 276 273 265 260 269 248 262 262 255 257 270 265 263 247 258 261 265 202 208 218 226 233 223 250 59 70 40 341 56 87 108 115 94 85 80 71 74 66 59 51 44 38 29 32 22 29 30 30 31 31 30 29 28 26 26 27
262 262 262 261 261 260 258 252 246 238 238 250 262 272 284 290 297 298 297 293 287 283 280 276 276 272 261 266 254 229 230 242 247 272 272 265 121 241 249 257 255 229 249 244 233 233 251 295 306 133 185 90 85 115 133 106 91 86 78 72 64 70 63 53 43 37 27 26 27 28 29 30 31 31 29 27 26 26 27
261 261 260 259 258 258 255 250 245 237 238 244 254 265 274 282 289 291 292 288 283 279 277 278 270 269 269 264 263 244 232 230 230 256 255 262 233 246 266 265 272 182 228 236 248 266 264 267 208 178 180 35 87 111 122 114 103 92 86 78 71 61 52 42 55 41 28 25 27 27 28 29 31 31 30 27 25 26 27
259 259 259 257 256 256 253 250 247 243 243 246 252 260 267 274 280 286 287 286 283 281 278 276 273 271 272 273 264 252 233 233 233 249 250 250 265 278 280 270 275 275 213 228 234 244 250 244 237 181 313 35 88 106 118 121 108 94 85 62 59 49 43 37 31 26 27 30 28 27 26 28 31 34 30 27 25 25 26
258 258 257 255 255 254 253 250 247 247 246 249 253 256 260 265 271 277 280 281 282 284 283 277 272 272 275 274 264 257 244 247 249 250 253 253 247 265 277 278 263 281 286 242 218 228 244 257 232 147 99 130 130 127 117 88 119 32 33 39 32 38 31 30 26 20 27 27 28 27 26 27 30 20 32 27 25 25 26
256 256 255 254 253 253 252 250 248 247 248 250 252 256 259 262 265 268 273 277 281 284 284 278 272 271 274 271 265 258 251 250 251 247 245 244 231 227 262 264 266 269 278 276 251 258 275 257 150 88 86 108 114 109 90 35 21 23 34 32 29 28 30 29 27 21 13 25 27 27 26 27 29 20 31 27 25 25 26
255 255 254 252 252 252 251 249 248 247 247 249 251 254 256 259 260 261 266 271 275 278 279 275 272 271 273 270 265 263 262 261 259 252 248 242 252 224 234 274 282 277 271 280 286 281 293 228 210 119 128 117 110 90 58 39 35 28 27 29 30 30 31 31 30 23 10 23 26 27 26 27 30 20 20 30 25 25 26
254 253 252 250 250 250 250 249 247 247 247 248 249 251 254 256 257 256 258 263 266 268 270 271 270 269 269 268 266 263 262 262 263 263 258 252 249 253 252 265 266 254 266 310 332 326 342 333 248 221 141 130 116 79 37 25 29 26 27 29 31 32 33 34 34 25 10 21 27 28 26 27 21 21 20 20 26 25 26
252 252 250 249 248 249 248 247 246 246 246 246 247 248 250 252 253 253 252 256 259 259 260 265 268 267 263 263 262 256 250 252 258 262 268 269 282 251 243 274 268 270 293 313 332 328 322 317 301 289 263 143 122 10 352 343 360 22 27 28 31 33 38 39 37 25 6 10 25 28 27 27 22 22 21 20 19 25 26
250 250 249 247 246 247 247 246 245 244 244 244 245 246 247 249 250 250 249 253 257 258 257 260 264 265 262 260 260 256 250 251 258 271 275 265 257 258 264 244 270 285 300 313 328 281 305 326 303 277 319 323 327 344 337 331 319 5 24 21 23 27 37 45 40 25 2 356 21 29 26 26 27 23 21 20 19 25 26
249 248 247 245 244 245 245 244 242 242 242 242 242 243 244 246 246 246 244 249 256 259 257 256 259 263 263 264 263 257 251 255 266 279 271 266 260 250 263 231 279 281 301 306 275 265 266 268 360 355 346 343 348 355 346 336 313 321 8 23 24 17 25 41 44 32 8 6 12 15 18 24 26 23 23 21 19 25 26
247 246 245 243 242 242 242 241 240 239 239 239 239 240 241 243 243 243 241 244 253 257 255 254 256 258 260 261 261 255 248 248 263 266 271 268 265 259 275 253 253 248 291 303 283 276 275 317 1 2 351 349 352 355 353 337 316 303 319 335 7 18 30 38 47 46 31 24 19 16 20 17 24 28 23 21 19 25 26
245 244 243 241 240 240 240 239 238 237 236 236 237 238 239 240 240 239 237 235 245 256 256 252 250 249 252 252 253 250 239 236 258 265 282 295 283 268 246 259 267 271 259 289 304 307 286 355 355 346 345 348 347 356 356 345 335 314 309 325 336 33 59 52 57 66 61 49 33 21 18 16 23 27 29 21 19 24 26
242 242 241 238 237 237 237 237 236 235 234 234 234 235 236 236 237 235 233 227 237 254 258 252 247 246 248 247 249 249 242 234 252 279 308 320 269 244 237 233 211 238 257 262 259 266 262 360 4 354 349 347 346 4 359 350 335 323 323 324 328 28 79 86 90 88 77 69 48 30 22 20 19 27 29 28 25 24 26
240 240 238 236 235 235 234 234 233 232 231 231 231 232 233 234 234 231 227 220 225 243 255 251 250 249 246 245 248 252 244 237 240 256 9 348 253 243 235 238 242 239 249 258 276 258 252 309 338 355 351 348 347 7 2 353 336 326 325 329 327 327 18 74 71 60 56 48 42 32 28 26 24 22 30 28 25 24 26
237 237 236 234 232 232 232 231 230 230 229 229 229 230 231 231 231 228 223 216 217 229 248 264 270 264 259 252 251 249 251 252 251 261 310 297 275 257 240 242 241 255 248 240 232 235 325 345 341 352 351 349 345 353 354 349 340 324 326 325 324 323 326 326 87 53 48 48 47 36 31 26 27 24 31 29 25 24 26
235 235 233 231 229 229 228 228 227 227 227 227 228 228 229 228 228 225 221 215 216 227 249 262 248 246 250 251 253 255 255 263 268 268 265 262 258 256 245 249 251 262 273 248 234 227 320 341 339 342 339 341 343 345 349 346 340 330 332 331 325 320 323 319 316 334 42 47 48 42 36 29 29 26 33 30 26 25 26
232 232 230 228 226 226 225 224 224 224 225 225 226 227 227 226 226 223 219 217 216 227 244 251 248 246 237 230 237 240 245 252 257 255 249 241 236 238 244 254 259 261 273 267 257 290 322 335 340 337 336 342 342 344 346 346 346 337 334 332 329 328 331 323 317 320 318 30 37 40 37 29 29 27 34 30 26 24 25
228 228 227 224 223 223 222 221 220 221 222 224 225 225 225 225 224 222 218 217 216 225 235 243 251 252 248 237 225 226 232 241 257 270 270 245 225 230 243 249 244 254 273 293 300 322 311 322 333 330 336 343 349 346 342 347 349 340 335 336 334 332 332 324 318 323 325 317 34 41 39 31 29 28 34 30 25 24 25
225 225 223 221 219 219 218 218 217 218 220 222 224 224 224 223 222 220 216 214 213 219 226 235 252 256 253 241 230 226 227 237 256 273 278 270 249 228 236 253 227 245 282 324 321 333 313 321 326 330 336 350 353 352 348 350 350 345 340 340 335 332 330 325 323 324 327 318 55 53 44 34 31 38 33 29 25 23 24
221 221 219 217 215 216 215 214 215 216 218 220 222 222 222 221 220 219 215 213 212 215 222 234 263 265 257 245 237 232 229 237 250 263 270 271 262 239 249 257 229 236 270 347 345 329 313 314 320 330 344 349 349 350 349 347 353 351 345 341 336 331 327 327 327 327 323 319 337 65 41 33 31 35 25 28 23 21 22
217 217 215 213 211 211 211 212 213 214 216 218 219 220 220 220 218 218 214 212 213 215 217 234 259 261 257 245 237 236 233 237 244 251 264 301 290 289 291 283 254 237 273 6 355 341 320 314 320 336 346 348 346 344 341 348 353 351 346 344 340 332 327 332 337 327 315 306 298 295 18 35 33 29 23 26 22 20 21
213 213 210 209 207 206 208 210 212 213 214 215 217 217 218 218 217 216 214 212 213 216 217 226 237 251 258 245 229 231 228 229 245 261 275 285 288 296 295 285 268 256 292 345 349 339 321 319 324 332 342 346 347 344 344 349 348 347 346 348 348 335 331 332 329 310 306 303 303 278 289 19 34 37 21 24 20 18 19
209 209 206 206 201 202 206 208 210 211 212 213 214 215 216 216 216 215 213 212 212 215 219 225 227 233 247 239 220 223 226 242 267 286 264 269 301 314 288 273 286 290 297 311 332 334 328 324 328 329 334 342 345 344 345 352 351 349 349 350 353 348 334 326 313 303 308 304 301 276 275 333 12 25 17 21 17 16 17
204 205 202 203 196 199 203 206 208 209 209 210 211 212 213 214 214 213 212 210 209 212 217 221 223 227 238 252 233 236 255 268 287 309 243 255 331 312 270 312 317 308 305 309 320 330 330 328 328 329 333 336 339 342 350 350 351 351 352 353 353 354 341 324 316 311 304 296 289 278 291 322 349 11 11 16 14 12 14
200 201 198 199 192 196 200 203 205 207 207 207 208 210 211 212 213 211 210 207 204 210 214 217 223 232 243 257 249 230 231 284 329 330 329 351 346 292 303 349 337 319 310 312 320 327 328 330 330 329 332 334 342 347 348 348 347 349 352 355 355 356 351 338 328 321 312 300 283 278 289 299 319 341 1 4 9 8 11
196 196 194 196 188 193 197 200 202 203 204 204 206 208 209 210 211 209 207 205 203 205 213 220 228 239 249 250 248 229 211 359 13 338 325 312 307 279 325 352 344 330 317 316 318 325 329 330 330 333 334 338 343 348 350 348 347 346 347 352 357 359 357 352 344 326 315 299 291 290 297 295 311 327 338 357 3 4 8
192 193 191 194 183 190 194 197 199 200 201 202 203 205 207 208 209 207 205 204 204 206 211 216 240 250 252 254 251 239 241 260 342 326 304 285 308 336 324 343 343 332 323 319 321 327 329 333 334 335 336 340 345 349 349 348 347 348 350 353 357 1 357 352 352 330 302 274 277 292 299 294 313 320 338 351 358 1 5
189 189 188 192 178 188 191 194 196 197 198 199 201 203 205 206 206 205 204 204 205 206 217 225 237 245 251 250 249 247 251 258 280 305 279 230 258 322 328 341 342 336 330 326 327 331 334 336 337 338 339 342 346 349 349 349 349 349 352 355 358 359 357 352 0 325 291 268 264 276 290 293 306 314 339 347 354 359 4
185 186 185 190 175 186 188 191 193 194 196 197 199 201 203 204 204 204 203 203 205 205 214 226 233 241 243 242 241 244 254 275 290 302 243 220 263 312 344 350 346 341 340 335 334 335 337 338 340 341 342 343 346 348 349 350 351 353 355 357 358 359 356 349 342 276 274 287 287 265 295 300 304 316 336 345 352 358 3
182 183 183 189 172 183 185 188 190 192 194 195 197 199 201 202 202 202 202 201 203 205 214 223 231 237 237 233 233 244 276 342 301 260 240 238 258 314 359 356 350 346 344 342 339 336 338 340 341 342 344 345 346 347 348 351 353 355 357 359 360 359 356 351 339 325 320 316 299 299 302 300 304 318 331 345 352 358 4
179 180 181 188 170 181 182 185 187 189 191 194 196 198 200 200 200 200 200 198 199 209 217 224 230 233 232 222 214 334 29 106 218 237 263 244 248 323 357 354 347 346 345 344 341 339 340 341 342 344 345 346 347 347 349 352 354 357 359 1 1 360 356 349 342 333 324 316 308 304 302 304 312 325 333 350 354 359 4
176 178 179 187 169 179 179 182 185 187 190 193 195 197 198 198 198 198 197 194 195 212 224 228 230 229 227 212 198 19 26 212 218 271 290 241 263 334 354 352 347 346 345 344 342 341 341 342 342 343 345 346 347 347 350 353 357 360 2 3 3 360 356 353 347 338 332 332 327 320 320 322 327 334 341 354 356 1 6
173 175 177 184 168 176 177 180 183 186 189 191 194 195 196 196 196 194 193 191 192 212 228 232 233 230 224 213 208 11 286 257 274 296 300 251 274 333 354 351 347 345 344 343 342 340 341 341 342 344 346 347 348 349 352 355 359 2 5 6 5 1 358 354 350 347 342 336 333 335 335 337 340 344 351 359 0 5 9
170 173 176 182 167 175 176 178 182 184 187 190 192 193 194 194 193 191 190 189 195 212 231 235 235 230 223 218 213 304 273 302 309 307 304 263 277 329 347 348 345 345 344 343 342 341 341 341 341 343 345 347 349 352 354 357 360 3 6 7 7 4 1 358 356 353 349 346 343 341 342 345 349 356 2 6 6 10 12
167 171 174 181 166 174 175 178 181 183 186 188 190 191 192 191 190 188 188 189 200 219 233 240 236 231 223 218 224 246 296 324 321 317 301 269 293 329 344 345 345 346 345 344 343 341 342 342 342 344 346 348 351 355 357 359 1 3 5 7 8 7 5 3 2 1 358 354 351 351 352 355 1 6 10 14 12 15 17
165 168 172 180 166 173 175 177 180 182 184 186 188 189 190 189 188 187 187 190 203 219 237 245 236 236 226 221 240 288 324 326 329 321 304 293 312 334 342 344 345 346 346 345 344 342 342 342 343 345 347 350 354 358 0 2 3 3 5 7 8 8 7 7 8 7 4 2 2 0 360 2 9 15 19 20 18 21 22
162 166 170 179 166 173 174 176 178 180 181 183 186 187 188 187 186 186 188 193 203 218 226 230 226 232 232 238 251 328 317 333 332 326 285 283 331 340 346 346 347 346 346 346 344 343 342 342 344 346 349 353 357 0 3 4 5 6 6 7 8 9 10 10 11 11 11 11 11 11 10 12 18 23 26 25 25 27 26
160 164 168 177 166 172 173 175 176 177 179 181 183 185 186 186 186 185 188 200 209 216 217 219 231 263 254 256 341 1 341 336 338 323 262 312 338 351 350 348 347 347 346 346 345 344 344 344 346 348 351 356 360 3 5 7 8 9 9 9 10 12 13 13 14 15 16 18 20 20 18 20 26 31 32 30 30 32 31
157 162 166 174 166 171 171 172 174 175 177 179 182 184 185 185 184 186 195 206 205 214 217 221 237 285 229 278 304 351 343 339 334 311 295 326 337 351 350 349 347 347 346 347 347 347 346 347 348 350 354 359 3 6 8 9 11 13 13 13 14 15 17 18 18 20 22 25 27 28 27 28 33 37 35 34 35 36 35
155 160 164 171 165 169 169 170 171 173 175 178 180 182 183 183 182 187 203 216 207 215 206 262 264 294 271 275 302 342 340 336 350 286 309 324 330 345 351 349 347 347 348 349 349 349 348 349 351 354 358 3 7 9 10 11 13 16 17 17 18 19 21 22 23 25 27 30 33 34 34 36 39 41 39 37 39 40 39
153 158 162 169 163 167 167 168 169 171 174 177 178 179 179 178 179 200 206 210 209 215 224 305 272 287 301 307 321 337 338 334 353 311 327 330 327 347 351 349 348 349 350 351 351 351 352 353 355 359 3 7 10 12 13 14 16 18 19 21 22 24 26 28 29 30 32 34 36 38 40 42 44 44 42 40 42 43 42
152 156 161 165 162 165 165 166 168 171 173 175 176 177 176 175 176 202 211 214 218 197 333 271 342 337 328 330 334 335 339 337 353 330 345 340 331 346 351 350 350 351 353 354 353 354 355 357 0 4 8 11 13 15 16 18 19 20 22 24 26 29 32 35 37 38 38 38 39 40 42 44 46 46 45 44 45 46 46
151 154 158 162 160 163 163 164 167 169 172 174 175 175 174 176 177 203 157 59 314 274 250 323 357 360 342 340 336 339 343 347 345 334 340 341 344 351 353 352 352 355 356 356 356 357 359 2 6 10 13 15 16 17 19 21 23 24 26 28 31 35 38 41 44 46 46 45 44 43 43 44 46 47 46 46 47 49 48
149 152 156 160 158 161 162 163 165 168 171 173 174 175 176 177 185 125 117 158 22 254 335 356 351 354 352 343 341 339 342 350 344 328 339 343 356 358 357 355 357 360 1 1 0 1 3 7 12 16 18 19 19 20 21 24 26 28 31 33 37 40 44 47 50 52 52 52 51 49 47 45 45 46 46 47 49 51 51
149 151 154 157 156 160 160 161 163 166 169 172 174 175 175 179 189 121 185 351 345 18 5 359 357 358 353 344 341 337 333 335 344 322 340 344 356 360 359 359 2 5 5 5 5 6 9 13 17 21 23 23 23 24 25 27 29 32 35 38 42 46 50 53 55 56 56 55 54 53 52 49 47 47 47 48 51 53 53
148 150 153 155 154 158 158 159 162 165 169 171 173 175 176 185 188 175 283 315 264 10 3 0 359 357 353 348 344 336 328 354 336 332 349 342 356 2 1 4 7 9 10 10 11 13 16 20 23 25 27 29 29 29 29 31 33 36 40 43 46 50 53 57 59 60 58 56 55 55 54 51 49 48 48 49 53 55 55
148 150 152 153 153 156 157 158 161 165 168 170 172 172 172 178 162 241 246 311 339 6 4 2 3 1 359 354 346 336 334 5 335 347 1 355 1 6 7 9 12 14 15 16 18 21 24 26 28 30 32 34 35 36 35 36 38 42 45 48 51 54 56 59 61 62 61 58 56 55 54 51 50 49 49 51 54 56 57
148 150 151 152 152 155 155 157 161 164 166 167 168 172 174 156 161 179 18 30 16 11 7 7 6 4 3 1 350 344 10 355 6 10 10 13 13 13 13 15 16 19 21 23 26 29 31 33 35 36 38 39 41 42 43 43 45 48 51 54 57 59 60 62 63 63 62 59 57 55 53 50 49 49 50 52 56 58 58
148 149 150 150 151 153 154 157 160 162 163 164 170 172 168 157 191 186 3 36 21 17 10 8 8 8 11 11 5 20 7 34 26 18 19 19 19 20 21 21 21 23 27 31 34 36 38 40 42 44 45 45 47 48 49 50 51 53 55 58 61 62 64 64 64 63 61 58 56 54 52 49 48 49 51 55 58 60 60
148 149 149 149 150 152 154 156 159 160 160 161 164 162 147 156 220 254 160 44 24 20 13 8 11 14 19 24 26 28 20 22 23 27 26 26 27 27 28 29 29 30 34 38 41 43 45 47 49 50 51 52 53 55 56 57 57 58 60 62 63 64 64 65 64 63 60 57 55 54 52 48 47 49 52 57 60 62 62
148 148 148 147 149 151 153 155 156 157 158 158 132 106 182 189 201 47 332 45 30 21 16 6 15 21 28 34 41 47 38 35 30 31 32 31 33 34 35 37 38 39 42 45 49 51 54 55 56 56 56 58 59 61 62 63 64 64 65 65 65 65 65 64 64 62 60 57 55 54 52 49 47 49 52 59 63 65 65
148 148 147 146 148 150 152 153 154 155 158 159 106 136 179 190 92 71 355 51 34 19 22 8 18 32 38 47 53 58 57 45 35 34 35 36 37 40 43 45 47 49 51 54 57 59 60 61 61 62 62 63 64 66 68 69 69 69 68 67 67 67 67 66 64 62 59 56 55 54 53 50 49 50 54 62 65 67 67
148 148 147 146 147 150 151 152 154 153 128 108 133 146 67 86 101 129 129 143 70 19 11 13 24 43 48 61 60 56 55 53 42 38 38 40 41 45 47 50 53 55 57 59 61 63 65 66 67 68 69 70 71 71 72 73 72 71 70 69 68 68 68 67 65 62 59 56 55 55 55 53 52 53 57 64 68 70 70
148 148 146 146 148 149 151 153 153 149 90 84 148 105 92 102 115 90 76 86 49 22 9 10 29 38 42 34 59 48 52 55 47 48 43 46 47 49 51 54 56 58 60 63 65 68 70 72 73 74 75 76 76 76 75 75 74 73 72 71 70 69 69 67 65 62 60 58 57 57 57 56 55 55 60 67 70 72 73
148 148 147 147 149 151 152 154 158 133 82 136 129 99 134 57 75 65 63 59 49 26 16 19 61 64 55 357 295 53 44 69 49 55 53 53 54 55 57 59 61 63 65 67 70 73 75 77 78 79 79 79 79 78 77 76 75 74 73 72 71 70 69 67 64 62 59 58 58 58 58 58 57 58 62 69 72 74 75
148 148 148 149 151 152 154 156 142 95 126 122 95 97 81 96 69 65 61 53 35 27 28 35 54 61 55 8 314 75 59 61 56 58 60 60 61 62 63 65 68 70 73 76 78 80 82 83 83 83 82 81 80 79 77 75 74 73 72 71 70 68 67 65 63 60 59 58 58 59 59 59 59 61 65 71 73 75 76
149 148 149 151 153 152 155 160 115 90 91 114 80 104 103 81 67 59 55 43 36 37 36 40 62 61 62 37 36 99 109 72 65 64 65 66 66 67 68 70 71 73 76 78 80 81 83 84 84 84 83 82 80 77 74 72 71 71 70 69 68 67 65 63 61 60 59 59 60 61 61 62 62 64 68 73 75 76 77
149 149 151 153 155 155 158 146 88 83 102 107 93 77 78 71 68 55 46 45 44 47 46 46 49 53 57 62 66 73 81 69 67 70 66 68 69 71 73 75 76 80 83 85 86 87 87 87 87 86 83 80 75 72 69 67 67 67 67 66 65 64 62 60 59 58 57 57 59 60 62 64 65 67 70 74 76 77 78
149 150 152 156 157 157 164 129 65 89 89 85 77 69 65 67 68 62 48 50 50 53 57 59 59 57 58 61 66 71 70 67 72 67 69 69 70 72 75 78 83 86 89 92 93 94 94 93 91 86 80 75 69 66 63 62 62 63 63 62 61 60 59 57 56 55 55 56 58 60 62 65 68 70 72 75 77 78 79
149 150 152 156 158 161 140 113 98 81 85 86 78 71 67 66 65 58 56 57 59 62 67 71 72 71 69 70 71 74 74 74 74 75 74 74 73 73 73 74 76 78 81 83 85 85 85 84 82 79 75 72 69 65 63 62 63 63 64 63 63 62 61 59 57 56 56 56 57 60 63 67 70 72 74 76 78 79 80
149 149 151 155 160 146 137 113 94 91 91 89 85 78 74 71 68 67 67 69 71 74 76 78 79 80 81 81 82 82 83 83 84 83 83 83 83 83 83 84 85 86 87 88 89 89 89 88 86 84 82 79 76 74 72 72 72 72 73 72 72 71 70 68 67 66 65 66 67 68 70 72 74 75 76 78 79 80 81
148 148 150 154 156 149 139 115 93 92 91 95 88 84 77 76 73 73 74 77 79 81 81 82 82 83 84 85 85 86 86 86 87 87 86 86 86 86 86 86 87 87 88 88 88 88 87 86 85 83 81 80 78 76 75 75 75 76 76 76 75 75 74 73 71 71 70 71 71 72 73 75 76 77 78 79 80 81 81
147 147 148 149 152 152 139 107 93 87 91 89 88 88 81 79 77 78 79 81 82 83 83 83 83 84 85 86 86 87 87 88 88 88 88 88 88 87 87 86 86 86 85 85 84 84 84 83 82 81 80 79 78 78 77 77 78 78 78 78 78 78 78 77 76 76 76 75 75 76 76 77 78 79 80 80 81 81 82
