---
BL Top Uncertainty/Variability (for +1degC) [m] Valid 1300 NZST ~Z75~(0100Z)~Z~ TUE 6 Jan 2026 ~Z75~[73hrFcst@2119z]~Z~
Model= RASP Region= NZ Grid= d2 Reskm= 2.0 Indexs= 1 69 1 69 Proj= lambert 2000 2000 -35.0000 -42.0000 176.0000 -37.7968 175.7263
Day= 2026 1 6 TUE ValidLST= 1300 NZST ValidZ= 100 Fcst= 73.0 Init= 70 Param= bltopvariab Unit= m Mult= 1 Min= 36 Max= 1317
213 223 209 135 123 118 121 125 129 137 145 151 156 158 159 156 165 183 174 167 155 162 169 182 174 148 166 186 132 126 148 168 167 165 162 166 177 183 186 185 179 179 175 168 188 242 263 245 215 197 192 198 199 201 197 190 187 183 187 185 162 151 150 149 162 174 171 162 158
232 226 227 201 133 123 121 123 129 137 145 151 155 157 156 150 152 185 183 165 157 167 175 190 180 147 163 176 139 121 140 151 158 160 158 163 175 183 185 180 174 173 167 162 171 172 213 213 206 195 189 196 200 203 202 202 204 197 196 185 155 144 140 136 138 158 160 158 157
259 255 237 219 190 129 122 123 127 138 147 152 153 152 150 144 145 160 193 178 167 178 182 192 174 143 157 192 173 125 135 144 150 152 152 157 175 176 179 175 168 164 152 149 161 167 204 204 200 194 189 192 195 198 204 212 216 208 199 186 150 140 135 132 152 170 182 185 161
285 269 269 222 214 158 124 127 128 144 154 156 147 141 135 132 136 145 196 197 190 198 200 200 175 151 144 168 195 205 201 178 175 141 141 143 153 163 169 169 162 154 142 136 142 162 175 178 183 193 193 190 183 185 196 210 226 225 204 183 158 142 133 143 193 181 179 170 163
269 273 271 249 217 196 128 130 130 150 167 161 147 133 118 113 127 147 187 213 221 233 230 203 173 150 132 145 172 211 237 209 173 141 136 136 145 155 164 167 158 147 134 127 127 136 145 151 166 194 195 178 171 182 204 218 225 236 212 198 178 171 128 156 186 168 157 151 163
268 283 246 247 199 204 123 122 150 149 149 158 164 156 140 135 142 152 163 198 206 205 190 174 156 137 160 182 211 228 234 226 174 136 123 154 181 176 206 163 152 142 135 127 125 137 148 158 174 176 172 170 174 190 218 228 214 201 203 193 180 159 109 409 652 204 158 154 167
271 282 271 250 183 203 116 128 155 125 161 158 145 153 165 158 141 140 157 208 227 215 198 189 175 180 195 185 196 180 219 231 177 165 179 210 220 213 184 140 142 147 133 179 191 181 151 154 162 161 164 158 150 171 164 175 153 198 184 171 167 162 167 177 256 178 166 182 168
258 273 261 242 186 206 118 121 160 174 170 170 174 175 162 139 132 142 200 214 209 196 190 186 183 183 188 187 195 197 207 218 180 197 215 217 199 179 161 155 166 167 202 226 239 182 152 141 135 148 162 164 220 147 122 112 114 134 156 156 154 121 314 198 1072 309 204 178 175
250 256 226 222 182 204 144 124 147 144 158 175 172 168 159 142 145 185 209 214 209 203 184 170 170 177 183 186 200 198 162 166 171 200 223 214 194 180 185 196 193 199 232 233 202 187 155 139 124 142 169 175 240 318 348 148 104 171 166 198 147 145 149 188 558 527 226 186 191
228 211 191 192 153 180 155 201 214 87 130 129 153 165 160 164 165 164 177 167 162 172 197 173 169 171 189 194 203 180 151 142 164 197 208 206 198 193 194 191 197 226 267 234 216 203 185 157 124 125 164 194 193 117 140 128 200 242 238 204 174 149 144 202 278 284 294 200 224
212 182 180 172 139 166 108 218 331 122 150 169 167 150 146 154 161 164 190 196 186 158 189 184 185 192 200 200 196 190 178 140 157 187 217 223 219 209 185 183 201 236 278 244 219 201 188 165 129 122 131 185 242 296 358 286 168 192 234 238 204 146 317 224 952 690 183 200 228
197 168 172 168 132 171 105 250 229 128 106 157 161 155 153 154 156 155 162 170 189 200 203 199 199 204 206 205 192 188 176 147 172 225 242 223 206 192 177 177 194 227 258 231 206 197 194 177 162 123 126 160 122 138 344 408 255 259 266 222 197 154 140 857 579 512 284 187 210
167 152 158 178 133 180 111 126 309 244 165 154 152 157 157 157 150 173 170 183 210 208 197 186 186 196 206 182 186 191 163 195 238 251 233 200 194 193 189 189 209 232 219 207 196 196 203 190 175 153 125 152 228 109 913 667 399 240 252 209 189 161 153 481 411 341 249 181 174
156 151 161 184 139 181 169 109 141 152 155 156 156 153 155 154 165 181 190 207 210 204 199 202 210 212 209 201 202 206 163 519 294 265 190 206 201 197 201 206 218 236 214 211 211 213 216 202 175 173 129 280 269 303 317 419 270 257 239 231 193 451 441 577 222 199 157 151 151
176 162 172 201 186 163 218 110 119 126 168 134 142 154 156 151 154 158 159 160 171 206 211 208 210 211 210 198 183 175 206 347 290 239 224 221 206 204 206 226 227 231 222 242 240 219 211 198 186 135 163 260 320 348 385 372 253 296 341 312 268 201 181 166 204 213 168 141 135
193 200 214 230 227 162 239 124 127 119 217 132 132 150 148 149 153 152 152 169 206 215 216 211 204 195 194 193 191 185 337 271 232 214 213 200 201 202 201 209 220 232 231 237 241 222 209 201 178 157 130 162 345 310 278 317 408 602 576 488 318 224 165 368 639 237 182 141 124
213 219 243 272 261 204 256 146 129 121 125 120 129 140 141 144 148 152 157 196 211 205 197 193 195 201 197 185 183 191 215 212 217 203 187 186 189 190 199 214 217 254 246 241 239 225 231 228 182 162 132 234 294 391 485 529 664 590 766 913 368 252 272 175 265 223 191 176 157
206 217 254 298 307 234 248 159 127 122 126 129 139 130 125 138 162 179 187 196 201 200 194 187 185 191 192 177 180 186 190 168 162 178 210 227 220 219 230 228 215 229 229 226 230 228 224 208 181 146 155 239 928 998 948 969 982 891 761 760 547 280 244 145 168 229 223 201 196
180 185 256 295 306 288 176 167 122 130 118 117 130 126 121 136 181 211 222 224 218 207 199 186 178 189 195 189 176 178 181 173 168 186 213 222 210 203 215 204 208 222 232 237 249 247 240 238 187 180 229 579 912 427 395 1177 1131 868 616 602 665 329 236 261 283 263 263 221 167
167 156 223 281 269 232 136 198 161 235 129 120 131 136 135 143 161 182 196 209 210 207 206 195 180 185 187 184 194 138 147 161 169 178 189 193 195 188 191 189 200 214 211 214 237 246 236 223 151 135 194 265 1187 1184 1144 1317 559 987 869 456 479 479 352 397 476 366 333 307 232
159 155 188 265 267 205 155 198 307 295 139 118 123 130 134 142 156 179 204 218 222 218 211 203 192 186 182 141 158 181 147 140 156 174 185 188 185 179 190 213 245 237 226 241 256 235 241 236 170 131 140 335 269 246 349 757 264 1007 904 358 392 472 298 373 428 446 396 337 277
157 163 175 262 246 201 167 254 250 287 177 120 118 123 129 144 193 245 236 224 219 216 214 210 209 211 184 122 159 220 221 139 154 175 181 184 195 192 201 217 220 217 217 233 232 211 217 222 156 254 356 251 287 313 398 475 235 533 392 252 307 343 387 442 359 340 285 246 236
157 166 189 269 276 210 188 387 555 662 238 131 119 125 136 202 207 163 149 174 211 225 227 230 232 223 198 185 196 131 131 147 171 184 184 182 195 201 215 228 231 222 224 213 181 166 189 218 157 347 323 256 292 421 220 219 253 287 471 373 278 249 231 203 214 217 218 213 209
164 172 229 290 236 141 196 312 315 257 233 130 121 128 141 189 178 149 164 212 224 225 227 231 230 220 209 179 208 158 155 176 190 195 192 194 203 209 202 205 211 213 213 178 157 155 158 182 149 237 289 315 545 443 319 329 290 266 393 384 376 327 279 291 216 195 195 195 186
173 190 243 287 188 120 172 176 262 254 139 122 126 149 167 195 196 201 221 232 241 237 236 237 221 201 198 184 191 190 195 211 217 209 201 204 193 193 202 208 224 228 194 186 155 145 157 180 201 302 314 278 426 247 261 237 295 215 220 256 343 362 323 266 235 194 190 179 166
182 215 259 266 131 163 149 118 128 162 126 123 137 165 191 211 208 218 226 228 227 224 225 228 219 210 219 212 194 186 195 219 220 201 200 204 206 215 218 221 229 233 205 188 136 134 175 308 212 237 297 270 270 330 437 259 334 278 311 220 299 345 271 213 200 179 170 162 152
216 243 259 205 263 295 157 126 128 126 118 125 147 170 193 216 224 233 236 235 233 228 226 229 225 235 244 237 217 199 191 181 198 197 201 195 197 214 219 221 225 240 230 221 143 128 174 262 672 191 230 289 250 377 375 287 270 279 322 213 222 294 241 195 176 164 155 146 141
230 197 209 218 143 201 127 125 146 138 127 133 148 204 219 237 234 237 241 242 236 231 231 232 223 228 223 211 204 194 186 192 195 201 207 210 214 219 220 226 233 232 215 196 135 127 296 607 723 270 203 247 278 636 519 298 267 273 237 263 253 224 212 185 168 157 147 139 134
175 178 175 210 103 103 112 127 129 143 145 145 167 210 227 238 236 236 244 244 242 235 241 197 204 214 213 196 195 199 189 197 204 210 211 201 195 202 212 217 224 226 219 197 137 158 462 566 584 327 225 186 221 433 350 339 239 252 263 223 220 189 190 177 159 160 147 140 133
175 164 154 192 111 104 109 155 128 131 153 158 172 216 233 236 234 236 241 240 241 236 231 227 225 219 208 195 198 201 179 190 199 203 209 211 214 218 220 221 224 232 243 215 139 248 467 257 553 601 308 287 262 277 293 288 192 202 193 190 207 192 186 173 169 172 155 146 181
175 152 137 178 143 112 108 119 113 129 160 178 200 222 234 234 234 234 236 239 238 235 230 228 220 214 203 196 203 203 158 143 164 183 194 191 199 207 216 220 223 243 242 203 153 323 169 203 290 276 283 281 292 281 289 254 155 166 142 159 190 196 193 193 214 210 183 206 231
170 137 134 155 174 159 117 109 114 129 167 217 215 230 232 231 233 235 237 236 234 229 227 223 216 215 208 197 187 155 131 160 125 141 184 202 215 220 223 226 239 243 206 180 179 722 314 293 384 394 408 280 308 278 278 282 152 141 139 185 194 215 226 257 246 242 231 232 243
274 242 194 153 165 187 138 118 121 134 184 230 235 238 242 242 241 237 236 236 236 231 224 219 208 197 193 182 141 142 162 154 178 187 192 204 210 210 214 214 237 231 186 161 240 596 787 489 371 349 356 312 270 250 259 284 235 147 193 202 230 247 239 256 228 250 241 221 182
546 437 368 217 169 181 172 123 123 139 201 230 230 253 273 271 261 250 241 237 235 228 211 209 206 196 175 149 142 158 150 174 190 193 198 216 193 211 218 229 260 232 186 186 233 273 534 628 490 426 353 280 228 221 226 253 254 187 218 245 293 268 245 232 228 218 187 153 146
492 431 425 263 173 172 202 138 123 144 211 231 254 202 188 183 180 191 226 229 225 211 208 205 195 196 167 141 132 149 176 208 203 199 204 218 179 204 205 217 257 204 189 136 184 127 254 321 369 386 365 277 217 213 190 199 211 217 282 294 270 250 229 236 216 196 160 145 221
483 429 380 270 175 165 172 142 120 140 200 223 252 181 178 167 156 210 229 225 219 206 202 196 188 183 184 166 172 200 208 195 197 205 218 222 221 214 213 234 277 223 233 141 108 249 356 343 319 390 421 321 228 214 186 182 177 193 217 228 243 216 210 205 219 230 229 272 238
426 308 253 235 180 195 136 147 120 136 200 231 256 182 158 140 220 244 239 230 224 205 198 190 173 168 194 200 202 200 197 200 205 210 213 211 208 206 204 206 255 222 187 97 409 342 364 372 416 462 414 394 228 228 190 203 192 185 182 205 210 216 214 243 234 214 215 117 123
270 237 243 201 174 217 121 142 120 140 195 221 236 224 207 232 236 245 236 229 220 205 199 191 169 152 181 191 196 198 197 199 203 207 209 205 203 207 205 241 248 183 150 183 423 406 418 434 441 355 331 352 247 255 206 224 203 181 207 205 208 236 247 93 87 103 94 89 92
233 235 214 180 176 218 122 116 118 146 232 242 240 240 242 239 237 233 227 220 211 205 200 192 178 155 171 177 185 193 200 204 208 213 210 209 211 219 238 280 240 180 165 305 411 383 359 341 288 234 232 320 349 291 231 252 228 225 193 189 193 82 77 105 117 111 100 93 92
235 210 163 172 178 198 114 171 121 143 242 250 232 231 238 237 230 223 219 217 212 202 202 193 173 168 175 184 192 190 187 186 195 199 211 223 236 242 283 273 179 135 390 418 433 365 326 283 236 203 175 258 316 259 304 99 145 229 211 226 72 100 115 97 93 104 119 122 118
217 162 155 183 190 128 116 111 117 138 189 230 233 238 229 224 222 219 218 217 208 202 196 189 180 171 185 206 210 203 198 199 206 215 223 236 250 272 290 292 151 190 450 466 355 258 244 244 257 188 210 233 243 236 218 116 199 171 63 63 87 82 86 97 101 104 123 131 129
189 149 157 198 126 103 112 115 133 134 190 225 235 244 236 229 226 223 221 221 215 198 200 194 186 190 198 198 191 198 193 205 215 225 231 241 269 286 265 173 131 540 439 311 244 166 222 175 233 228 66 155 215 204 181 149 53 58 81 85 78 86 96 96 97 101 115 125 127
175 155 173 144 111 108 118 129 121 130 206 225 238 244 224 215 221 226 224 223 214 202 201 196 194 169 150 184 208 210 208 215 214 221 229 235 264 275 260 184 180 588 437 298 161 141 147 147 112 99 81 41 51 51 228 52 79 76 69 74 82 86 90 96 98 100 102 103 108
164 166 189 126 110 188 121 129 126 126 214 245 251 256 244 232 227 231 233 233 231 215 210 211 202 175 179 202 214 210 206 207 222 230 236 245 269 290 278 148 250 505 378 188 104 80 94 115 99 92 94 60 68 58 43 68 57 66 75 81 83 90 96 97 100 101 99 100 103
179 195 166 122 116 113 116 138 129 128 190 223 245 245 228 221 221 226 227 232 231 221 203 209 207 196 199 215 213 214 212 218 230 240 257 272 309 287 257 129 440 528 277 126 81 80 85 90 98 90 105 50 46 49 68 54 67 69 73 79 85 92 98 97 101 102 101 102 105
209 161 130 124 130 117 116 131 141 138 172 201 242 265 254 239 235 236 226 228 229 218 208 184 198 213 214 212 217 216 218 226 239 253 277 316 281 333 229 144 452 623 227 142 69 75 81 97 97 91 96 57 52 50 49 60 61 67 74 80 86 94 100 97 104 106 109 113 116
197 130 122 123 137 124 140 217 167 155 168 182 216 240 231 229 226 229 234 235 235 219 167 129 148 192 223 213 234 236 241 251 265 287 295 263 385 389 190 186 315 616 177 117 90 62 81 110 94 79 48 49 50 52 57 58 63 69 75 81 88 95 101 101 106 109 114 118 122
143 124 120 123 118 134 268 871 218 199 211 175 166 218 246 247 247 244 240 241 243 225 141 156 135 166 205 215 213 224 225 248 266 283 233 230 231 128 241 410 625 384 216 96 81 67 81 111 65 66 70 56 55 54 56 60 65 70 77 83 91 97 99 103 109 113 117 122 125
137 126 124 127 127 210 978 231 158 182 224 155 158 197 266 252 249 250 268 264 252 221 174 135 136 169 198 238 244 249 252 262 284 276 210 142 126 281 209 430 447 360 256 119 80 77 82 80 73 75 63 64 59 58 60 63 67 73 80 86 93 98 99 106 112 116 122 127 132
133 128 128 129 126 143 213 154 159 239 921 182 162 210 852 271 284 258 251 268 297 239 232 185 170 196 215 232 237 249 254 251 267 284 195 140 151 389 706 570 506 281 250 103 82 84 88 108 79 75 73 68 66 65 65 67 72 77 83 89 95 100 102 108 115 121 126 132 138
132 132 134 134 116 125 148 199 165 232 260 240 203 241 277 287 245 184 150 210 272 256 223 201 203 218 214 255 271 268 275 276 290 299 224 206 167 236 587 515 478 321 199 150 88 78 96 85 84 80 78 76 74 72 71 73 76 81 86 92 98 101 106 111 120 125 131 138 144
132 139 145 315 230 179 241 1287 196 213 237 284 264 236 250 284 246 176 154 188 233 199 140 146 176 209 220 227 231 253 269 286 288 266 231 173 195 171 533 476 395 314 166 124 87 70 71 93 88 85 80 83 80 79 78 78 80 84 89 96 100 102 109 116 126 131 136 141 145
133 142 153 685 1056 232 206 220 195 220 362 560 385 223 205 266 248 222 181 181 164 118 108 122 169 204 212 216 224 239 250 264 268 235 168 172 190 178 559 502 401 271 188 141 95 82 92 99 98 92 87 85 89 85 83 83 85 88 94 99 100 107 114 123 132 138 141 144 144
135 142 152 745 1038 725 221 249 335 373 135 981 954 293 224 255 253 241 198 141 247 185 129 155 209 205 206 209 218 226 232 199 197 193 184 198 223 205 168 418 355 196 169 120 102 92 101 102 100 100 94 92 91 92 90 89 91 95 98 101 105 112 122 130 139 145 147 145 145
136 139 145 168 186 212 222 362 109 409 717 1014 327 243 241 230 230 208 155 185 264 238 181 209 197 199 205 224 224 240 240 222 238 242 236 245 234 215 585 501 299 192 172 128 106 97 102 108 105 106 104 101 98 93 90 93 96 98 98 106 111 119 129 137 145 150 149 146 149
138 139 142 147 203 778 227 291 500 137 995 1004 313 299 232 222 235 188 119 262 221 181 207 223 219 212 216 231 243 248 277 293 315 244 202 174 152 192 362 447 350 246 194 107 84 103 107 115 110 108 112 112 110 102 95 92 96 104 107 114 119 127 135 142 149 152 148 150 154
141 140 140 142 137 197 182 265 301 467 420 418 318 255 214 202 164 127 117 198 164 192 202 166 198 211 216 228 248 262 275 274 278 216 162 127 175 327 376 304 340 289 179 101 97 112 116 124 115 112 113 121 123 117 102 95 104 126 125 123 128 132 139 145 149 148 150 154 158
144 143 142 142 137 145 158 213 243 285 270 289 253 210 242 222 182 133 149 177 168 192 170 131 180 212 224 233 250 265 266 254 226 187 150 135 160 259 460 442 381 230 102 89 104 120 122 129 122 116 115 126 135 137 110 96 122 154 146 127 133 135 141 146 144 150 153 157 160
155 152 150 148 142 148 155 156 165 196 179 191 174 200 221 221 184 135 153 170 203 173 150 143 171 203 216 230 249 254 263 196 209 157 140 143 605 489 391 292 244 166 121 91 94 126 126 131 126 120 117 122 138 154 156 119 120 169 167 127 134 136 142 140 147 153 157 159 160
159 162 162 160 157 158 164 161 165 167 150 156 166 171 170 169 157 140 163 187 153 143 148 135 141 208 227 239 255 251 243 231 201 147 125 256 442 554 441 231 195 154 119 107 106 127 131 132 130 122 119 118 130 147 175 176 144 181 161 126 134 136 136 142 148 155 159 159 154
157 161 169 171 168 181 177 172 177 186 163 158 162 157 155 148 155 163 172 183 138 161 187 213 218 200 205 215 230 242 216 222 140 188 251 212 192 356 360 264 163 152 141 127 113 128 135 139 138 128 122 119 119 128 142 192 176 197 130 125 134 131 136 143 150 157 158 151 155
157 157 164 173 189 160 177 186 198 219 173 172 170 163 166 167 162 165 175 188 197 192 192 202 200 215 221 229 244 238 198 168 201 213 188 194 164 386 315 280 157 134 140 139 132 129 138 143 144 137 129 123 120 115 120 133 195 186 115 125 130 132 137 145 152 158 153 152 156
162 159 162 170 180 173 176 194 201 224 183 171 170 172 173 160 153 148 177 206 210 208 217 208 204 198 198 195 187 185 172 141 446 173 265 334 248 340 248 241 181 144 145 156 145 137 140 145 146 140 134 129 124 119 113 114 140 127 122 126 127 132 139 148 154 155 152 153 159
158 156 165 174 196 186 204 198 228 240 186 175 169 168 155 139 146 172 209 251 265 269 260 238 214 212 210 206 206 215 168 326 562 275 341 446 335 311 252 231 169 154 162 162 157 148 142 150 149 143 132 129 128 124 119 113 109 127 129 122 128 133 142 150 152 150 152 155 160
161 165 172 176 183 185 208 230 235 239 193 170 153 160 152 160 251 307 343 357 356 385 351 284 258 233 219 203 180 149 157 287 512 434 319 350 389 320 219 217 178 170 165 156 158 154 148 155 149 143 134 127 127 125 120 119 118 119 131 122 128 136 144 150 146 150 153 158 159
170 167 171 172 178 189 206 217 213 203 176 162 165 159 156 436 686 803 741 722 738 734 645 514 362 247 222 202 196 193 343 443 446 446 407 379 303 224 234 266 215 186 160 147 153 155 155 157 148 141 134 129 124 125 120 116 117 119 120 125 130 139 146 147 146 150 155 158 152
189 162 163 160 165 179 198 195 176 157 150 161 157 147 474 986 978 234 310 76 60 76 360 750 703 382 214 182 171 154 425 449 403 344 289 294 251 194 281 322 243 177 147 139 145 157 160 160 146 137 131 129 125 124 125 121 120 120 122 127 134 140 143 140 146 151 156 152 146
201 203 214 220 217 209 192 185 154 148 157 161 145 212 693 985 139 156 199 52 36 45 57 134 851 631 338 173 154 256 513 444 408 328 281 272 256 177 284 335 207 164 136 129 139 156 164 162 145 136 130 128 125 122 124 123 123 124 126 131 135 138 136 141 147 153 154 143 148
184 218 285 310 328 330 336 344 330 259 190 179 169 242 668 930 180 192 104 76 49 54 56 284 878 846 678 292 254 278 467 424 371 316 294 280 207 190 284 356 254 182 133 121 132 155 165 163 143 134 128 128 125 121 122 123 125 126 128 131 132 132 138 143 148 154 145 145 149
