---
BL Top Uncertainty/Variability (for +1degC) [m] Valid 1700 NZST ~Z75~(0500Z)~Z~ TUE 6 Jan 2026 ~Z75~[77hrFcst@2119z]~Z~
Model= RASP Region= NZ Grid= d1 Reskm= 6.0 Indexs= 1 79 1 99 Proj= lambert 6000 6000 -35.0000 -42.0000 176.0000 -38.5000 176.0000
Day= 2026 1 6 TUE ValidLST= 1700 NZST ValidZ= 500 Fcst= 77.0 Init= 70 Param= bltopvariab Unit= m Mult= 1 Min= 36 Max= 2078
188 123 155 171 180 133 119 106 110 100 82 86 77 84 112 74 72 139 158 118 110 99 99 101 132 162 163 234 327 308 526 521 467 315 459 561 460 450 296 157 113 93 93 94 96 93 90 85 81 79 79 80 82 85 88 92 97 99 100 101 103 104 104 105 106 202 203 207 201 210 211 203 201 198 198 205 225 244 251
133 136 107 145 128 155 125 97 95 88 95 72 80 86 97 72 155 162 198 124 113 115 119 181 125 143 167 203 230 254 339 351 394 344 417 487 668 645 433 351 101 67 66 82 95 93 93 86 76 69 67 69 73 76 80 83 87 90 92 93 94 96 97 98 99 180 187 182 187 193 191 195 195 191 191 196 219 237 249
146 153 103 107 106 104 96 94 85 89 100 105 95 94 135 77 201 207 211 152 108 112 117 159 117 123 145 167 186 171 196 296 488 602 564 546 627 567 450 423 365 75 64 78 104 108 100 83 68 61 52 55 61 67 70 74 77 78 80 81 84 86 253 157 166 165 158 166 172 174 178 188 193 192 188 199 218 236 248
133 145 132 89 89 90 93 91 87 90 89 109 130 235 203 267 264 251 244 185 139 107 105 104 102 102 118 126 128 107 105 105 124 152 361 473 358 270 218 219 304 339 106 81 176 132 129 82 41 44 43 39 45 54 58 61 64 65 64 63 117 121 107 107 125 136 132 135 140 145 158 173 186 189 199 204 219 236 248
89 130 110 79 64 75 74 85 71 68 91 164 187 180 215 349 317 275 238 207 164 117 96 98 98 78 101 111 123 122 80 52 50 75 116 162 149 143 124 185 108 122 99 156 447 227 70 55 36 36 42 37 39 49 53 54 56 57 88 90 60 76 92 97 73 95 112 123 130 132 139 156 177 189 203 207 221 237 248
77 128 88 73 60 71 67 79 61 70 120 142 170 205 318 373 348 275 260 203 150 110 91 91 95 87 87 116 124 130 107 71 49 128 119 155 145 145 138 119 129 140 289 292 112 128 60 46 36 43 39 42 51 55 57 58 60 61 177 104 81 97 102 93 91 114 133 146 146 142 143 156 172 186 195 206 223 238 249
128 115 70 69 57 68 63 82 111 65 177 187 258 295 61 58 351 324 275 202 147 106 96 87 90 91 88 104 138 137 117 72 57 142 107 121 130 125 121 125 126 109 106 245 94 132 78 51 40 47 43 46 54 57 58 58 60 196 78 82 93 100 94 87 98 115 129 138 146 152 156 154 158 183 206 206 226 240 250
126 108 76 59 63 60 64 90 56 59 58 56 329 54 51 49 50 325 292 194 137 97 94 93 91 96 147 93 125 155 146 108 79 86 109 117 126 129 126 115 115 118 117 127 301 101 85 52 45 50 47 56 59 58 59 60 60 170 104 99 102 89 75 94 109 118 129 141 148 150 152 165 186 209 218 212 230 243 252
135 101 80 57 73 56 79 187 53 55 57 56 53 49 49 50 52 52 283 174 125 108 89 91 90 98 96 80 100 139 159 141 107 98 93 113 110 122 120 121 127 125 125 137 363 99 97 60 51 55 52 61 62 59 61 63 187 113 97 101 91 73 88 104 114 118 126 136 153 166 167 183 206 230 227 220 235 247 254
138 94 78 84 71 72 93 235 56 55 54 53 51 50 51 51 51 52 256 158 124 105 96 85 90 93 101 255 93 120 127 143 117 100 123 104 113 101 121 120 125 108 100 127 152 233 82 69 58 54 56 64 64 60 62 62 122 97 95 98 84 88 99 111 121 126 129 134 149 169 171 194 217 236 236 230 242 251 257
101 100 97 105 80 98 108 191 59 59 57 55 53 52 52 52 53 54 245 155 130 104 97 91 83 90 94 155 87 98 121 128 122 96 115 107 108 132 133 131 122 114 124 129 158 628 93 78 64 52 58 67 71 66 65 106 97 96 97 99 92 95 106 116 128 140 144 143 151 169 171 190 211 227 239 240 248 254 260
109 114 120 103 106 117 124 175 266 306 60 57 54 54 54 54 55 57 270 181 133 116 92 90 84 87 92 142 86 87 115 107 123 113 93 111 132 129 120 126 118 114 117 173 214 589 182 86 71 51 58 67 74 159 123 107 98 93 97 97 96 98 106 115 130 146 155 160 167 176 174 188 206 221 239 247 253 257 261
118 121 121 117 133 157 173 178 254 307 314 60 57 57 56 56 58 59 280 243 146 120 98 87 84 83 89 99 96 90 96 116 104 116 111 108 121 132 119 124 114 89 124 209 267 645 461 134 80 56 57 65 71 131 100 100 93 75 83 89 94 101 106 112 121 134 148 164 175 177 183 197 207 220 238 250 255 258 263
134 131 128 139 164 200 253 206 210 290 325 323 61 58 58 58 60 61 291 224 143 116 95 81 82 80 85 98 95 88 85 104 114 105 112 100 119 135 124 128 125 121 130 211 333 584 473 117 85 65 57 63 65 131 100 101 100 91 94 100 104 107 113 119 124 128 135 151 172 168 187 203 211 221 233 248 254 258 263
158 144 148 167 234 254 211 267 257 329 331 66 64 61 60 61 63 66 271 204 131 111 91 78 80 81 83 98 93 89 85 104 104 115 108 126 121 142 164 147 133 138 134 222 356 483 372 131 100 79 62 61 63 141 105 99 97 83 93 99 104 110 117 126 135 140 144 156 168 162 181 199 211 222 233 245 253 257 264
162 162 162 163 175 233 201 263 278 294 347 71 68 66 65 67 70 73 266 177 116 107 87 77 81 81 83 98 95 89 90 104 104 114 121 131 139 168 192 196 156 155 163 199 298 645 548 115 85 105 78 65 293 279 110 75 83 92 98 102 105 110 116 124 134 144 156 164 157 168 182 197 209 220 231 243 250 255 264
156 155 160 169 174 175 172 167 234 284 338 338 75 72 72 74 78 78 258 158 114 103 77 78 82 79 87 96 98 94 86 94 119 112 132 163 149 130 154 256 236 208 209 226 298 822 1031 143 117 137 97 150 289 79 128 80 93 99 105 108 110 115 121 127 133 144 159 154 167 178 188 198 210 220 232 240 248 254 263
132 133 138 151 165 170 178 172 169 233 302 312 307 305 307 284 270 255 195 117 112 90 77 80 82 75 91 94 90 86 85 101 103 108 128 171 132 152 114 207 266 246 218 261 403 669 1072 1061 164 219 95 152 224 85 144 106 93 105 111 114 113 115 120 131 140 150 156 154 167 182 196 205 210 216 227 238 245 251 262
130 133 133 149 153 158 170 173 174 170 200 204 196 179 218 199 185 225 170 120 101 78 80 81 73 78 90 93 90 86 85 107 111 117 140 154 167 143 140 138 200 225 266 383 258 1028 856 834 262 110 112 158 181 91 156 112 104 100 111 116 115 117 122 129 139 149 143 156 168 181 197 211 218 218 222 234 242 249 259
134 137 136 149 151 148 143 148 158 164 169 155 149 138 124 126 138 137 130 111 81 82 83 79 68 82 87 83 92 81 91 110 113 137 154 155 171 139 148 114 138 340 525 681 182 329 363 467 828 145 110 85 157 98 230 143 118 108 102 107 109 112 116 122 130 135 129 147 161 175 191 205 216 224 227 232 238 245 256
140 140 142 151 150 143 135 137 146 152 154 149 142 133 122 112 122 129 133 102 87 87 85 75 67 84 81 92 96 103 92 100 138 151 154 147 127 175 151 150 117 505 866 538 354 181 357 300 316 338 154 120 120 106 108 166 125 129 96 95 103 108 115 121 125 122 113 131 146 161 178 195 208 221 228 230 233 241 251
145 145 146 154 151 139 135 136 141 142 142 141 137 130 119 112 110 117 121 93 91 90 84 72 70 78 100 91 97 94 115 133 131 155 150 147 152 145 150 168 164 506 440 287 415 303 276 380 178 816 233 164 112 184 117 276 306 126 118 98 106 105 111 120 125 121 105 121 136 152 170 188 203 213 222 225 228 235 246
151 150 153 160 153 142 139 136 135 134 135 134 131 126 117 110 105 126 140 102 95 93 85 87 73 110 88 97 95 139 148 142 143 159 164 160 150 159 163 169 209 493 582 434 1025 930 1020 655 190 366 312 160 142 143 126 126 134 116 115 103 93 93 104 114 119 121 118 103 123 143 161 180 198 208 215 219 221 228 239
159 156 162 167 158 148 145 143 141 139 135 125 124 123 116 108 108 133 292 118 99 99 110 120 118 111 115 120 117 200 186 167 164 166 168 154 153 192 229 175 236 374 692 913 816 612 393 361 298 284 284 140 87 129 134 127 124 111 107 106 86 84 98 109 115 119 120 117 114 129 145 162 183 201 213 219 217 221 231
167 166 169 173 163 154 151 150 148 142 134 125 116 119 114 105 107 115 119 113 112 101 98 82 81 114 131 157 216 194 179 179 174 168 176 183 183 230 266 219 243 291 719 754 473 324 215 386 165 178 155 106 100 193 192 335 121 101 95 101 96 72 87 102 110 115 118 122 127 136 143 152 173 189 207 221 216 214 223
175 173 174 176 166 161 158 154 148 140 132 125 116 116 108 101 98 84 83 71 83 82 73 89 94 128 193 192 139 133 152 167 156 166 194 223 224 281 310 232 282 312 295 602 700 613 229 269 203 169 121 96 67 129 130 132 116 100 87 91 95 83 69 90 102 109 113 119 128 139 150 165 182 199 210 222 215 209 215
177 174 174 174 172 166 159 153 146 139 133 125 112 115 101 107 95 85 74 81 89 85 75 91 121 164 207 202 180 227 270 220 172 171 209 244 322 277 261 251 562 229 138 221 515 375 336 298 195 167 127 107 94 137 115 121 114 106 86 84 88 89 82 75 93 103 110 117 126 139 151 165 182 200 214 222 215 210 209
177 174 173 176 173 165 157 150 143 139 135 122 122 110 116 100 112 93 75 80 94 99 95 138 160 170 206 267 212 237 233 217 221 233 232 259 600 796 727 581 581 300 339 547 309 254 243 318 234 157 129 131 136 167 113 122 121 112 104 95 85 87 88 81 81 96 107 116 125 137 151 165 181 196 212 222 215 210 209
176 173 171 174 169 161 153 146 136 140 130 133 131 167 160 151 130 95 94 111 123 135 193 181 166 178 246 327 292 286 276 213 274 277 317 328 622 88 69 89 399 297 298 382 360 232 230 203 209 205 129 121 172 128 128 134 116 108 113 115 108 96 88 87 77 83 101 112 120 131 143 161 182 199 213 222 215 210 210
174 170 168 170 163 158 138 144 126 150 132 167 142 89 113 129 124 112 119 189 185 168 195 225 238 269 398 709 424 265 204 228 297 486 332 528 166 126 165 220 272 260 435 363 309 245 337 232 194 182 170 146 173 164 122 106 103 95 114 124 128 116 100 86 82 65 88 102 112 124 144 167 178 205 215 221 214 210 210
172 167 164 164 159 141 135 139 127 145 109 117 114 107 104 103 103 204 236 193 186 190 208 239 258 365 307 569 722 367 430 320 342 307 263 385 359 295 315 375 421 328 368 204 297 307 181 230 243 217 155 152 131 231 98 92 90 98 113 120 134 137 123 100 86 60 80 97 112 124 142 169 176 197 213 218 212 209 210
170 163 160 158 147 141 141 133 129 127 122 115 100 103 97 157 380 385 265 213 208 245 296 257 235 213 218 278 433 618 404 513 348 423 404 295 288 277 293 289 407 349 496 412 218 154 227 150 133 113 143 144 142 242 109 93 77 79 82 94 103 126 149 131 96 71 78 96 114 126 135 168 167 174 198 211 211 210 211
167 159 154 150 147 140 141 126 120 122 116 122 140 203 596 566 482 627 285 193 177 134 230 226 199 234 373 252 280 342 723 538 338 370 384 320 321 328 238 242 359 291 562 311 389 206 265 216 160 155 141 135 162 239 115 71 63 63 56 67 77 93 112 143 119 96 78 91 112 137 156 181 180 161 177 203 209 211 213
163 155 147 144 144 140 137 125 131 119 104 114 430 384 281 246 286 303 236 208 205 170 160 180 193 208 335 294 396 407 247 280 321 212 377 553 339 262 290 284 408 404 375 240 321 188 290 213 135 130 204 119 142 221 214 77 59 61 56 58 60 80 98 132 157 121 93 92 107 149 167 178 177 182 179 203 207 212 214
159 149 140 143 143 142 135 119 113 107 100 128 578 284 370 660 541 396 443 405 284 233 200 230 254 162 190 411 375 690 273 274 204 110 455 277 312 262 327 307 364 285 282 308 237 284 348 231 249 190 163 364 144 113 115 123 46 73 84 51 56 66 80 102 130 176 117 104 110 140 154 177 177 172 185 202 205 212 215
155 144 137 143 141 135 132 124 130 116 118 113 256 484 293 186 183 197 237 289 277 262 306 326 291 267 248 293 252 387 314 196 110 134 409 275 408 279 360 365 252 326 304 246 180 355 309 168 218 142 338 239 167 137 97 84 49 66 74 84 55 59 71 93 125 71 134 102 107 124 136 186 202 153 185 200 208 211 215
150 138 137 143 138 131 129 122 125 120 118 126 167 173 147 150 143 139 154 181 195 210 242 276 273 273 263 295 274 240 192 209 175 165 169 984 387 462 310 318 408 276 243 242 286 481 323 335 213 90 220 279 174 155 102 129 54 68 63 93 108 69 93 111 128 128 85 110 104 119 152 173 210 182 169 199 209 210 214
144 139 138 143 138 128 127 121 120 141 117 137 158 141 132 139 129 122 134 132 141 165 204 222 233 237 280 293 346 276 233 227 209 200 188 428 887 509 460 326 241 352 322 354 266 148 334 340 308 146 425 220 191 161 137 192 71 43 103 92 180 262 234 186 196 168 104 140 101 119 156 228 252 213 173 196 212 213 215
144 140 139 142 137 127 123 120 112 112 130 139 130 120 117 121 128 130 117 117 124 125 148 183 200 232 267 314 320 298 233 221 217 218 257 368 1243 630 335 309 282 694 131 157 249 234 224 420 438 407 373 189 166 168 169 221 621 302 41 241 616 762 591 378 181 100 95 103 106 111 140 242 318 309 197 190 215 216 218
145 141 140 142 135 126 120 118 114 103 111 112 113 107 121 123 118 115 130 114 102 112 117 125 158 198 221 234 259 281 224 207 209 223 257 456 436 333 267 244 233 343 548 431 167 83 160 540 550 463 228 209 176 207 293 426 801 374 635 419 464 477 315 171 103 113 115 131 116 114 121 228 326 157 291 207 219 219 219
146 142 141 142 134 125 119 115 113 104 93 100 96 94 96 102 96 113 122 105 93 97 95 102 124 183 205 215 252 306 279 251 223 216 236 408 492 335 214 161 233 250 297 650 504 532 742 733 909 559 190 208 234 279 427 501 394 344 303 275 258 206 119 85 85 81 63 146 137 113 110 215 316 158 329 227 223 222 220
147 143 141 143 134 124 119 114 110 103 94 89 95 90 82 85 74 103 107 91 101 98 94 88 128 190 192 204 249 314 285 245 209 199 273 473 896 599 407 266 205 173 256 250 356 523 608 880 403 618 150 193 247 308 354 290 284 224 183 181 212 202 109 84 83 78 97 176 174 117 103 213 320 156 147 357 238 227 220
147 144 143 144 135 125 119 114 108 100 93 81 91 91 87 82 85 83 105 92 105 101 96 91 126 184 175 178 262 281 244 243 149 154 234 466 765 1463 1516 434 353 289 283 227 155 188 171 268 932 725 161 168 204 287 369 219 278 184 151 107 119 146 106 81 83 97 116 199 242 145 112 164 132 152 147 146 265 232 220
148 145 144 145 136 126 119 113 106 97 90 82 87 91 88 85 83 87 76 96 96 105 97 98 113 159 169 185 277 316 230 185 153 173 272 390 394 1244 1395 333 340 313 266 252 206 218 246 259 299 150 494 186 183 324 434 421 334 202 150 123 120 125 131 103 100 126 161 203 281 193 127 142 130 150 148 148 151 235 220
148 145 144 145 137 127 120 112 104 95 89 81 85 89 89 87 83 88 73 91 87 93 104 103 103 128 158 187 260 375 301 208 180 186 317 566 1022 1168 412 934 359 306 262 234 188 477 297 121 140 1142 773 533 392 389 367 532 449 259 158 159 141 158 164 154 145 140 112 143 246 234 140 126 317 152 152 148 152 234 220
148 145 144 145 138 128 119 110 101 93 88 80 87 89 90 88 83 90 73 98 85 90 98 102 107 119 143 179 224 321 291 215 172 178 307 410 545 1560 341 1507 361 403 225 198 427 853 1003 1512 406 310 182 199 184 194 155 179 326 332 345 140 117 150 166 214 120 94 73 82 88 105 92 174 135 155 152 148 153 230 219
147 144 143 145 138 128 118 108 99 91 87 80 89 89 91 88 82 93 77 99 85 85 86 103 101 119 137 187 201 288 290 201 163 214 310 368 329 809 341 928 906 1035 323 306 538 503 516 1343 183 260 204 124 155 179 193 247 217 334 306 284 192 144 137 220 119 78 54 61 64 81 139 104 138 284 149 148 154 224 217
145 143 142 144 138 128 117 105 97 90 87 78 88 89 91 87 82 89 74 78 99 87 75 109 101 123 175 207 208 280 319 228 181 223 285 350 349 399 225 335 478 534 1044 335 334 300 147 816 191 177 154 166 175 206 230 235 133 155 261 301 285 133 133 124 99 95 66 78 85 105 92 86 144 119 191 148 155 217 216
145 142 142 143 137 127 115 104 94 86 81 80 90 91 90 86 83 82 83 74 91 77 93 90 123 148 202 215 240 283 324 272 186 209 264 258 275 235 257 273 266 311 355 1066 1190 1354 305 623 261 196 206 160 204 269 196 235 223 124 172 221 338 336 222 103 85 143 154 167 78 67 63 101 109 119 150 172 198 209 214
144 141 141 143 136 126 114 103 90 90 91 92 93 92 89 84 82 76 94 81 85 96 82 151 199 204 212 230 271 286 300 295 272 274 266 266 280 272 263 314 333 298 295 356 1303 296 216 1207 213 240 208 210 247 385 215 229 175 143 229 244 251 336 431 228 283 321 287 122 62 51 71 123 140 122 128 159 179 199 211
144 141 141 142 135 124 112 103 92 97 98 96 94 92 87 83 81 73 96 97 81 110 113 345 201 177 191 234 280 309 301 256 261 309 279 293 278 278 297 338 229 216 211 281 258 314 1636 256 137 238 243 223 197 261 228 166 158 146 157 116 151 144 170 444 621 381 192 72 58 57 75 99 136 111 121 140 162 188 206
144 142 141 142 133 122 111 102 95 101 99 96 92 90 85 82 79 71 95 94 89 97 154 208 222 203 187 217 220 241 239 210 206 264 341 266 225 262 285 343 205 228 318 346 357 274 683 291 151 153 158 165 166 187 172 129 143 106 124 127 96 81 113 229 521 631 310 106 66 47 79 89 115 105 114 125 149 178 200
144 142 142 142 132 120 109 100 98 102 99 95 91 88 83 80 77 69 91 88 95 122 133 134 167 242 412 272 166 230 246 222 256 295 387 324 261 263 269 299 292 209 227 453 505 909 485 268 147 141 157 147 156 157 161 132 135 114 141 138 95 107 105 82 158 375 603 360 75 62 79 86 104 108 107 116 140 170 195
144 142 142 142 130 117 106 98 100 102 99 95 89 86 81 78 74 67 84 87 82 106 96 98 107 127 332 504 435 345 302 266 283 310 340 277 259 270 262 238 292 356 937 1108 871 268 267 209 168 102 145 154 166 158 136 146 153 138 113 141 140 115 154 112 110 199 366 521 119 81 79 89 96 110 102 111 135 165 192
144 142 142 142 129 114 102 92 99 101 99 94 88 84 78 75 71 67 73 89 78 85 83 91 112 111 308 482 509 430 345 246 327 335 320 330 305 277 265 297 256 324 1132 1111 497 196 165 186 159 127 138 189 169 190 192 223 195 145 141 141 140 122 158 148 119 138 183 485 196 106 99 90 92 158 94 111 133 163 192
144 142 143 142 127 110 104 102 101 101 98 94 87 82 76 72 68 66 63 89 75 81 84 141 150 132 216 361 382 382 342 381 429 369 317 348 363 296 271 272 240 284 841 593 194 133 105 150 188 155 151 148 129 158 233 156 150 142 158 152 128 114 104 131 129 134 158 386 475 188 189 85 84 130 123 113 134 163 194
144 143 143 142 124 118 113 108 102 100 98 93 86 80 75 69 67 66 61 83 72 77 112 204 138 124 176 306 367 430 437 458 412 391 357 303 316 300 272 225 226 255 990 518 209 125 86 88 128 162 153 108 102 122 119 132 136 161 165 182 168 122 106 131 142 132 123 206 479 618 611 157 70 116 143 119 137 166 198
144 143 144 143 124 124 116 109 103 99 96 91 85 79 73 67 67 65 59 73 72 79 93 175 125 112 190 372 426 528 554 464 336 374 401 285 293 264 261 196 282 378 976 575 276 138 90 75 104 141 143 112 114 105 115 151 169 211 234 207 200 187 119 134 174 127 115 119 203 639 727 500 193 137 166 130 145 171 203
143 142 144 143 147 127 118 109 102 98 94 90 84 77 71 66 66 63 58 70 78 87 120 104 101 97 177 586 579 654 691 462 354 338 333 264 202 183 251 875 782 592 428 265 200 132 107 87 92 94 101 123 114 96 99 152 280 263 246 206 231 196 166 106 151 146 130 112 107 528 704 585 538 267 216 149 158 181 209
143 142 143 143 152 129 119 109 101 96 92 87 82 74 69 66 63 62 58 70 93 81 93 86 80 93 200 556 583 597 484 450 377 274 296 274 252 258 1090 228 121 107 124 157 122 119 101 94 77 90 92 97 116 117 125 164 210 245 242 252 233 191 183 167 152 156 177 149 94 98 159 436 550 392 300 184 183 191 205
142 141 143 143 153 129 117 107 99 93 89 85 79 71 68 64 60 60 59 70 89 75 67 76 81 97 150 318 579 608 459 342 252 223 234 262 157 301 1029 134 97 86 90 120 114 104 93 91 80 87 91 105 120 119 124 130 157 221 264 268 178 179 159 150 141 116 131 117 99 110 115 198 494 287 327 229 204 194 204
141 140 142 142 153 127 114 104 96 90 86 81 75 69 73 69 68 59 59 65 80 75 77 78 122 145 158 238 467 543 464 330 232 185 175 287 256 1485 579 142 94 103 94 112 94 99 89 89 92 112 107 117 123 132 126 121 142 143 132 139 152 156 159 135 124 122 158 144 141 100 96 162 380 188 168 222 209 184 189
140 139 141 142 166 123 110 100 92 87 83 78 71 68 77 75 73 69 58 59 63 66 76 104 149 122 148 287 425 439 438 374 298 226 283 275 2078 1617 221 132 112 110 113 107 89 96 89 101 90 102 115 126 123 121 114 122 142 152 151 136 134 165 188 150 121 163 160 103 102 117 94 85 165 138 156 184 198 180 187
139 138 140 141 171 119 104 95 88 83 79 73 70 76 77 74 72 72 57 56 59 58 90 110 104 112 161 329 376 441 439 503 549 429 323 121 365 990 155 116 132 132 124 113 113 103 98 94 105 110 110 114 121 125 121 125 136 139 138 140 146 150 182 174 126 161 145 112 154 134 125 96 119 112 192 211 200 171 180
139 138 138 139 173 114 99 90 84 79 74 70 73 78 74 69 66 67 71 55 53 58 105 89 96 123 228 404 378 460 517 571 526 331 242 117 492 571 198 152 143 140 128 108 92 90 105 104 101 104 111 119 124 128 127 127 132 134 133 135 142 150 156 171 158 121 126 130 146 154 190 155 126 154 249 206 184 176 180
138 137 137 136 173 109 94 86 80 75 70 77 79 75 69 63 59 60 64 68 61 49 82 98 100 162 362 463 438 507 548 355 281 258 272 285 420 432 252 141 110 101 98 92 91 83 91 99 100 107 113 118 124 123 121 127 127 126 128 133 139 145 152 167 160 174 195 151 134 161 193 195 151 174 261 228 188 177 182
138 136 135 134 170 103 94 81 77 79 82 80 75 69 63 58 55 54 63 71 78 77 77 102 111 220 410 433 428 451 392 235 222 286 808 533 471 395 185 108 89 85 84 88 91 92 90 98 100 105 113 119 123 119 122 126 125 124 128 134 140 143 127 132 149 143 150 160 153 150 158 166 171 210 210 197 184 174 177
138 135 134 136 166 99 95 84 85 84 80 74 67 60 56 55 53 55 70 76 75 76 83 109 126 257 388 414 461 433 310 202 326 828 894 546 620 335 151 104 85 83 84 90 93 95 90 98 98 104 115 121 125 115 120 126 128 128 131 136 133 119 131 141 144 147 176 199 167 169 176 180 176 168 190 183 180 166 159
138 135 133 147 161 96 95 87 86 81 75 66 59 55 53 51 53 59 74 78 75 87 89 113 185 271 371 416 586 423 306 633 821 813 730 547 522 436 135 97 90 89 88 93 98 89 95 95 95 106 114 119 120 113 114 119 124 129 132 136 121 120 131 138 147 148 144 138 148 160 170 181 182 170 161 171 162 144 146
139 135 133 154 159 96 93 86 82 75 68 60 56 60 52 50 51 59 73 80 87 103 114 134 229 302 319 391 741 414 544 850 863 769 636 427 395 394 117 98 102 93 92 97 101 90 98 94 89 104 113 117 114 111 109 114 119 126 133 137 125 119 127 138 141 145 149 153 155 158 166 170 167 153 154 158 143 144 146
139 136 132 158 159 95 90 82 76 69 63 58 61 64 61 51 50 58 71 72 99 168 208 247 314 320 329 419 814 465 651 644 329 450 643 303 373 224 129 110 105 94 95 99 103 94 101 97 92 105 112 114 110 107 107 112 118 125 133 135 107 120 129 133 139 141 144 149 155 158 155 151 145 142 150 142 143 144 147
139 136 134 159 151 92 86 77 70 64 60 56 53 64 62 54 52 56 66 55 110 155 218 334 385 472 524 621 750 696 606 256 190 375 617 363 353 177 145 114 102 96 98 102 105 99 106 101 98 107 110 111 106 100 106 115 122 129 133 122 111 126 132 136 137 139 143 150 152 153 151 144 142 143 146 139 143 144 147
140 141 149 157 142 88 81 71 66 61 58 55 52 63 63 56 54 62 67 73 116 157 204 345 386 554 465 600 1147 635 401 159 176 424 589 307 233 176 134 110 101 99 101 104 100 109 109 97 97 107 111 108 97 97 108 117 125 131 132 112 114 123 129 133 136 137 138 139 144 145 139 132 132 140 135 139 142 143 147
147 151 155 157 132 83 77 68 64 59 56 54 53 65 63 56 58 63 49 85 117 184 234 468 397 261 315 567 1075 60 80 72 184 430 347 197 221 189 113 110 104 102 100 98 105 113 104 93 94 100 110 109 92 100 109 118 126 132 131 125 115 122 126 129 130 131 133 136 139 140 138 136 140 135 116 139 141 143 147
156 157 158 164 123 79 75 66 63 58 56 53 64 67 67 65 63 79 74 93 148 214 492 507 263 693 291 591 620 263 151 128 187 393 266 230 224 194 115 115 106 101 94 101 109 112 94 94 94 96 108 108 90 102 111 121 128 132 125 122 115 120 123 123 124 124 126 129 137 139 137 135 133 112 128 141 141 143 147
163 161 159 166 116 76 75 67 64 58 55 64 69 69 68 61 80 75 95 107 197 297 613 331 339 331 241 254 361 262 137 115 184 383 237 197 162 163 123 119 103 100 103 108 113 107 95 98 99 100 98 100 91 103 115 125 130 122 106 114 118 121 122 122 121 120 121 124 131 136 136 133 117 113 131 143 142 143 147
169 164 160 167 111 76 75 68 63 58 67 70 70 71 70 69 78 111 97 180 307 234 268 336 330 373 314 282 251 235 148 206 161 162 117 93 132 177 130 120 113 113 113 115 113 100 106 108 108 105 98 92 97 107 119 129 125 106 115 119 122 123 123 123 122 121 120 121 127 131 132 125 101 113 131 143 142 143 146
173 166 161 165 106 75 76 67 63 67 73 72 73 74 72 69 69 122 164 187 201 528 294 190 549 347 240 199 217 197 158 290 213 144 169 178 158 166 130 120 123 121 120 117 101 109 114 115 112 106 98 99 106 114 124 131 120 112 119 123 125 125 124 124 125 124 122 122 126 130 130 120 107 117 131 142 142 143 146
183 174 170 162 102 75 75 66 62 74 74 73 75 76 71 60 84 329 374 248 364 224 227 519 199 199 207 261 172 201 186 169 174 157 214 228 223 156 130 130 127 122 114 104 110 114 116 114 110 103 103 108 115 123 129 129 105 115 120 124 125 125 126 126 127 127 124 123 126 129 129 118 104 119 132 143 142 143 146
186 177 170 157 99 73 73 63 69 76 75 75 77 77 66 72 199 265 367 633 258 681 489 119 112 232 212 222 147 165 235 199 146 182 287 219 237 144 129 130 126 119 109 115 117 118 116 112 107 103 107 114 123 128 125 104 113 118 122 124 126 127 127 127 127 127 125 125 126 128 130 126 103 120 135 145 143 143 145
182 174 166 148 97 72 73 64 77 76 74 75 77 78 73 68 299 248 513 255 767 62 96 138 145 200 200 140 133 201 185 290 148 190 256 195 200 138 127 127 123 118 114 120 123 122 117 111 106 107 114 122 128 128 105 114 120 124 126 128 129 129 128 127 126 126 126 127 128 128 127 123 106 120 135 147 144 143 145
174 167 159 145 97 70 73 65 79 74 71 72 78 78 82 157 467 284 505 817 239 100 125 124 117 88 100 136 140 231 206 317 172 140 176 170 134 131 120 120 119 109 117 123 124 121 116 111 111 116 122 128 129 120 113 118 123 126 129 131 132 131 129 127 126 126 126 127 127 125 121 115 106 121 136 149 145 144 146
169 162 152 138 98 70 74 79 76 68 67 71 78 79 83 246 274 135 665 383 422 98 104 142 133 147 136 115 128 305 418 187 188 158 132 157 115 133 113 113 115 119 122 124 123 119 116 115 118 124 129 131 125 111 116 122 125 128 130 131 132 130 128 126 125 125 126 127 127 129 129 126 112 122 137 151 147 145 152
162 157 148 132 98 71 80 83 72 63 61 69 81 88 155 363 309 225 460 593 150 96 98 145 139 131 116 117 157 509 573 235 153 120 142 116 128 130 118 123 126 128 127 125 123 121 120 123 126 130 125 105 113 118 122 127 129 130 130 130 129 127 126 125 124 125 126 128 130 134 138 139 130 122 137 153 153 160 166
155 150 143 125 95 71 85 79 67 61 70 80 82 80 394 315 522 351 299 321 70 99 98 151 169 160 122 128 218 351 213 194 142 147 130 130 134 127 117 123 129 129 128 126 125 125 126 127 125 115 110 117 123 126 129 131 131 130 128 125 125 125 124 124 125 126 127 129 133 137 141 141 129 125 139 154 172 175 178
150 145 138 120 91 70 82 75 68 62 57 63 80 253 372 354 541 772 265 427 90 105 97 162 203 200 144 126 205 297 155 122 121 143 123 141 109 119 122 125 128 128 127 127 127 127 127 123 111 114 119 123 127 130 131 131 128 122 112 107 112 120 122 124 125 126 128 129 132 138 143 143 131 129 142 173 183 185 188
145 140 134 114 87 68 77 72 72 70 70 93 340 316 571 564 590 346 267 489 100 121 101 153 234 243 173 147 204 219 151 114 157 130 132 120 130 129 133 131 130 129 128 127 125 122 117 110 116 121 125 127 129 130 130 128 119 101 91 102 109 114 117 120 123 126 128 130 134 141 148 150 142 129 143 184 190 191 195
141 135 129 107 81 80 72 74 71 62 69 108 313 592 159 743 672 232 222 439 214 135 112 151 275 294 242 192 252 203 152 156 140 140 132 114 130 133 135 131 129 126 121 111 104 109 113 117 122 126 129 130 130 129 127 122 114 112 116 117 117 117 118 121 124 127 129 132 136 143 149 150 146 133 150 190 195 195 200
137 131 124 99 76 80 68 76 77 95 295 274 464 734 284 849 208 218 203 210 290 153 190 211 349 347 318 263 370 410 207 142 122 133 140 114 129 130 134 131 127 120 104 109 114 117 121 124 128 130 131 130 129 128 124 120 119 120 121 121 119 118 120 125 129 130 132 134 138 144 149 152 152 151 165 194 197 198 203
134 128 119 93 68 74 72 75 79 173 263 361 687 681 184 284 278 292 227 218 162 169 234 306 440 420 380 362 426 471 384 152 124 114 146 123 130 131 132 132 129 124 110 117 120 124 128 131 132 132 131 129 128 126 124 122 121 120 120 120 120 123 128 131 133 134 135 138 142 147 152 156 158 160 173 196 199 200 204
133 126 115 88 67 76 70 81 125 454 363 690 814 233 243 542 309 241 186 129 144 182 232 310 187 146 151 363 381 206 284 157 113 150 119 133 132 135 135 134 133 123 118 123 127 131 133 134 133 131 129 128 126 125 124 124 125 126 127 128 130 133 135 137 139 140 142 144 146 149 153 158 160 163 177 198 200 201 205
133 125 112 88 66 73 61 69 158 365 757 920 215 265 289 286 236 147 111 131 153 186 203 210 142 165 210 372 386 294 250 136 105 160 127 134 140 139 142 140 133 122 126 129 132 133 132 131 130 128 127 126 126 126 127 129 131 133 135 136 139 142 146 148 151 152 153 154 154 153 154 157 160 165 180 198 201 202 205
135 125 114 84 61 55 65 107 462 293 259 192 439 207 236 262 156 111 124 124 169 174 205 228 160 181 207 382 499 200 204 133 160 139 156 144 148 149 152 152 146 138 140 141 142 141 139 136 134 132 131 131 132 134 136 138 140 144 147 151 154 159 162 164 166 167 167 167 165 162 160 161 164 169 182 197 201 202 205
141 132 122 87 63 66 61 168 250 234 257 284 314 282 210 150 125 124 122 171 167 144 184 227 245 244 279 291 324 229 150 132 171 190 155 169 165 170 169 166 142 138 137 137 134 132 129 128 128 131 136 144 150 154 156 156 157 160 164 169 173 175 176 176 177 177 177 178 179 178 175 171 171 174 185 197 201 203 206
146 139 127 88 56 52 72 896 171 466 431 410 345 251 173 126 112 128 136 156 147 161 157 162 186 222 218 193 145 129 131 153 199 169 192 188 201 206 215 222 227 226 222 214 205 197 192 189 185 178 174 177 177 178 179 182 184 185 186 185 184 181 178 175 173 173 177 182 187 191 192 188 184 183 189 198 202 203 206
153 147 134 102 80 99 308 801 564 492 468 455 410 315 224 174 165 168 175 183 178 179 182 188 196 200 198 190 173 174 178 187 194 195 196 194 191 186 181 183 184 184 183 181 178 175 172 170 168 167 166 165 164 162 162 162 162 162 162 161 159 157 156 155 151 147 144 148 151 159 175 186 193 196 199 201 203 204 207
154 150 146 142 165 182 309 705 761 597 553 511 448 357 271 202 170 168 176 185 188 180 171 175 180 184 188 191 194 198 202 205 208 208 206 204 199 193 191 191 191 189 187 184 181 177 175 173 172 172 172 171 171 170 169 167 165 163 161 161 161 162 162 163 162 162 161 162 167 176 186 195 200 203 204 205 205 206 209
160 156 153 153 132 176 262 636 881 685 627 518 484 387 297 231 186 179 183 186 189 176 176 181 186 189 194 197 201 204 207 209 210 210 208 205 199 192 192 192 191 190 188 186 183 180 178 176 176 176 176 175 174 172 169 164 160 158 157 157 159 162 163 163 163 164 166 170 175 183 192 200 205 207 208 207 207 208 211
163 157 155 127 158 164 321 874 568 806 651 608 509 412 332 266 207 184 177 179 188 180 182 187 191 195 199 203 206 209 211 212 213 212 210 207 203 196 194 193 192 192 191 190 188 186 185 184 183 184 184 183 181 175 169 164 161 160 159 161 164 167 169 170 171 174 177 182 187 194 202 209 213 214 214 213 213 212 212
