---
Wind at BL Top Direction [deg] Valid 1800 NZST ~Z75~(0600Z)~Z~ TUE 6 Jan 2026 ~Z75~[78hrFcst@2119z]~Z~
Model= RASP Region= NZ Grid= d1 Reskm= 6.0 Indexs= 1 79 1 99 Proj= lambert 6000 6000 -35.0000 -42.0000 176.0000 -38.5000 176.0000
Day= 2026 1 6 TUE ValidLST= 1800 NZST ValidZ= 600 Fcst= 78.0 Init= 70 Param= bltopwind Direction Unit= m/sec Mult= 1 Min= 0 Max= 360
72 66 54 46 29 25 8 355 345 337 330 326 327 326 325 324 340 338 351 344 345 344 347 346 355 338 335 333 330 320 296 290 289 284 279 270 259 259 353 57 42 35 20 18 18 17 17 17 17 17 16 16 16 16 16 16 15 16 16 17 17 17 18 18 18 23 22 22 22 22 22 23 23 23 23 23 22 22 21
81 72 58 46 30 15 3 349 338 330 325 322 322 321 322 321 329 334 340 342 344 347 348 348 356 338 335 334 332 327 311 293 288 284 280 284 297 311 341 23 39 22 18 14 13 13 13 13 13 14 13 13 13 13 14 14 14 15 15 16 17 17 18 22 22 22 22 22 22 22 22 22 22 22 22 22 22 22 22
64 60 35 8 358 350 345 336 327 320 318 317 316 316 319 316 331 331 338 337 338 343 347 3 353 356 354 331 328 324 320 310 299 291 287 301 318 320 319 322 332 2 10 9 9 8 9 9 10 10 10 10 11 11 11 12 12 13 14 15 16 16 19 20 21 21 21 21 21 21 21 21 21 21 21 22 22 22 22
1 356 349 331 326 324 325 322 318 314 312 313 315 326 321 326 328 331 334 334 333 336 340 343 344 346 349 348 341 327 317 312 303 295 291 295 302 306 306 306 306 321 351 2 3 4 5 6 7 7 7 7 8 8 9 10 10 11 12 14 15 16 17 18 20 20 20 20 20 20 21 21 21 20 19 21 22 22 22
316 318 320 314 311 310 312 314 316 314 311 313 316 319 322 329 329 329 331 331 331 332 330 336 339 331 341 348 345 327 315 310 304 296 292 295 299 302 303 303 304 301 308 359 6 4 6 6 7 6 6 6 7 8 8 9 10 11 12 13 14 15 16 17 19 20 20 20 19 19 20 21 21 19 18 20 22 22 23
304 312 311 310 309 310 311 314 317 315 312 315 319 321 326 309 328 328 330 328 328 328 327 329 332 327 334 342 330 325 320 311 304 298 299 303 306 308 308 307 306 305 305 350 13 10 10 9 9 9 8 8 9 10 10 11 11 12 13 14 15 16 16 17 19 20 20 20 19 19 20 21 21 20 19 20 22 22 23
309 308 307 308 307 308 309 312 322 312 305 318 321 326 307 308 309 327 327 324 323 322 322 321 323 324 315 315 322 317 312 303 295 296 299 309 312 313 310 307 306 305 306 317 4 11 9 8 9 8 8 8 9 10 11 11 12 12 13 14 15 16 17 17 19 20 20 20 20 20 20 21 20 20 20 21 22 23 23
305 305 305 306 306 307 308 311 304 303 303 305 322 306 307 308 309 309 324 322 320 318 317 317 318 319 320 305 307 299 292 292 291 296 301 305 306 307 306 303 303 302 304 309 4 16 12 10 9 9 9 9 11 12 12 12 13 13 14 15 16 16 17 18 19 20 20 20 21 21 22 21 20 19 20 21 22 23 23
302 303 303 304 305 306 307 301 302 302 302 303 305 306 307 307 307 308 321 318 316 314 313 312 309 312 309 300 291 273 263 274 281 298 302 297 299 303 304 302 301 299 301 301 337 17 15 11 9 9 9 10 11 12 12 13 13 14 15 16 16 17 17 18 19 20 20 21 21 22 23 23 21 20 20 21 22 23 24
299 300 301 302 303 304 306 300 301 302 302 303 304 305 306 306 306 306 318 315 313 311 310 309 306 308 302 315 288 273 255 256 269 298 299 291 295 301 299 298 296 298 297 301 306 15 19 14 11 10 11 11 12 13 13 13 14 15 16 17 17 17 18 18 19 20 20 21 21 22 23 24 23 21 20 21 22 23 24
295 297 299 300 301 303 306 309 299 300 301 302 303 304 304 305 305 304 316 313 310 308 306 304 303 302 296 299 287 278 266 259 267 278 295 288 294 299 303 303 296 295 296 299 305 4 19 16 11 11 12 12 13 13 13 14 15 15 16 17 18 18 18 19 20 20 20 21 21 22 23 23 23 22 21 21 22 23 24
293 295 296 298 300 302 304 306 312 299 300 301 302 302 303 303 303 302 302 311 307 305 303 301 300 298 294 294 286 278 271 266 267 277 285 290 293 296 297 299 298 295 296 298 305 317 13 16 13 13 14 14 13 13 14 15 16 17 17 17 18 18 19 19 20 21 21 21 22 23 22 21 21 22 22 22 22 23 24
291 293 295 297 299 301 304 306 307 313 298 299 300 301 301 301 301 301 300 309 305 303 300 299 297 295 293 290 286 280 274 269 268 274 284 290 291 290 290 292 293 293 297 296 303 311 346 14 14 15 16 16 14 14 15 16 18 18 18 18 19 19 20 20 21 21 21 22 23 23 22 21 20 20 22 22 22 23 24
290 291 293 295 299 304 304 305 307 311 297 298 298 299 299 299 299 299 298 305 302 300 298 296 295 293 291 289 287 283 278 274 270 273 281 288 288 287 287 287 284 286 297 297 297 307 348 1 16 16 16 16 14 15 16 17 18 19 19 19 19 20 20 21 21 22 22 23 23 23 23 22 21 20 20 22 22 23 24
288 290 292 294 300 304 303 305 309 309 295 296 297 297 298 298 297 297 296 303 300 298 296 295 293 292 291 288 288 283 280 276 273 271 275 284 287 288 285 281 271 275 294 296 301 294 352 7 21 18 15 14 14 13 17 18 19 20 20 20 21 21 21 22 22 23 23 23 23 22 22 22 22 21 21 21 22 23 24
285 288 290 293 298 298 300 301 306 307 294 295 295 296 296 296 296 295 302 301 297 296 294 293 292 291 290 288 288 284 282 281 278 276 276 280 286 290 286 278 276 264 272 293 297 280 345 356 5 20 15 14 14 14 19 19 20 21 22 21 22 22 22 23 23 24 24 24 24 23 22 22 22 22 21 22 23 23 24
282 285 287 290 293 295 298 299 302 305 293 293 294 295 295 294 294 293 300 297 295 294 292 291 291 290 289 288 287 285 285 285 284 283 282 276 286 287 291 282 276 277 266 271 276 265 311 341 23 21 17 15 14 14 15 21 22 23 23 23 23 24 24 24 24 25 25 24 24 23 23 22 22 22 22 22 23 24 24
280 282 285 287 290 292 294 296 298 301 305 304 306 293 293 293 292 292 298 295 293 292 291 290 289 289 288 288 286 284 284 285 286 285 286 276 278 278 286 272 284 250 258 263 284 297 327 353 356 347 18 17 19 13 15 23 25 26 26 25 25 25 25 25 25 26 26 25 24 23 23 23 23 23 22 23 24 24 24
279 281 283 286 288 290 292 293 296 297 300 300 301 300 301 301 299 298 295 293 291 290 290 289 288 288 286 286 284 283 282 282 283 284 282 274 262 267 277 291 289 272 249 269 275 293 5 359 347 341 27 22 22 13 15 25 27 28 28 28 27 26 26 26 26 27 26 25 24 23 23 23 23 24 24 24 25 25 25
277 279 282 284 286 288 290 291 293 295 296 297 298 297 297 296 295 294 293 291 290 289 289 288 287 286 285 284 282 282 281 281 281 283 280 273 265 256 271 298 311 352 146 238 250 6 21 7 336 2 42 40 23 17 17 28 30 30 31 30 29 28 28 28 27 27 26 25 24 24 24 24 24 24 24 25 26 26 25
277 279 281 283 285 287 288 290 292 293 295 295 295 295 294 294 293 292 291 290 289 289 288 287 286 285 283 282 280 279 281 281 279 278 278 278 273 261 267 291 313 343 81 135 147 30 58 66 313 8 45 44 27 20 19 23 33 33 33 33 32 31 29 28 28 27 26 24 24 24 24 25 25 24 24 25 27 27 26
276 277 280 282 284 285 287 289 290 292 293 294 294 294 293 292 291 290 290 289 289 288 287 287 286 284 282 281 279 277 276 278 279 278 271 267 266 265 253 269 273 5 99 105 74 82 39 159 9 9 10 40 29 23 21 24 27 36 35 35 34 33 31 29 28 27 26 25 24 25 25 25 25 25 25 26 28 28 27
275 276 278 280 282 284 286 287 289 290 292 293 293 292 291 290 289 289 290 289 289 288 287 287 286 284 282 279 278 273 272 271 270 267 265 262 262 254 236 252 243 180 131 130 128 150 123 29 188 1 10 8 40 25 24 26 35 36 36 36 36 34 33 31 29 28 27 26 25 25 25 26 26 25 25 27 28 29 27
274 276 277 279 281 283 285 286 288 289 291 291 291 291 290 289 288 285 285 289 288 289 288 288 287 283 279 274 270 267 265 263 260 259 259 253 248 240 223 237 231 171 129 131 136 159 133 49 29 30 28 21 12 32 26 28 37 38 39 39 37 36 34 32 30 29 28 27 27 27 27 27 26 26 25 27 29 29 28
273 275 276 278 280 282 284 286 287 289 290 291 290 290 288 287 287 288 285 285 287 287 288 289 288 284 278 270 263 258 252 250 249 250 251 248 240 232 221 225 231 199 159 163 351 349 322 343 9 27 32 31 19 34 30 32 39 41 41 41 39 37 34 33 31 30 29 28 27 28 28 27 27 26 26 28 30 30 29
272 274 275 277 279 281 283 285 287 289 290 291 290 289 287 285 285 287 286 285 284 284 284 284 282 279 276 272 262 250 242 243 245 244 244 244 237 229 219 214 225 223 205 284 324 347 351 4 17 32 39 38 29 26 38 40 43 44 44 43 41 39 35 34 32 30 29 28 28 28 28 28 28 27 27 28 30 31 30
271 273 274 276 278 280 283 285 287 289 291 291 290 288 285 284 284 285 283 281 280 280 278 275 274 273 270 265 262 249 239 235 233 231 233 238 234 228 218 217 230 247 276 286 329 356 20 30 34 40 36 42 42 39 43 45 47 47 47 45 42 40 37 34 32 30 29 28 28 28 28 29 28 28 27 28 30 31 30
270 271 273 275 277 280 282 285 288 290 292 291 290 287 284 281 281 279 277 276 277 277 272 269 269 269 265 257 247 240 241 237 227 227 230 240 237 246 256 217 224 246 237 231 342 12 28 33 44 51 54 48 54 51 54 54 52 51 50 48 44 42 39 36 33 31 30 29 28 28 29 29 29 28 27 29 30 31 30
269 270 272 273 276 279 282 285 288 292 293 293 290 286 284 277 273 270 268 269 272 273 270 269 271 266 259 251 238 229 232 229 230 224 235 240 297 267 277 222 220 237 241 236 48 45 50 45 59 62 68 60 65 70 63 61 58 56 53 50 47 44 40 37 34 32 30 29 29 29 30 30 30 29 28 29 30 31 31
268 269 270 272 275 278 281 286 289 294 295 295 291 288 284 278 272 265 265 266 266 267 268 271 265 264 257 244 230 220 220 222 224 222 231 237 315 267 280 203 222 233 241 257 113 60 30 64 68 66 71 73 66 87 71 65 62 58 56 53 49 46 41 38 34 32 31 30 29 30 31 31 31 30 29 29 30 31 31
266 268 269 270 273 276 280 286 291 297 298 297 293 286 280 272 266 260 260 263 265 269 272 267 263 262 252 229 234 222 203 210 226 224 232 241 237 233 239 198 235 236 238 229 113 62 27 66 75 90 67 70 88 96 75 71 68 64 60 56 52 48 43 39 35 33 31 30 29 30 31 32 32 31 30 29 30 30 31
265 266 267 268 271 274 279 285 293 297 301 299 291 281 273 264 255 254 253 257 260 265 263 264 261 258 247 263 229 210 213 219 227 220 226 240 231 223 226 235 231 240 225 169 132 47 29 38 29 45 54 56 94 91 76 74 71 68 64 59 54 49 45 40 36 32 31 30 29 30 31 32 32 31 30 30 29 30 31
264 264 265 266 268 271 276 282 290 297 304 300 290 276 265 256 248 247 246 255 272 277 279 286 284 282 276 283 281 200 166 172 239 234 224 231 246 248 253 252 245 247 212 168 176 184 33 27 29 45 60 50 67 82 82 79 76 72 67 61 56 52 45 41 37 34 31 29 29 30 31 32 32 31 31 29 29 30 30
262 263 263 263 264 267 270 275 284 290 302 298 292 280 74 61 328 277 276 279 280 277 273 273 275 275 274 273 270 274 256 249 235 245 230 223 225 234 251 243 225 220 223 223 207 211 45 73 70 59 54 34 9 276 253 67 76 73 68 62 57 52 46 42 37 34 32 28 29 30 32 33 32 31 31 29 29 29 30
260 261 261 261 261 262 263 263 264 263 265 269 271 234 276 320 319 312 306 302 297 291 286 286 286 285 276 269 262 267 270 263 265 273 253 209 216 233 237 222 211 205 207 217 228 194 88 104 66 44 54 43 333 251 233 67 61 59 56 53 58 54 48 41 37 34 31 28 28 29 31 33 33 31 31 29 28 29 30
259 259 259 258 258 257 257 252 245 237 233 243 250 280 284 318 317 312 309 305 299 291 287 284 283 279 271 270 264 255 262 270 267 264 264 205 205 249 304 308 183 207 211 238 242 233 151 148 82 56 72 111 222 225 195 176 43 37 48 55 65 60 54 46 40 28 31 20 26 27 30 33 34 33 31 30 28 28 29
257 258 257 256 255 254 252 247 240 231 230 240 253 281 295 297 301 301 301 299 294 289 285 284 280 275 271 270 267 267 265 245 245 261 259 255 209 32 296 291 267 219 190 212 231 221 177 216 299 79 86 174 198 205 201 43 16 11 14 50 54 55 66 57 48 42 29 25 25 26 29 33 35 33 32 30 28 28 29
256 256 256 254 252 251 248 245 241 234 232 240 252 267 277 286 290 292 294 294 289 284 281 281 277 272 268 268 267 267 259 243 230 252 250 258 151 192 274 279 276 235 200 211 224 222 206 216 311 68 99 158 167 195 198 28 19 5 329 338 51 59 58 52 41 34 32 26 24 26 28 31 22 35 33 30 28 28 29
255 255 254 252 250 249 247 245 243 240 238 241 248 259 267 274 278 282 287 287 285 282 280 277 273 269 269 271 270 265 258 250 241 245 252 256 262 267 265 271 275 255 186 203 209 219 213 214 252 9 78 137 161 181 177 53 34 4 260 279 342 22 33 40 39 31 31 30 25 25 27 32 22 35 33 30 28 28 29
253 253 252 250 249 248 246 244 243 243 243 244 247 252 258 263 266 272 277 279 281 283 283 278 271 267 267 269 268 264 258 253 251 251 253 257 255 255 255 262 273 277 286 260 204 224 220 214 233 252 155 149 161 169 164 103 145 185 213 8 19 16 15 14 14 15 31 25 24 24 26 30 22 22 34 30 28 28 29
252 252 251 249 247 246 245 244 244 244 245 246 247 250 253 257 258 263 267 270 275 280 283 277 270 266 265 265 263 262 259 259 255 253 252 251 253 252 248 253 269 275 270 282 269 250 216 201 213 222 165 149 161 169 166 149 43 70 13 19 19 18 15 14 11 10 10 23 22 23 25 28 22 22 34 31 27 27 29
251 250 249 247 246 245 244 244 243 244 244 246 247 249 251 253 255 257 259 262 267 273 276 274 269 266 264 263 261 261 262 262 259 256 251 251 262 262 250 248 256 255 261 261 278 268 232 205 208 217 174 149 171 235 293 321 344 8 12 16 15 15 12 10 10 7 5 18 21 23 25 26 22 21 22 32 28 27 28
249 249 247 245 244 244 243 243 243 243 244 244 246 247 249 251 252 252 252 255 257 262 265 268 267 265 262 261 260 260 260 261 258 256 252 250 252 251 253 258 261 262 257 261 262 290 274 216 209 220 109 144 312 327 324 323 323 342 1 9 11 10 10 9 10 5 358 19 22 24 25 26 22 21 22 21 28 27 28
248 247 246 244 243 243 242 242 242 242 243 243 244 245 247 248 248 248 248 250 251 252 255 261 265 263 258 258 257 257 254 251 252 253 251 248 249 249 250 250 254 254 247 262 277 260 256 155 29 353 7 0 340 345 336 335 336 337 352 2 8 11 11 6 3 2 1 25 27 27 26 26 22 21 22 21 20 27 28
246 245 244 242 241 241 241 240 240 240 241 242 243 244 244 245 245 244 244 247 250 251 251 255 260 261 257 256 257 255 251 244 247 252 252 249 247 247 245 241 241 254 257 272 281 269 280 22 4 3 356 348 358 357 344 335 336 333 341 346 357 13 16 5 0 359 5 34 33 28 26 27 22 21 21 21 20 26 28
244 244 242 240 240 240 239 239 239 239 239 240 241 241 242 242 241 241 239 242 248 251 250 250 254 257 255 255 256 253 247 241 248 256 259 254 250 246 246 240 238 247 261 276 283 260 259 16 359 7 360 359 4 0 347 339 328 330 335 340 344 9 12 2 1 356 4 39 19 21 21 26 26 21 21 20 19 26 28
242 241 240 239 238 238 238 238 237 237 237 237 238 238 239 239 238 237 235 237 245 250 249 247 248 250 250 251 254 253 246 242 248 258 258 255 250 248 264 254 233 248 263 272 283 267 252 11 11 356 346 1 10 7 359 339 326 328 333 341 343 7 15 5 359 358 12 18 25 27 25 19 24 20 21 20 19 25 28
240 239 238 237 236 236 236 236 236 235 235 235 235 235 235 235 235 233 231 230 239 251 250 246 243 242 243 244 247 249 245 240 242 252 255 252 247 263 267 252 241 234 272 238 269 260 266 359 13 353 350 3 9 11 3 343 330 328 330 336 338 353 34 12 330 21 27 32 17 11 12 17 23 25 28 19 18 25 27
237 237 236 234 234 234 234 234 234 233 233 232 231 231 231 231 231 230 227 224 231 249 252 246 240 237 237 237 240 244 244 238 236 243 250 249 249 257 266 266 261 253 239 229 260 267 271 339 354 355 353 1 13 11 1 351 340 331 336 336 333 332 357 44 144 53 35 19 20 24 19 19 18 26 27 27 18 24 27
235 235 234 232 231 231 232 232 232 231 230 229 228 227 228 227 228 226 223 217 221 236 248 242 238 236 233 231 234 239 242 242 236 239 244 247 254 274 256 261 252 264 268 264 269 259 322 337 346 18 11 3 356 3 1 352 339 333 339 336 331 324 322 326 2 23 16 19 36 28 24 21 23 20 28 26 18 24 26
233 233 232 230 229 229 229 230 229 229 228 227 225 224 224 224 224 222 219 215 214 223 238 242 241 239 232 227 228 232 237 241 240 240 242 246 257 273 262 258 262 265 269 275 282 287 330 345 354 12 10 5 358 3 357 349 339 332 338 336 328 319 318 305 300 346 12 22 45 33 29 18 16 21 29 27 24 24 26
230 231 229 228 227 227 227 227 227 226 225 224 223 222 222 221 221 220 217 215 213 220 233 245 249 248 238 227 226 227 231 240 246 246 247 249 263 268 261 267 271 266 270 277 265 308 329 348 347 353 357 1 1 1 2 354 347 337 338 337 328 317 320 319 309 340 17 31 61 45 36 20 18 22 29 27 24 23 25
228 228 227 225 224 224 224 224 224 223 222 221 220 220 220 219 219 218 216 215 215 222 234 243 246 244 236 236 236 232 235 240 244 249 257 267 263 264 266 270 271 269 273 275 292 327 334 352 353 351 359 4 2 0 359 357 357 348 341 336 328 323 324 317 309 309 297 62 28 48 39 34 32 22 29 27 23 23 25
225 225 224 222 220 221 221 220 220 219 219 218 218 217 218 217 217 216 214 214 214 221 229 237 244 247 244 242 234 231 234 239 245 249 255 263 265 269 275 275 272 276 324 347 342 337 329 353 356 356 359 6 7 0 359 1 1 349 342 339 332 326 321 316 312 315 304 345 38 47 38 32 29 23 29 26 23 22 24
222 222 221 218 217 217 217 217 216 216 216 216 215 215 216 216 216 215 213 212 211 215 221 228 240 246 246 244 244 242 239 236 240 247 254 262 267 275 279 276 272 270 334 2 348 342 333 351 0 360 359 4 8 3 0 4 2 352 347 343 335 328 324 320 318 319 322 311 71 67 51 36 32 24 31 25 22 21 23
218 218 217 214 213 213 213 214 213 213 213 213 213 214 214 214 214 214 211 210 210 211 215 219 238 252 253 248 244 242 242 240 239 244 251 256 263 270 280 278 275 265 314 359 355 342 328 341 354 359 359 358 359 356 357 3 4 357 352 345 338 334 330 324 323 323 319 308 109 84 55 39 13 36 22 24 20 19 21
214 214 213 210 209 210 210 209 209 209 210 210 211 212 213 213 212 212 211 210 211 212 214 220 244 260 259 250 242 239 238 237 241 246 248 249 257 265 288 289 276 267 307 357 357 346 335 332 340 350 358 355 350 346 351 359 5 4 358 350 342 336 332 327 329 323 316 300 231 128 42 15 9 7 20 23 19 18 20
210 210 209 207 206 206 206 205 206 206 207 208 210 210 211 211 210 210 210 210 211 213 215 218 234 250 260 252 241 235 234 232 238 245 250 255 253 275 298 276 286 298 319 341 352 347 345 335 336 343 351 352 350 348 351 357 5 4 4 356 347 336 331 331 330 321 310 302 295 281 8 3 5 33 17 21 17 16 18
206 206 205 203 202 202 202 202 203 204 206 207 208 209 209 208 208 208 208 208 209 212 214 217 226 232 243 245 237 230 232 228 229 236 244 248 250 291 269 302 316 316 319 328 342 346 344 343 338 339 344 349 349 348 351 357 3 3 358 353 352 344 338 332 325 317 308 301 301 293 277 328 349 354 12 18 15 14 16
202 202 201 200 199 198 198 200 201 202 204 206 207 207 206 206 205 206 206 205 205 208 211 216 222 224 231 241 241 235 233 230 228 235 247 250 253 266 348 345 333 323 319 323 330 338 338 343 339 338 339 343 346 347 351 354 357 359 359 354 352 351 343 331 323 318 312 303 298 289 290 334 348 7 4 13 11 11 14
199 199 197 198 193 194 196 198 199 201 202 204 205 205 204 203 203 203 203 202 201 202 208 212 219 226 231 241 251 250 243 237 239 254 261 266 281 297 10 3 346 331 323 322 328 332 335 339 340 337 337 339 344 348 349 354 357 358 357 355 353 352 349 339 329 324 327 305 290 285 294 300 347 358 7 1 8 8 11
195 195 193 195 189 192 194 196 197 199 200 202 203 203 202 201 201 200 200 199 199 201 205 210 216 226 232 239 249 254 251 246 242 250 258 261 279 325 348 2 354 340 329 326 329 332 333 336 338 340 339 341 344 347 351 354 357 356 355 355 353 352 351 344 330 323 319 306 293 292 303 301 335 349 355 0 4 5 8
191 191 190 193 184 189 191 193 195 196 198 200 201 202 201 199 199 198 198 198 199 203 208 211 219 229 235 237 246 251 249 246 243 248 256 264 288 312 339 350 352 343 334 329 329 333 335 340 341 342 342 343 345 349 352 355 356 355 354 353 353 353 349 350 336 332 310 300 302 303 302 299 324 355 337 348 359 2 6
188 188 186 191 180 186 188 191 192 194 196 198 199 200 199 198 197 197 197 198 199 201 208 215 223 232 238 238 239 241 243 239 237 245 257 284 302 350 344 345 345 342 336 332 332 336 339 341 343 344 344 345 347 350 353 356 355 353 351 352 354 355 353 351 345 324 313 306 319 309 301 303 320 321 337 347 355 0 4
184 184 184 189 176 183 186 188 190 192 194 196 197 198 197 196 196 196 196 197 198 199 206 216 223 230 235 236 234 234 236 233 234 246 272 300 309 333 352 352 348 344 343 340 339 340 342 343 344 346 347 348 350 352 355 356 355 352 351 352 354 356 356 353 351 341 331 327 321 312 314 315 320 321 335 347 353 359 4
181 181 181 186 173 181 183 186 187 190 192 194 196 196 195 195 194 195 195 195 197 198 205 214 221 226 231 234 232 231 231 232 236 262 295 326 314 322 359 357 350 346 345 344 343 342 344 345 345 347 348 350 352 354 356 356 354 353 352 353 355 356 355 354 349 342 340 337 324 319 320 319 324 325 331 345 353 359 4
178 178 179 184 171 179 181 183 185 188 190 193 194 194 194 193 193 193 192 191 194 199 207 215 221 225 229 233 234 231 231 235 255 293 332 320 291 321 356 354 348 344 345 345 344 344 346 347 346 347 349 352 354 356 356 355 354 354 355 356 357 357 356 353 352 351 346 340 332 323 323 321 326 332 335 351 355 0 5
174 175 177 182 169 178 179 181 184 186 189 190 191 191 192 192 191 190 189 188 191 200 210 217 222 226 229 232 235 232 232 252 321 321 336 315 288 324 351 351 346 343 343 343 343 344 346 347 347 348 350 353 356 358 357 356 355 356 357 358 359 359 357 356 353 349 347 347 345 336 330 331 335 340 343 356 357 2 6
171 173 175 181 169 177 179 180 183 185 186 188 188 189 190 189 188 187 186 184 186 198 212 219 223 228 229 234 233 232 232 288 340 338 331 313 299 321 347 348 344 341 341 342 343 344 345 347 347 349 351 355 358 359 359 358 358 358 359 0 1 1 360 358 356 354 352 349 347 346 344 344 348 352 354 2 1 5 9
169 170 173 180 168 177 178 180 181 183 184 185 186 186 187 187 186 184 184 183 185 196 210 218 223 228 234 240 238 233 238 315 337 332 326 314 303 321 343 345 340 339 340 342 343 344 345 346 347 349 352 356 359 0 1 1 1 1 2 2 2 2 2 1 358 356 354 355 355 353 352 354 358 3 5 8 5 9 12
166 168 172 180 168 177 178 179 180 181 182 183 183 184 184 184 183 182 183 184 187 196 205 213 230 235 234 234 237 237 255 304 326 328 323 314 308 327 340 341 339 340 340 341 342 344 346 346 347 349 353 357 360 1 3 4 6 6 6 5 4 3 3 2 1 360 359 359 359 359 360 3 9 13 13 12 10 14 16
163 165 170 179 168 176 176 177 178 178 179 180 181 182 182 182 182 181 182 186 191 205 214 224 232 233 232 233 235 262 297 318 326 325 319 313 317 334 340 340 340 340 341 341 343 345 347 346 347 350 353 357 0 2 5 8 11 11 10 8 7 6 5 4 4 4 4 5 5 4 6 10 16 19 20 16 16 19 21
160 163 167 177 168 175 174 175 175 176 177 178 179 179 179 180 180 181 183 186 193 199 212 223 234 235 235 233 241 321 327 322 325 321 317 307 333 346 341 341 341 341 341 342 345 347 347 346 348 351 354 358 0 3 7 11 14 15 13 11 10 10 9 8 8 8 9 10 11 11 12 16 20 23 23 20 21 23 25
158 161 165 174 167 172 172 172 173 173 174 176 177 177 177 178 179 180 183 188 193 198 209 213 222 236 245 242 41 358 323 321 323 319 313 309 353 345 342 340 340 341 341 343 346 348 348 348 349 352 356 359 1 4 9 14 17 18 16 14 13 13 13 13 13 13 14 16 17 18 19 22 25 28 26 23 25 28 29
155 158 163 171 165 170 169 169 170 171 173 174 174 174 174 175 177 179 185 192 194 198 206 208 220 257 251 285 306 333 324 328 326 321 313 307 319 351 340 340 340 340 342 345 348 349 349 349 351 354 357 0 3 7 12 16 20 20 19 17 15 15 16 18 19 19 19 21 23 25 26 28 30 32 28 27 29 32 33
153 156 161 168 163 167 167 167 168 169 171 171 171 170 171 171 174 180 189 198 197 203 202 192 271 313 312 307 306 323 326 330 333 327 314 328 340 345 340 340 341 342 343 346 349 350 351 351 353 356 359 2 6 10 14 18 21 22 22 21 19 18 19 21 24 25 25 25 26 28 31 34 36 35 31 30 33 36 37
151 154 159 164 161 164 164 165 167 168 169 168 168 167 167 167 169 183 196 201 199 207 220 194 328 339 317 306 315 321 325 331 337 322 325 329 333 337 341 342 343 343 344 346 350 353 354 355 356 358 1 5 9 14 17 19 21 23 25 25 23 22 22 24 28 32 32 31 30 31 33 37 40 39 34 32 36 39 41
150 152 157 161 159 162 162 164 165 166 166 166 165 164 164 165 169 184 203 202 202 201 194 261 341 345 329 315 316 316 324 333 342 334 344 339 338 338 343 345 346 345 345 347 352 355 358 358 359 0 4 8 14 18 20 21 22 24 26 27 27 27 26 28 33 37 39 37 35 33 34 37 40 42 38 35 38 42 44
148 151 154 158 157 159 160 161 163 164 164 163 162 162 164 166 167 185 194 183 188 77 242 302 346 344 330 320 320 322 329 338 345 340 359 343 343 340 345 347 348 347 346 349 354 358 1 2 3 4 7 13 18 22 23 24 24 26 28 30 31 31 31 33 36 41 43 43 40 38 36 36 39 41 40 37 40 44 46
147 149 151 154 154 157 158 159 161 162 162 161 161 162 165 168 172 173 138 73 61 224 294 354 347 344 334 329 326 325 327 333 346 331 352 345 349 345 348 351 350 348 349 352 357 1 4 6 7 9 12 17 22 25 27 28 28 29 31 33 35 37 37 37 39 42 45 46 45 43 40 38 40 41 41 39 42 45 48
146 147 149 151 152 155 156 158 160 160 160 160 160 164 167 170 167 128 139 114 341 19 5 356 355 349 341 337 332 328 324 320 343 342 349 343 344 351 354 355 354 352 353 356 360 4 8 11 12 14 17 21 25 28 30 31 32 33 35 37 40 42 43 43 44 44 45 46 47 46 44 42 42 43 42 41 44 47 50
145 146 147 148 150 152 154 157 158 159 159 159 160 164 168 173 175 148 175 349 303 12 2 360 358 355 350 348 339 331 328 4 351 1 356 349 352 357 359 360 359 357 358 0 3 7 11 15 18 20 22 25 28 31 33 35 36 37 39 41 43 46 48 49 49 48 47 46 46 46 44 43 44 44 44 43 46 49 51
144 145 146 146 148 151 153 156 157 157 157 157 159 164 168 172 172 191 171 307 15 11 6 3 2 1 0 357 347 343 5 3 8 360 2 1 359 1 3 4 4 4 5 7 9 11 14 19 23 26 28 29 32 35 37 39 40 42 43 45 46 49 52 54 54 53 50 48 46 44 42 41 43 45 45 45 48 51 53
143 144 144 145 147 150 153 155 156 155 154 155 158 163 170 169 153 163 105 32 25 17 9 5 7 8 8 5 0 2 22 24 14 8 9 9 9 8 7 7 8 10 11 14 17 18 19 23 28 31 33 34 36 39 41 44 46 47 48 49 50 52 54 55 55 54 52 49 47 43 41 40 42 44 47 47 51 54 55
142 143 143 144 146 149 152 153 153 151 151 154 158 165 169 164 158 113 55 38 26 20 13 8 11 14 16 15 17 19 18 22 19 14 16 17 17 15 13 11 12 15 18 20 23 25 26 29 33 36 38 40 41 43 46 48 51 52 54 54 55 56 57 57 56 54 51 49 47 45 42 41 43 46 49 51 54 56 56
142 142 143 143 146 149 151 151 150 149 150 153 158 165 176 163 168 123 28 36 24 19 15 8 14 23 25 24 33 35 26 20 17 22 23 23 24 23 21 18 19 22 25 27 29 32 33 36 39 42 44 45 47 49 51 53 55 57 59 59 59 59 59 59 58 56 53 51 49 45 43 42 45 48 52 54 58 59 59
142 142 142 143 146 149 150 149 148 149 152 154 154 157 178 166 168 100 20 35 25 18 15 11 15 30 33 36 43 48 48 36 28 29 29 27 28 30 29 28 28 30 32 34 37 39 41 43 46 48 49 51 53 54 56 58 60 62 63 63 62 62 62 61 59 56 53 52 51 48 45 43 46 50 54 58 61 63 62
142 142 143 144 146 148 148 147 147 148 150 154 148 154 177 161 187 36 41 36 25 14 13 13 18 38 41 43 44 47 51 44 37 36 35 34 33 34 35 36 37 38 39 41 43 46 48 50 52 53 55 57 59 60 62 63 64 65 65 65 65 65 64 62 60 56 53 51 51 50 47 46 48 52 57 62 65 66 65
143 143 143 145 147 148 147 146 147 146 140 140 129 139 73 65 65 47 58 50 34 12 8 13 23 36 35 36 39 41 45 44 41 41 41 42 41 42 41 42 43 45 47 48 50 52 54 56 58 60 62 63 64 65 65 66 66 66 67 67 67 66 65 63 60 58 55 54 53 52 50 48 50 54 60 65 68 70 69
143 143 144 146 148 147 146 145 146 144 123 113 116 84 81 67 54 52 52 47 32 14 11 16 31 25 16 346 335 32 39 43 42 47 45 49 49 50 50 50 51 52 54 56 57 58 60 61 64 65 67 67 67 67 67 67 67 68 68 68 68 66 64 62 60 57 56 55 55 53 51 50 51 55 62 68 71 72 72
144 144 145 148 149 147 147 147 152 130 94 124 82 70 61 54 61 57 52 47 35 23 20 28 56 55 47 1 314 49 41 48 44 50 51 53 55 56 58 59 61 62 63 63 64 65 66 67 68 69 70 70 69 69 68 68 68 68 68 68 67 64 62 59 57 56 55 55 55 54 53 52 53 57 64 69 72 74 75
145 145 146 149 150 148 147 150 133 99 116 90 90 73 59 61 56 54 51 46 34 30 31 36 47 46 50 21 6 86 56 53 50 53 56 58 59 61 63 65 67 69 69 70 71 71 72 72 72 72 72 71 70 69 68 68 67 67 67 66 64 62 60 58 56 56 56 56 57 57 56 56 57 60 66 70 73 75 76
146 146 147 150 150 149 151 135 109 96 98 91 69 79 68 61 55 51 50 44 38 39 38 42 55 56 57 47 57 99 76 60 59 60 61 63 64 65 67 69 70 71 71 72 73 74 74 75 74 74 72 71 69 68 67 67 67 67 66 66 65 63 61 59 57 56 56 56 57 58 58 58 60 63 67 71 73 75 76
147 147 149 152 152 153 156 132 97 103 95 78 71 68 67 63 60 51 47 47 46 47 46 45 47 50 53 53 57 68 73 66 65 67 65 67 66 69 72 74 76 77 78 79 80 79 78 76 74 72 69 67 66 65 65 64 65 65 65 65 65 64 62 59 57 55 54 54 54 56 58 60 62 65 69 72 73 75 77
148 148 150 154 154 156 142 100 97 91 82 74 67 64 62 62 62 57 50 51 51 54 56 55 52 51 53 56 59 63 66 63 70 68 71 69 71 72 74 77 80 83 86 87 88 87 86 83 79 73 67 66 65 65 64 65 66 66 67 66 66 65 62 56 54 52 52 53 53 55 57 61 64 67 71 73 74 75 77
149 149 151 154 156 146 124 94 90 86 80 74 69 66 64 63 63 58 56 57 59 61 65 66 66 64 64 66 68 69 70 72 73 75 77 78 77 77 76 77 78 79 80 81 81 80 78 76 74 72 70 69 68 66 66 67 68 70 70 70 70 70 68 66 62 60 58 57 57 58 60 63 67 70 72 74 74 75 77
149 149 150 153 147 140 124 101 87 83 80 77 74 71 69 68 66 64 65 68 70 72 73 73 74 74 75 75 76 78 80 81 83 84 85 86 86 85 85 85 85 85 85 85 85 84 82 81 79 77 75 73 72 71 71 72 74 76 77 77 77 76 74 71 68 66 65 64 64 65 66 68 70 72 73 74 75 76 77
150 148 150 151 150 138 126 103 87 81 79 80 77 74 72 71 70 70 72 74 76 77 78 78 78 78 79 80 81 82 84 85 86 87 88 88 87 87 86 85 85 85 84 84 83 82 80 79 77 76 75 74 73 72 72 74 75 77 77 78 78 77 76 74 71 70 69 68 68 69 70 71 72 73 74 75 76 77 77
151 150 149 146 147 139 126 104 89 80 81 81 80 76 74 74 73 74 76 78 80 80 80 80 80 80 81 82 83 84 86 87 88 88 88 88 88 87 86 85 84 83 82 81 80 79 78 77 76 76 75 74 74 74 74 75 76 77 77 78 78 78 77 76 75 74 73 73 72 72 73 73 74 75 75 76 77 77 78
