---
BL Avg Wind Direction [deg] Valid 1100 NZST ~Z75~(2300Z)~Z~ TUE 6 Jan 2026 ~Z75~[71hrFcst@2119z]~Z~
Model= RASP Region= NZ Grid= d2 Reskm= 2.0 Indexs= 1 69 1 69 Proj= lambert 2000 2000 -35.0000 -42.0000 176.0000 -37.7968 175.7263
Day= 2026 1 6 TUE ValidLST= 1100 NZST ValidZ= 2300 Fcst= 71.0 Init= 70 Param= blwind Direction Unit= m/sec Mult= 1 Min= 0 Max= 360
274 272 273 275 274 274 274 273 269 268 268 268 267 267 268 267 269 272 281 288 276 277 274 263 254 262 268 265 263 266 272 277 281 283 287 286 287 290 288 286 280 272 269 272 282 280 282 289 289 284 283 280 280 282 280 280 280 271 280 281 278 276 276 274 275 277 281 283 284
273 271 272 278 277 278 277 275 270 268 268 267 266 265 266 265 267 273 284 295 280 281 277 262 250 261 270 268 265 268 272 276 279 280 285 284 286 290 290 287 279 267 264 267 280 281 285 295 295 289 287 282 281 283 281 281 281 270 281 283 281 278 276 273 274 276 281 284 285
271 269 271 278 281 281 280 277 274 271 268 267 264 263 264 264 267 273 283 290 287 284 280 269 258 260 266 269 268 270 273 277 279 282 288 290 289 288 286 284 279 272 267 267 273 278 283 289 292 291 288 284 282 283 283 282 281 278 282 284 282 280 276 273 273 275 280 282 286
270 268 270 278 283 283 281 278 277 274 269 267 264 262 263 265 268 274 280 285 287 286 280 271 260 261 268 275 273 271 273 277 278 281 292 296 290 283 282 280 277 275 273 271 272 277 281 284 288 289 288 284 280 283 284 282 282 280 281 285 284 281 277 273 274 275 280 283 287
268 268 270 276 283 283 278 279 280 275 267 267 267 264 261 266 272 276 277 281 284 283 276 265 256 267 277 281 275 269 272 276 279 282 295 298 291 279 273 271 275 275 279 280 276 276 278 282 283 287 289 284 277 283 286 282 281 279 279 284 285 284 280 272 277 278 282 286 289
267 269 270 275 282 283 274 281 281 274 271 272 271 266 260 267 274 276 274 281 282 283 273 262 262 275 284 288 280 270 274 276 284 290 301 305 296 278 265 260 277 278 287 293 287 278 277 282 281 283 285 281 276 285 290 286 284 281 282 283 279 276 275 268 279 280 284 287 290
268 270 271 274 278 278 272 282 280 269 275 282 282 271 262 267 273 272 273 278 277 280 281 272 272 285 283 282 280 269 272 277 287 293 301 304 293 280 257 259 277 278 285 288 284 281 281 284 284 283 283 278 275 279 283 286 287 285 286 288 285 277 273 270 276 280 284 289 290
271 272 272 272 271 266 270 280 285 279 271 278 293 277 262 265 272 275 274 273 272 275 282 281 279 280 278 282 282 277 276 281 288 293 303 302 284 270 260 263 274 282 286 282 280 283 285 285 285 283 285 280 277 278 279 284 292 290 290 292 288 288 280 274 323 279 282 286 289
274 275 275 272 267 263 270 272 285 291 272 263 288 286 265 265 275 278 273 264 265 275 285 285 281 278 273 276 282 277 272 283 287 287 301 299 283 272 270 270 276 284 284 280 278 279 281 282 284 283 286 282 277 282 280 282 290 288 290 296 291 288 287 279 257 273 280 284 288
276 278 278 276 270 269 270 269 275 285 276 264 281 283 267 269 276 280 270 258 267 278 285 282 280 279 270 274 280 275 276 284 279 282 296 292 280 275 273 275 280 283 283 282 282 281 281 281 283 282 282 284 280 283 283 282 290 288 288 296 294 283 290 281 277 275 280 283 287
275 277 280 283 281 279 274 272 271 274 274 269 275 275 267 270 272 274 268 262 271 278 278 277 278 278 272 274 277 276 279 281 272 281 292 286 281 280 277 280 278 279 280 282 284 283 282 281 283 283 282 284 283 286 286 285 293 290 286 294 299 280 288 289 350 295 280 281 285
272 274 279 288 291 293 280 268 266 270 270 271 274 272 266 269 271 271 268 265 275 279 276 276 276 278 271 273 280 275 279 280 272 279 281 277 276 274 274 277 277 275 273 277 285 284 283 282 283 283 283 284 285 291 294 293 301 297 287 293 300 279 286 16 342 300 284 280 284
271 273 277 286 291 302 276 260 271 275 269 270 274 270 265 268 271 269 267 267 275 277 277 277 273 276 267 271 278 274 283 285 272 274 273 278 277 274 273 274 275 274 271 274 278 278 280 282 282 281 280 287 287 284 286 294 305 304 292 301 316 300 290 344 310 292 283 281 283
272 274 276 282 283 293 259 268 287 285 275 271 274 269 264 267 269 268 266 269 277 277 276 275 271 272 267 275 274 276 291 338 263 270 276 279 276 271 270 272 275 276 277 276 275 274 277 280 281 279 277 288 299 295 285 294 304 294 290 302 328 0 354 298 276 277 278 279 283
272 274 276 277 272 281 272 270 278 281 277 274 273 268 263 264 267 269 269 273 278 276 277 273 268 267 267 273 266 279 31 297 257 272 281 280 273 268 270 273 275 277 276 273 272 275 278 280 280 278 279 284 290 297 294 300 313 299 290 297 330 345 340 298 278 280 279 280 283
274 273 274 274 264 276 291 279 277 275 272 271 270 265 261 263 267 272 274 276 279 275 276 273 269 266 265 269 264 276 304 257 260 272 274 272 269 267 270 273 275 277 276 272 271 275 277 278 278 277 279 285 287 295 302 325 4 13 353 330 334 342 335 347 329 284 281 280 282
275 271 271 270 261 266 287 288 286 280 272 269 268 263 259 263 270 275 277 277 278 276 275 273 272 268 264 266 261 268 267 263 267 269 268 269 267 267 268 270 273 276 278 277 275 275 276 277 277 277 279 281 279 288 299 335 11 25 15 3 332 346 348 332 345 295 284 280 281
274 271 269 267 262 263 271 270 293 307 284 273 265 257 254 261 273 278 278 278 278 276 275 276 272 267 265 265 257 260 261 271 272 267 265 267 265 266 268 270 273 276 278 279 276 273 276 278 278 277 277 280 273 289 313 4 35 28 11 1 334 334 343 338 320 312 295 285 284
272 272 268 264 264 263 262 251 275 320 308 283 272 261 252 259 280 283 278 277 277 275 277 278 273 268 265 261 253 252 256 272 274 267 263 263 263 267 269 271 275 277 279 280 277 273 275 278 278 279 276 276 269 286 348 51 41 37 19 359 338 306 324 336 341 335 318 305 297
269 268 266 264 266 264 258 250 263 293 311 298 299 273 249 259 279 281 274 277 278 275 279 280 274 267 261 260 255 249 251 268 275 268 260 260 263 267 270 275 277 278 280 281 278 274 274 278 277 279 276 274 268 273 324 68 56 47 50 7 323 291 300 325 334 339 332 323 311
266 263 263 263 265 264 258 255 263 273 295 286 278 277 258 260 282 280 270 279 276 271 282 281 274 263 254 253 260 252 249 264 275 269 260 260 263 265 271 277 279 282 284 286 284 279 276 275 275 277 281 278 275 269 288 332 72 68 148 131 93 355 300 314 3 343 337 329 319
264 261 261 263 265 264 259 260 268 266 289 295 272 273 266 264 281 276 276 290 277 268 285 280 274 260 252 256 270 274 258 266 273 267 260 260 262 266 272 277 280 283 286 286 284 284 278 271 273 277 285 290 286 277 278 301 338 46 34 50 31 72 29 29 353 319 319 315 316
264 261 261 262 265 265 260 258 279 268 286 308 285 275 268 273 280 270 279 291 275 274 292 280 274 262 255 265 279 278 268 269 269 266 260 260 261 267 274 280 283 287 290 288 286 286 277 269 275 279 283 288 293 293 287 301 329 333 335 354 347 359 0 347 317 309 311 313 316
263 261 261 262 264 266 263 258 281 282 280 288 288 284 273 277 276 273 279 283 273 278 290 276 272 267 261 271 278 274 269 268 267 265 260 260 263 270 276 280 284 288 291 289 287 286 274 272 281 285 285 285 285 288 288 286 309 302 319 322 314 325 331 325 314 311 314 315 317
262 263 263 262 264 274 275 266 273 279 275 283 286 284 279 278 279 278 278 278 276 281 285 276 270 269 264 277 277 269 265 263 263 263 259 262 268 274 278 282 285 289 294 290 290 288 275 282 293 290 290 288 287 290 297 286 291 292 312 330 328 335 345 343 327 321 319 320 322
260 266 266 264 274 282 280 272 280 285 277 283 281 283 280 277 278 279 277 276 276 278 281 277 272 271 266 280 279 266 260 260 262 262 260 265 271 276 280 282 285 289 293 290 289 289 283 294 308 295 297 293 289 290 299 303 298 296 304 313 330 341 336 343 340 330 325 324 326
257 265 268 265 298 166 51 1 315 305 294 287 284 280 278 277 278 278 276 275 277 277 280 274 275 273 267 277 279 264 256 257 261 263 263 268 273 278 280 282 286 291 292 288 284 283 289 301 320 299 306 307 298 288 288 299 290 297 313 317 324 338 339 339 333 332 329 328 329
246 250 273 292 314 236 317 3 348 315 308 297 287 279 278 277 277 277 275 275 277 276 283 272 276 276 267 266 272 265 257 258 262 264 266 271 275 279 281 282 288 292 293 286 280 281 290 300 326 308 304 315 314 303 294 324 307 297 304 311 307 329 342 352 347 340 337 333 332
229 236 300 330 330 267 271 302 334 324 315 305 288 278 278 278 278 277 277 276 277 276 284 271 280 275 265 259 269 267 259 259 263 265 268 273 277 281 282 284 288 292 290 281 278 283 292 311 332 324 306 302 303 300 276 335 346 339 330 326 316 316 326 359 9 355 347 342 338
227 243 287 330 339 303 275 277 311 316 315 305 286 278 279 279 279 278 278 277 277 277 280 271 275 271 263 259 266 265 260 260 263 267 271 276 280 282 286 290 292 294 290 281 281 279 290 337 336 336 333 314 297 295 266 305 324 329 347 347 342 329 313 337 2 356 354 349 347
238 256 277 307 332 325 291 274 294 307 310 298 281 276 278 277 278 278 277 276 276 278 277 277 270 267 261 262 264 262 259 261 264 269 275 280 283 285 288 293 294 292 285 286 281 260 275 334 342 349 355 349 322 311 282 289 325 325 340 348 345 343 334 335 350 356 356 356 355
254 262 276 294 316 322 304 281 286 300 302 289 276 272 275 274 274 275 275 274 274 278 277 275 262 268 264 263 261 261 260 266 267 274 282 285 287 287 290 294 299 295 282 294 280 228 297 344 353 351 350 353 338 315 292 280 308 314 324 346 344 341 338 338 346 354 359 2 2
272 272 275 287 301 310 315 291 288 295 293 280 271 266 270 270 269 271 272 271 272 277 277 266 261 269 266 264 259 269 264 271 270 277 283 289 290 288 287 292 298 291 282 273 260 253 296 351 4 3 355 353 351 339 312 281 297 319 328 350 358 352 351 349 348 357 2 5 10
284 285 279 281 287 283 316 309 290 291 281 272 260 255 268 270 261 269 270 270 271 276 275 263 267 267 265 270 258 281 276 274 275 287 289 293 297 297 294 297 300 292 287 271 246 274 296 352 5 6 360 356 353 343 322 273 275 6 8 344 358 4 1 2 2 3 4 7 12
271 281 279 276 274 264 291 309 289 285 270 268 261 257 272 271 258 273 269 269 271 274 272 261 265 268 267 282 267 286 280 274 281 284 285 286 291 298 300 302 298 285 276 252 247 300 294 350 358 359 358 359 1 0 346 283 282 348 3 353 353 3 12 13 11 11 8 9 13
258 273 275 270 265 259 271 304 290 279 259 260 257 246 261 258 259 273 266 268 271 273 270 262 261 270 276 291 273 278 281 281 289 288 286 286 287 293 299 301 297 281 267 239 257 311 322 348 351 350 352 352 355 4 4 348 324 339 354 1 8 12 14 16 13 12 10 11 12
266 273 271 264 259 254 254 294 294 276 250 252 256 249 254 253 257 263 261 265 268 269 266 261 262 269 272 281 278 280 282 284 290 289 287 289 291 295 300 303 296 278 261 252 260 335 353 348 345 343 345 350 350 2 7 11 360 351 353 5 14 15 15 15 13 11 10 8 7
266 269 265 256 248 242 233 284 301 271 242 240 244 240 240 244 249 254 256 259 262 264 263 262 265 267 273 277 278 280 282 284 290 289 287 289 293 296 300 303 288 268 257 294 255 342 344 334 333 340 346 352 356 9 3 4 1 359 5 7 11 11 12 13 13 11 9 5 2
261 261 256 249 245 243 232 264 295 264 233 229 231 230 231 237 242 247 250 253 256 258 259 261 266 267 271 274 276 279 282 284 291 291 288 289 292 296 298 301 272 265 262 318 273 329 332 332 338 347 353 355 355 9 6 8 4 3 6 6 8 9 8 8 8 7 5 3 360
252 250 246 242 240 232 220 240 283 256 226 222 223 225 228 231 236 240 244 247 250 253 255 258 263 265 269 272 274 276 280 281 290 288 283 285 290 294 293 281 268 288 265 329 320 319 329 346 348 350 355 353 353 357 3 9 4 3 4 4 4 5 5 5 3 2 2 1 359
243 241 238 234 234 226 220 217 227 159 202 214 217 221 223 225 228 234 239 242 245 248 251 255 259 262 266 269 270 273 279 278 288 291 285 284 288 289 285 267 268 304 275 315 326 335 341 349 350 352 357 355 354 354 357 2 360 0 1 2 2 2 1 1 360 359 358 358 357
233 233 231 231 234 230 224 226 244 251 227 215 212 215 217 219 222 227 232 237 241 244 247 250 256 259 261 264 266 270 275 277 278 281 286 284 288 285 281 266 272 303 284 312 329 354 350 352 353 353 9 357 356 356 356 358 359 359 359 359 359 358 358 358 356 355 355 354 354
227 229 228 229 235 231 219 219 225 219 206 205 204 207 210 212 215 221 226 231 236 240 243 246 251 254 256 259 263 269 270 280 277 272 280 281 286 281 274 266 285 303 287 319 345 358 356 354 350 355 7 5 2 359 354 357 357 358 358 357 356 356 355 354 354 352 351 351 350
222 227 225 227 230 224 208 210 205 195 190 196 198 200 202 204 209 215 220 225 230 235 238 241 242 245 253 256 259 267 265 281 281 268 276 278 285 282 273 263 282 299 303 335 357 4 3 355 350 352 2 2 359 359 358 356 356 355 355 355 355 354 353 352 351 349 348 347 346
218 223 222 222 219 211 207 213 204 197 191 188 191 193 195 197 202 208 213 218 224 230 233 236 237 242 248 251 254 263 260 278 281 267 274 277 284 283 273 260 279 312 320 351 3 6 4 357 350 350 357 0 359 357 356 356 355 355 354 353 353 352 351 349 348 347 345 344 342
214 220 219 214 204 210 214 197 193 191 187 184 186 189 190 194 199 204 209 213 218 224 229 230 231 237 242 246 248 258 255 273 278 265 271 275 277 277 272 260 273 318 340 5 15 10 4 359 347 345 350 357 357 356 355 354 354 354 353 352 351 350 349 347 345 344 342 341 339
209 214 209 197 177 150 128 135 158 171 177 178 176 178 184 189 194 200 206 210 219 225 225 220 223 230 237 242 244 254 251 271 273 262 262 259 262 261 286 260 283 316 4 14 17 11 3 3 356 350 0 358 357 356 354 354 353 353 352 351 350 348 347 345 343 341 340 338 337
201 201 193 186 177 167 136 105 172 180 182 180 182 185 186 188 194 201 208 210 218 227 223 222 223 227 232 238 240 251 247 264 269 257 251 242 249 286 321 321 349 5 21 31 21 13 360 0 11 5 1 359 357 356 355 354 353 352 351 350 348 347 345 343 341 339 337 336 334
182 172 167 170 181 189 110 182 155 139 150 164 164 159 163 178 182 187 194 203 217 225 226 228 225 225 228 233 237 245 247 255 246 252 255 244 268 279 282 294 327 349 18 34 24 16 3 343 6 4 3 359 358 356 355 354 353 351 350 349 347 345 343 341 338 336 334 332 330
175 163 156 156 164 171 174 174 173 171 132 184 176 171 167 172 177 193 201 207 219 223 227 224 222 224 227 231 237 241 250 255 238 249 266 258 276 277 287 292 299 315 3 27 27 19 11 359 6 6 2 1 359 357 356 354 352 351 349 348 346 344 341 339 336 333 331 330 327
174 165 158 152 146 136 149 156 173 181 184 176 169 170 174 179 186 194 193 195 217 220 224 219 218 219 221 223 233 231 246 253 233 244 261 274 287 275 292 312 319 350 22 29 31 24 8 17 10 7 5 2 360 358 356 354 353 351 349 347 345 342 339 336 333 331 328 326 324
175 171 169 166 163 157 164 345 167 151 145 151 160 167 172 183 192 191 193 196 226 222 217 212 217 218 221 224 236 232 247 253 234 242 256 279 286 277 289 303 318 357 39 42 36 31 23 17 14 10 7 4 2 359 357 355 353 351 348 346 343 340 337 334 331 328 325 323 321
176 174 173 163 209 168 172 160 154 143 140 12 148 173 175 181 195 202 206 211 231 207 194 197 210 215 221 224 237 231 246 247 232 241 262 283 284 280 289 293 304 333 36 49 40 34 27 23 17 13 9 6 4 1 358 356 353 351 348 345 342 339 335 332 328 325 322 320 318
173 172 171 161 158 166 147 139 131 116 78 120 274 171 175 176 186 193 211 212 226 198 191 201 213 216 221 224 237 231 244 246 244 255 269 282 283 284 290 296 298 309 353 35 44 39 32 27 21 17 13 9 6 3 0 357 354 351 348 345 341 337 333 329 325 322 320 317 315
167 166 168 166 161 154 169 166 89 100 116 173 196 179 175 182 188 189 209 200 198 183 192 214 216 218 224 227 240 236 253 257 251 257 272 274 283 288 285 286 291 298 351 31 37 42 36 31 26 21 17 13 9 6 2 359 355 352 348 344 340 336 331 327 323 320 317 315 313
165 163 166 165 170 173 182 190 183 123 152 190 187 184 185 188 193 202 223 209 209 197 218 215 213 220 229 231 243 237 252 259 251 255 267 269 290 289 275 274 286 294 34 41 42 43 40 35 30 25 21 17 13 8 5 1 357 353 348 344 339 334 330 325 320 317 315 313 311
164 162 166 169 174 168 173 177 174 171 173 168 176 181 182 181 196 219 243 229 226 223 218 205 211 224 233 234 247 240 253 262 251 247 263 275 291 289 268 274 283 291 57 45 45 46 43 39 34 29 25 21 16 12 8 4 359 354 349 344 338 333 328 323 318 315 313 312 310
161 158 164 166 166 155 159 162 155 147 158 149 167 169 173 175 191 207 215 182 188 213 208 205 219 232 238 236 250 243 253 264 249 243 264 288 289 294 270 286 283 66 56 48 47 50 46 42 38 33 29 25 21 16 11 7 1 356 350 344 338 332 326 321 316 313 311 310 308
167 166 164 163 166 158 164 169 167 156 162 157 166 167 172 181 197 202 206 210 236 213 211 212 228 239 244 240 252 248 251 267 250 241 262 298 289 297 277 295 311 64 59 55 52 53 49 45 41 37 34 29 25 20 15 10 4 358 352 346 339 332 325 319 314 311 310 309 308
170 169 166 166 167 155 157 160 158 156 167 169 169 167 173 191 212 219 231 260 224 204 212 219 234 244 249 243 254 253 250 264 244 237 261 305 298 295 288 288 58 66 64 61 56 56 52 48 44 41 37 33 29 24 19 13 5 360 359 352 342 333 325 319 314 311 310 309 308
170 170 167 168 179 180 170 169 170 173 183 180 175 176 189 208 218 232 249 259 213 210 225 231 241 246 251 244 258 255 250 267 253 248 260 296 306 300 306 40 67 69 66 63 59 58 54 50 47 44 41 37 33 28 22 13 5 6 11 3 348 335 326 320 315 312 310 309 309
172 173 172 174 174 171 170 179 183 183 180 170 170 182 197 196 200 228 241 230 207 221 230 240 243 246 252 247 258 254 246 272 259 256 261 282 302 304 325 63 66 67 64 63 61 59 56 53 50 46 43 40 36 31 24 10 357 49 25 12 355 338 328 322 317 313 312 311 311
179 183 179 177 170 168 165 156 154 148 156 160 171 166 151 141 133 173 187 243 235 239 249 251 248 249 251 251 255 254 248 264 263 270 273 281 292 299 0 66 66 68 65 63 63 60 58 55 52 49 46 42 39 34 27 11 336 356 40 12 356 341 331 325 319 315 313 313 313
185 194 194 195 191 188 184 180 177 172 175 178 170 156 148 139 87 110 146 328 272 261 258 256 251 251 251 254 252 251 253 263 264 287 291 291 292 296 51 70 70 69 67 65 64 62 59 56 53 50 47 44 41 37 31 23 11 6 9 5 354 343 334 327 321 317 316 316 315
180 191 196 193 181 161 156 155 156 150 152 144 152 162 181 185 111 101 52 353 313 285 267 262 254 252 250 251 252 248 256 270 274 290 295 293 293 305 67 75 75 70 68 66 65 63 61 58 54 51 48 45 41 38 34 27 19 15 14 7 357 345 336 328 322 319 319 318 317
169 176 186 185 180 172 167 167 167 165 165 163 163 160 155 150 139 75 3 358 347 316 275 262 250 249 248 247 248 244 254 276 293 305 309 303 297 324 73 79 76 70 68 66 66 64 61 58 55 52 48 45 42 38 34 28 22 17 12 6 357 346 337 329 324 321 321 320 319
134 121 142 170 176 178 178 179 183 187 186 181 180 175 157 134 85 18 2 6 9 359 315 279 242 242 245 243 243 245 248 276 310 320 321 327 336 64 76 78 76 72 68 66 65 64 62 59 55 52 48 45 41 37 33 29 23 17 11 3 354 345 336 330 326 323 322 321 321
140 108 97 165 173 180 181 182 189 198 195 188 195 182 158 105 74 51 19 21 24 1 297 301 231 231 243 239 240 244 235 284 330 330 326 352 19 74 80 79 77 75 66 64 63 64 62 59 56 52 49 45 41 37 33 28 23 17 9 0 351 343 335 330 326 324 323 323 323
150 125 110 152 165 176 182 187 195 200 195 195 201 181 157 105 95 102 92 102 119 172 246 287 278 240 238 231 237 244 242 279 321 333 338 10 38 77 82 79 75 73 64 62 61 63 62 60 56 53 49 45 41 36 32 27 22 15 6 357 349 341 334 330 327 325 325 325 325
