---
BL Vertical Wind Shear [cm/sec] Valid 1200 NZST ~Z75~(0000Z)~Z~ TUE 6 Jan 2026 ~Z75~[72hrFcst@2119z]~Z~
Model= RASP Region= NZ Grid= d1 Reskm= 6.0 Indexs= 1 79 1 99 Proj= lambert 6000 6000 -35.0000 -42.0000 176.0000 -38.5000 176.0000
Day= 2026 1 6 TUE ValidLST= 1200 NZST ValidZ= 000 Fcst= 72.0 Init= 70 Param= blwindshear Unit= cm/sec Mult= 1 Min= 0 Max= 11
0 1 2 3 2 2 1 1 1 1 1 1 1 1 1 3 3 3 3 4 5 6 6 7 7 8 7 4 4 4 3 2 2 2 2 3 3 3 2 1 1 1 0 0 0 0 0 1 1 1 1 1 1 1 1 1 1 1 1 1 1 0 1 1 2 2 2 2 2 2 2 2 2 1 1 1 1 1 1
1 2 2 2 2 0 1 1 1 1 1 1 1 2 2 3 3 3 3 4 4 5 5 5 6 5 5 5 4 3 3 3 2 1 1 1 3 4 3 3 2 1 0 0 0 1 1 1 1 1 1 1 1 1 1 1 1 1 1 1 1 1 1 1 2 2 2 2 2 2 2 2 2 1 1 1 1 1 1
0 0 0 0 0 1 1 1 2 1 0 1 1 2 2 3 3 3 3 3 4 3 3 3 5 4 4 4 3 2 2 0 0 1 1 1 2 3 4 4 3 1 0 0 0 0 1 1 1 1 1 1 1 1 1 1 1 1 1 1 1 1 1 1 1 2 2 2 2 2 2 2 2 1 1 1 1 1 1
0 0 0 0 0 0 0 1 1 0 1 1 2 2 2 3 3 3 4 3 4 3 3 4 3 4 3 3 3 3 3 2 2 3 4 5 5 3 3 5 6 0 0 0 0 1 1 1 1 1 1 1 1 1 1 1 1 1 1 1 1 1 1 1 1 1 1 2 2 2 2 2 2 2 1 1 1 1 1
0 0 0 0 0 1 0 1 0 2 1 2 2 2 2 3 3 4 4 4 4 4 3 2 3 4 2 2 3 3 3 4 3 1 1 3 4 4 3 2 5 4 0 1 1 1 1 1 1 1 1 1 1 1 1 1 1 1 1 1 1 1 1 1 1 1 1 2 2 2 2 2 2 2 2 1 1 1 1
0 0 0 0 0 0 1 1 1 2 3 2 2 3 3 4 3 4 4 4 3 3 3 2 3 3 3 2 2 3 3 4 4 1 1 3 4 5 5 5 5 3 6 1 1 1 1 1 1 1 1 1 1 1 1 1 1 1 1 1 1 1 1 1 1 1 1 1 1 1 2 2 2 2 2 1 1 1 1
0 1 1 1 1 1 1 1 2 3 2 2 3 3 3 3 3 3 3 3 3 3 3 2 3 3 3 2 2 3 3 3 4 3 2 3 4 4 5 5 6 5 5 0 1 2 1 1 1 1 1 1 1 1 1 1 1 1 0 1 1 1 1 1 1 1 1 1 1 1 1 2 2 2 2 1 1 1 1
1 1 1 1 1 1 1 2 0 2 3 4 3 3 3 3 3 3 3 3 3 3 3 2 2 3 2 2 2 2 3 3 4 4 3 3 3 3 3 3 4 3 3 3 4 2 0 1 1 1 1 1 1 1 0 1 0 0 0 0 0 1 1 1 1 1 1 1 1 1 1 1 2 2 2 1 1 1 1
1 1 1 1 1 2 2 2 2 3 2 3 3 2 5 1 2 3 3 3 3 3 3 2 2 2 3 3 2 2 2 3 4 5 4 3 3 2 2 2 2 2 2 2 4 1 0 1 1 1 1 1 1 0 1 1 0 0 0 0 0 1 1 1 1 1 1 1 1 1 1 1 2 2 2 1 1 1 1
2 2 2 2 2 2 3 3 3 3 3 3 2 2 1 2 2 3 3 3 3 2 2 2 2 2 3 1 2 2 3 3 4 4 4 3 3 2 2 2 2 2 3 2 2 2 1 1 1 1 1 1 1 1 1 0 0 0 0 0 0 0 1 1 1 1 1 1 1 1 1 1 2 2 2 1 1 1 1
2 2 3 3 3 3 3 3 3 3 3 3 2 2 2 2 2 2 3 3 3 3 2 2 2 2 3 1 3 3 3 3 2 3 4 3 3 3 2 2 3 3 2 2 2 2 1 0 1 1 1 1 1 1 0 0 0 0 0 0 0 0 1 1 1 1 1 1 1 1 1 1 1 2 2 1 1 1 1
3 3 3 3 3 3 3 3 3 3 3 3 3 3 3 3 3 3 3 3 3 2 2 2 2 2 2 2 3 3 3 3 3 3 4 4 3 3 3 3 3 3 3 3 3 4 2 1 1 1 1 1 1 1 0 0 0 0 0 0 0 0 0 1 1 1 1 1 1 1 1 1 1 2 2 1 1 1 1
3 3 3 3 3 3 3 3 3 3 3 3 3 3 2 2 3 3 3 2 2 2 2 2 2 2 2 3 1 3 3 4 4 3 3 4 3 3 3 3 3 3 3 3 4 4 5 1 1 1 1 1 1 1 0 0 0 0 0 0 0 0 0 1 1 1 1 1 1 1 1 1 1 1 2 1 1 1 1
3 3 3 3 3 3 3 3 3 3 3 3 3 2 2 2 2 3 3 2 2 2 2 2 2 2 2 3 2 4 4 4 4 4 4 4 4 4 4 3 3 4 4 4 5 5 4 3 1 1 1 1 1 1 0 0 0 0 0 0 0 0 0 1 1 1 1 1 1 1 1 1 1 1 1 1 1 1 1
3 3 3 3 3 3 3 3 3 3 3 3 3 2 2 2 2 2 2 2 2 2 2 2 2 2 2 2 2 4 4 4 4 5 5 4 4 5 5 5 4 4 5 5 6 6 4 3 1 1 1 1 1 1 0 0 0 0 0 0 0 0 0 1 1 1 1 1 1 1 1 1 1 1 1 1 1 1 1
3 3 3 3 3 3 3 3 3 3 3 3 2 2 2 2 2 2 2 2 2 2 2 2 2 2 2 2 2 4 4 4 5 5 5 5 5 5 5 5 5 5 5 6 6 7 5 4 1 1 2 1 1 0 0 0 0 0 0 0 0 0 0 0 1 1 1 1 1 1 1 1 1 1 1 1 1 1 1
3 3 3 3 3 3 3 3 3 3 2 2 2 2 2 2 2 2 2 2 2 2 2 2 2 2 2 2 2 3 4 5 5 5 5 5 5 5 5 6 6 6 6 7 7 6 6 5 2 1 1 1 1 0 0 0 0 0 0 0 0 0 0 0 1 1 1 1 1 1 1 1 1 1 1 1 1 1 1
3 3 3 3 3 3 3 2 2 2 2 2 2 2 2 2 2 2 2 2 2 2 2 2 2 2 2 1 4 4 5 5 5 5 5 6 5 4 5 5 5 6 7 7 8 5 6 9 4 2 1 1 1 0 0 1 0 0 0 0 0 0 0 1 1 1 1 1 1 1 1 1 1 1 1 1 1 1 1
3 3 3 3 3 3 2 2 2 2 2 2 2 2 2 2 2 2 2 2 2 2 2 2 2 2 2 2 3 3 4 4 5 5 5 6 6 5 4 4 5 6 7 8 6 4 5 8 10 6 2 1 1 0 1 1 1 1 0 0 0 0 0 1 1 1 1 1 1 1 1 1 1 1 1 1 1 1 1
3 3 3 3 2 2 2 2 2 2 2 2 2 2 2 2 2 2 2 2 2 2 2 2 2 2 2 2 3 3 4 5 5 5 5 5 5 5 5 4 5 6 7 6 5 3 5 5 8 9 3 0 1 0 0 1 0 0 0 0 0 0 0 1 1 1 1 1 1 1 1 1 1 1 1 1 1 1 1
3 3 3 2 2 2 2 2 2 2 2 2 2 2 2 2 2 2 2 2 2 2 2 2 2 2 2 3 3 4 5 5 5 5 5 4 4 4 4 4 5 6 5 4 4 4 5 5 8 9 4 0 1 0 0 0 0 0 0 0 0 0 0 1 1 1 1 1 1 1 1 1 1 1 1 1 1 1 1
2 2 2 2 2 2 2 2 2 2 2 2 2 2 2 2 2 2 2 2 2 1 2 1 2 2 3 3 4 5 5 5 5 5 4 4 3 3 4 4 4 5 4 4 6 5 5 6 9 9 5 1 0 0 0 0 0 0 0 0 0 0 0 1 1 1 1 1 1 1 1 1 1 1 1 1 1 1 1
2 2 2 2 2 2 2 2 2 2 2 2 2 2 2 2 2 2 2 2 2 2 2 1 2 2 3 3 5 5 6 5 4 4 4 4 3 3 3 4 4 4 3 5 7 6 5 7 9 10 7 2 1 0 0 0 0 0 0 0 0 0 1 1 1 1 1 1 1 1 1 1 1 1 1 1 1 1 1
2 2 2 2 2 2 2 2 2 2 2 1 1 1 1 1 1 1 2 2 2 2 2 2 2 2 2 3 5 6 6 5 4 4 4 4 4 3 3 3 4 4 2 5 7 6 6 6 8 9 9 5 2 0 0 0 0 0 0 0 0 0 1 1 1 1 1 1 1 1 1 1 1 1 1 1 1 1 1
2 2 2 2 2 2 2 2 2 2 1 1 1 1 1 1 1 2 1 3 1 3 3 4 4 5 5 4 5 6 6 5 5 5 5 4 5 4 4 3 4 4 2 6 7 6 6 7 8 9 9 5 2 1 1 0 0 0 0 0 0 0 1 1 1 1 1 1 1 1 1 1 1 1 1 1 1 1 1
1 2 2 2 2 2 1 1 1 1 1 1 1 1 1 1 1 1 3 4 5 5 6 6 6 7 7 7 7 6 6 5 5 5 5 5 5 5 4 4 5 4 3 6 6 3 6 8 10 10 8 5 3 2 0 0 0 0 0 0 0 1 1 1 1 1 1 1 1 1 1 1 1 1 1 1 1 1 1
1 1 1 1 1 1 1 1 1 1 1 1 1 1 1 1 1 3 3 4 5 6 6 5 5 5 5 6 6 5 5 5 5 5 5 5 6 6 5 4 5 4 4 6 5 4 6 10 10 9 8 5 3 2 0 0 0 0 0 0 0 1 1 1 1 1 1 1 1 1 1 1 1 1 1 1 1 1 1
1 1 1 1 1 1 1 1 1 1 1 1 1 1 1 1 2 3 3 5 6 6 6 5 5 4 4 4 4 4 5 5 5 6 6 6 6 6 5 5 5 5 3 6 3 4 9 10 9 6 4 3 3 1 0 0 0 0 0 0 0 1 1 1 1 1 1 1 1 1 1 1 1 1 1 1 1 1 1
1 1 1 1 1 1 1 1 1 1 1 1 1 1 2 2 2 3 4 6 5 4 4 4 4 4 4 4 4 4 5 5 6 6 7 8 7 7 7 7 6 5 2 6 4 7 9 10 7 4 2 1 1 1 0 0 0 0 0 0 1 1 1 1 1 1 1 1 1 1 1 1 1 1 1 1 1 1 1
1 1 1 1 1 1 1 1 1 1 1 1 3 4 5 5 5 5 6 5 4 3 3 3 3 3 2 3 4 4 4 5 6 7 7 7 7 8 7 7 6 5 3 2 7 9 10 8 5 3 2 1 1 1 0 0 0 0 0 0 1 1 1 1 1 1 1 1 1 1 1 1 1 1 1 1 1 1 1
1 1 1 1 1 1 1 1 1 1 2 3 4 5 5 6 6 6 5 4 3 3 2 3 2 1 1 2 3 3 4 4 6 6 6 7 7 8 8 7 7 6 4 2 7 10 11 8 3 2 1 1 1 0 0 0 0 0 0 1 1 1 1 1 0 1 1 1 1 1 1 1 1 1 1 1 1 1 1
1 1 1 1 1 1 1 1 1 2 3 3 4 4 6 6 6 5 4 3 2 2 2 2 1 1 1 2 2 3 3 4 5 6 6 7 7 8 7 8 7 6 6 5 6 10 10 8 3 2 0 0 1 0 0 0 0 0 0 1 1 1 1 0 0 0 1 1 1 1 1 1 1 1 1 1 1 1 1
1 1 1 1 1 1 1 1 1 2 2 3 4 6 6 6 4 3 3 2 0 0 1 1 1 0 1 2 2 3 4 4 5 4 5 7 8 8 6 6 7 7 7 6 6 8 9 6 3 2 1 1 0 0 0 0 0 0 0 0 1 1 0 0 0 0 0 1 1 1 1 1 1 1 1 1 1 1 1
1 1 1 1 1 1 1 1 2 2 2 3 3 2 2 2 1 2 2 2 1 1 1 1 1 1 1 2 3 4 4 4 3 2 2 7 6 3 3 5 7 6 6 6 6 7 8 6 3 2 1 0 0 1 0 0 0 0 0 0 0 1 1 0 0 0 0 1 1 1 1 1 1 1 1 1 1 1 1
1 1 1 1 1 1 1 0 1 1 2 2 2 5 5 4 4 3 3 2 1 1 1 1 1 1 2 3 3 4 4 4 2 1 0 5 2 0 2 3 7 6 6 4 5 6 6 7 4 3 2 1 0 1 0 0 0 0 0 0 0 0 1 1 1 1 0 1 1 1 1 2 1 1 1 1 1 1 1
1 1 1 1 1 1 1 1 1 1 2 2 4 5 5 5 5 5 4 3 2 2 1 1 1 1 2 3 3 3 4 4 5 2 2 2 4 3 4 4 2 3 3 2 4 4 4 6 7 6 3 1 0 1 0 0 0 0 0 0 0 1 1 1 1 1 1 0 1 1 1 2 1 1 1 1 1 1 1
1 1 1 1 1 0 1 0 1 1 2 3 3 3 4 4 4 5 5 4 3 2 2 2 2 1 1 2 3 4 4 5 6 7 6 3 7 6 6 6 5 3 3 5 4 3 6 6 6 8 4 1 0 1 1 0 0 0 0 0 1 1 1 1 0 1 2 1 1 1 2 2 1 1 1 2 1 1 1
1 1 1 1 1 0 1 0 0 1 2 3 3 3 3 3 4 4 4 4 3 2 2 2 1 1 2 2 2 3 4 5 6 6 6 4 7 6 6 6 7 7 7 7 7 6 5 6 5 5 7 2 1 1 1 1 1 1 0 1 1 1 1 1 1 1 1 0 1 1 2 2 2 1 2 2 1 1 1
1 1 1 1 1 1 0 0 0 0 0 2 2 3 3 3 3 3 4 3 3 2 2 2 1 1 2 2 2 3 3 4 5 6 6 5 6 6 6 7 7 8 8 8 7 5 5 5 2 2 7 3 1 1 0 1 1 1 1 1 1 1 1 1 1 0 1 1 1 1 2 1 2 2 2 2 1 1 1
0 1 1 1 1 1 0 0 0 0 0 1 1 2 2 3 3 2 3 3 2 1 2 1 1 1 1 1 1 2 3 4 4 5 6 3 5 5 5 6 6 7 6 7 6 5 5 4 1 1 5 8 3 1 1 1 1 2 2 2 2 2 2 3 2 1 1 2 1 2 2 1 2 2 2 2 2 1 1
0 0 1 1 1 1 0 0 0 0 0 1 1 1 1 1 0 1 1 1 1 1 2 2 1 1 1 1 1 1 2 3 4 4 5 2 3 4 4 4 6 6 6 6 5 5 3 3 2 0 2 4 8 5 2 2 2 3 3 3 3 3 3 2 2 1 0 2 2 2 2 2 2 2 2 2 2 1 1
0 0 1 1 1 0 0 0 0 0 0 1 1 1 1 1 1 1 1 1 2 1 2 2 1 1 0 0 0 0 1 2 3 3 4 2 1 2 3 4 4 4 5 5 4 4 3 2 1 1 1 3 3 7 5 2 5 6 6 6 6 5 2 1 2 2 1 2 2 2 2 2 2 2 2 2 2 1 1
0 0 0 1 1 0 0 0 0 0 0 1 1 1 1 1 1 1 2 2 2 2 2 2 1 1 1 1 0 0 1 2 3 3 2 3 2 1 1 4 3 3 3 3 2 3 3 2 2 2 2 3 2 1 5 5 8 9 7 7 5 1 1 2 2 2 0 2 1 1 2 2 2 2 2 2 2 1 1
0 0 0 0 0 0 0 0 0 0 1 1 1 1 1 1 1 1 1 1 1 2 2 3 1 1 1 1 1 1 1 2 3 3 0 5 5 2 2 1 2 2 2 2 2 3 3 2 2 3 3 3 2 1 1 1 5 8 6 7 2 2 4 2 2 1 0 2 1 1 2 2 2 2 2 2 2 1 1
0 0 0 0 0 0 0 0 0 0 1 1 1 1 1 1 1 1 1 1 1 2 3 3 2 1 0 0 1 1 2 3 3 2 2 1 0 1 2 1 2 1 2 2 3 3 2 1 2 3 3 3 3 1 2 1 4 7 2 4 1 1 2 3 1 1 0 2 2 2 2 2 2 2 2 2 2 2 1
0 0 0 0 0 0 0 0 0 0 1 1 1 1 1 1 1 1 0 1 2 2 3 3 2 2 1 1 0 1 2 2 3 3 0 6 1 2 2 2 1 1 1 2 2 2 1 1 2 3 3 3 2 2 2 3 2 5 3 3 1 1 2 1 1 1 1 1 1 2 2 2 2 2 2 2 2 1 1
0 0 0 0 0 0 0 0 0 0 1 1 1 1 1 1 0 1 0 1 2 2 3 3 2 2 1 1 1 1 2 3 3 3 0 4 5 4 2 2 2 1 1 2 2 1 1 2 2 3 3 2 2 2 2 3 4 1 6 4 2 1 2 1 2 2 3 3 3 1 2 2 2 2 2 2 2 1 1
0 0 0 0 0 0 0 0 0 0 1 1 1 1 1 1 0 0 0 0 1 3 4 3 2 1 1 2 2 2 2 3 3 4 1 3 4 3 2 2 2 2 1 0 1 1 2 2 2 3 2 2 2 2 2 3 3 3 4 4 4 2 2 2 4 3 3 3 5 2 1 2 2 2 2 2 2 1 1
0 0 0 0 0 0 0 0 0 0 1 1 1 1 1 1 0 0 0 0 1 2 4 3 2 0 1 1 1 2 2 3 3 4 2 4 5 3 2 2 1 1 1 1 1 2 2 2 2 3 2 2 2 2 2 3 3 4 4 3 1 4 3 2 4 2 2 2 4 3 1 1 2 2 2 2 2 1 1
0 0 0 0 0 0 0 0 0 0 0 1 1 1 1 1 0 0 0 0 1 2 3 2 2 1 0 1 1 1 2 3 3 4 2 5 5 3 2 1 1 1 1 2 2 1 1 1 3 3 2 2 2 2 3 4 4 3 3 2 3 1 3 1 2 1 1 1 4 3 1 1 2 2 2 2 1 1 1
0 0 0 0 0 0 0 0 0 0 0 1 1 1 1 1 0 0 0 0 1 2 4 1 1 1 0 0 1 1 2 3 3 1 2 5 3 1 0 0 2 2 2 2 2 1 0 2 3 3 2 2 2 3 4 4 4 3 2 1 2 2 3 3 0 0 2 1 5 4 2 1 1 2 2 1 1 1 1
0 0 0 0 0 0 0 0 0 0 0 1 1 1 1 0 0 0 0 1 1 2 4 4 2 0 1 0 1 1 2 3 2 2 4 4 3 2 0 1 2 2 2 1 2 1 2 2 3 3 3 3 3 4 5 3 3 3 1 1 3 2 3 2 3 2 3 5 6 4 2 1 1 2 1 1 1 1 1
0 0 0 0 0 0 0 0 0 0 0 1 1 1 1 0 0 0 0 1 0 2 3 4 4 1 1 1 1 1 2 3 3 4 4 4 3 3 2 1 0 1 0 1 2 3 3 2 3 4 4 4 4 5 5 5 2 1 1 1 2 3 3 3 4 4 2 1 2 4 3 2 2 2 1 1 1 1 1
0 0 0 0 0 0 0 0 0 0 0 0 1 1 1 0 0 0 0 0 0 2 3 5 5 2 2 2 2 2 2 3 4 4 4 4 3 3 2 1 1 2 2 2 4 4 2 2 4 5 5 5 5 4 3 3 1 1 1 1 1 3 3 3 4 3 1 2 2 3 3 2 2 2 1 1 1 1 1
0 0 0 0 0 1 0 0 0 0 0 0 1 1 1 0 0 0 0 0 1 1 3 4 3 0 1 3 3 2 2 2 3 3 4 3 3 4 3 2 0 2 3 4 4 1 1 4 5 5 6 5 4 1 2 1 1 1 0 0 1 3 3 3 3 1 2 3 2 3 4 2 2 2 2 1 1 1 1
0 0 0 0 0 0 0 0 0 0 0 0 1 1 1 0 0 0 0 0 1 2 3 4 5 4 2 3 3 2 2 2 2 2 2 2 3 3 3 3 1 3 5 5 5 4 3 4 6 7 5 4 4 2 2 1 2 1 1 1 1 2 2 1 1 1 2 2 2 1 3 2 2 2 1 1 1 1 1
0 0 0 0 1 0 0 0 0 0 0 0 0 0 0 0 0 0 0 1 1 1 1 3 3 4 1 3 3 3 2 2 2 1 1 1 3 3 4 3 2 3 4 2 4 4 5 4 5 7 6 4 3 4 3 3 4 2 2 1 1 2 2 2 0 1 3 1 1 2 1 3 3 3 2 1 1 1 1
0 0 0 0 1 0 0 0 0 0 0 0 0 0 0 0 0 0 0 1 1 1 1 3 3 4 1 4 4 3 2 2 2 2 1 1 2 3 4 4 2 3 3 2 3 3 5 5 4 5 5 3 4 3 4 3 3 3 3 2 2 2 2 3 0 0 1 2 1 2 2 4 4 2 2 2 2 1 1
0 0 0 0 1 0 0 0 0 0 0 0 0 0 0 0 0 0 0 1 1 1 2 3 4 4 2 5 4 3 2 2 3 3 2 2 2 3 4 4 2 3 5 6 6 5 6 6 6 4 4 5 4 4 3 0 2 2 2 2 3 2 2 2 2 2 2 1 2 2 2 4 5 4 2 2 2 2 1
0 0 0 1 0 0 0 0 0 0 0 0 0 0 0 0 0 0 0 0 1 0 2 4 5 1 3 5 4 3 2 2 2 2 2 2 2 3 4 3 3 4 4 5 6 6 7 6 5 5 5 4 2 2 0 0 0 1 1 1 0 2 2 2 3 3 3 2 2 4 2 3 5 5 1 3 2 2 1
0 0 0 1 0 0 0 0 0 0 0 0 0 0 0 0 0 0 0 0 1 2 3 4 3 2 3 4 3 2 1 2 2 2 1 1 2 3 3 2 5 5 5 5 6 4 5 6 4 2 2 2 1 1 1 0 0 0 1 1 1 1 2 2 2 3 3 0 1 2 2 1 4 5 4 3 3 2 1
0 1 0 0 0 0 0 0 0 0 0 0 0 0 0 0 0 0 0 0 1 1 3 4 4 3 2 3 3 1 1 2 2 1 1 2 2 3 2 3 6 6 5 5 6 4 3 2 2 0 0 1 1 0 0 0 0 1 1 1 1 1 1 2 2 3 3 2 3 3 3 1 5 4 4 3 3 2 1
1 1 0 0 0 0 0 0 0 0 0 0 0 0 0 0 0 0 0 0 0 1 1 1 4 3 1 3 2 1 1 2 1 1 2 2 2 3 2 5 5 5 4 3 2 2 2 0 0 0 0 0 1 0 1 1 0 0 1 1 1 1 1 1 2 3 3 3 3 2 2 2 4 5 2 2 3 2 1
0 0 0 0 0 0 0 0 0 0 0 0 0 0 0 0 0 0 0 0 0 0 3 3 4 2 1 3 2 1 1 1 1 2 2 2 2 2 3 4 3 2 2 1 1 0 0 0 0 0 0 0 1 1 1 0 0 1 1 1 1 1 1 0 2 3 3 3 3 3 2 2 3 5 2 1 2 2 1
1 1 0 0 0 0 0 0 0 0 0 0 0 1 0 0 0 0 0 0 0 1 3 4 4 1 2 3 2 0 1 1 1 2 1 2 2 1 4 3 2 2 0 0 0 0 0 0 0 0 1 1 1 0 0 0 0 1 1 1 1 1 0 1 1 3 3 3 3 3 3 3 3 4 1 1 1 1 1
0 0 0 0 0 0 0 0 0 0 0 0 0 1 0 0 0 0 0 1 1 1 3 4 2 1 3 3 2 0 1 1 1 1 1 2 2 2 2 1 1 1 0 0 0 0 0 0 0 0 0 0 1 1 0 0 0 1 1 1 1 1 1 1 1 1 1 1 2 3 2 3 3 3 0 0 1 1 0
0 0 0 0 0 0 0 0 0 0 0 0 0 0 0 0 0 0 0 1 0 3 5 3 1 1 3 2 1 0 1 0 1 0 1 2 1 2 2 1 2 1 0 0 0 0 0 0 0 1 1 1 1 1 0 0 0 1 1 1 1 1 1 1 1 1 1 2 1 2 2 2 2 1 0 0 0 0 0
0 0 0 0 0 0 0 0 0 0 0 0 0 0 0 0 0 0 0 0 1 4 4 2 1 2 2 2 1 2 2 1 1 1 2 2 1 3 2 1 1 1 0 0 0 0 0 1 1 1 1 1 1 0 0 0 1 1 1 1 1 1 1 1 1 1 1 1 1 1 0 1 1 0 1 0 0 0 0
0 0 0 0 0 0 0 0 0 0 0 0 0 0 0 0 0 0 0 0 0 4 4 2 2 2 2 1 2 3 2 1 1 1 2 1 2 4 1 1 1 0 0 0 0 0 1 1 1 1 1 1 1 0 0 0 1 1 1 1 1 1 1 1 1 1 0 1 0 0 0 0 0 1 0 0 0 0 0
0 0 0 0 0 0 0 0 0 0 0 0 0 0 0 0 0 0 1 0 2 5 3 2 2 4 1 0 2 2 1 2 1 1 2 1 2 4 2 1 0 0 0 1 1 1 1 1 1 1 1 1 0 0 0 0 1 1 1 1 1 1 1 1 0 0 0 0 0 0 0 0 0 0 0 0 0 0 0
0 0 0 0 0 0 0 0 0 0 0 0 0 0 0 0 0 0 1 1 3 5 2 2 3 3 3 3 3 1 1 2 1 2 3 2 3 3 1 0 0 0 1 1 1 1 1 1 1 1 1 0 0 0 0 0 1 1 0 0 0 0 0 0 0 0 0 0 0 0 0 0 0 0 0 0 0 0 0
0 0 0 0 0 0 0 0 0 0 0 0 0 0 0 0 0 0 0 0 3 5 2 2 2 2 3 3 2 0 2 1 0 2 3 2 3 2 1 0 0 1 1 1 1 1 1 1 1 1 1 0 0 0 0 0 0 0 0 0 0 0 0 0 0 0 0 0 0 0 0 0 0 0 0 0 0 0 0
0 0 0 0 0 0 0 0 0 0 0 0 0 0 0 0 0 1 1 2 4 5 2 1 2 2 3 2 2 2 3 2 1 3 3 3 3 1 0 1 0 1 1 1 1 1 1 1 1 1 0 0 0 0 0 0 0 0 0 0 0 0 0 0 0 0 0 0 0 0 0 0 0 0 0 0 0 0 0
0 0 0 0 0 0 0 0 0 0 0 0 0 0 0 0 0 0 0 4 4 4 2 2 3 4 4 3 5 1 0 0 4 5 1 5 3 1 0 1 1 1 1 1 1 1 1 1 1 0 0 0 0 0 0 0 0 0 0 0 0 0 0 0 0 0 0 0 0 0 0 0 0 0 0 0 0 0 0
0 0 0 0 0 0 0 0 0 0 0 0 0 0 0 0 0 1 3 4 1 4 5 4 2 1 3 4 6 1 0 0 1 5 3 2 3 2 1 0 1 1 1 1 1 1 1 1 0 0 0 0 0 0 0 0 0 0 0 0 0 0 0 0 0 0 0 0 0 0 0 0 0 0 0 0 0 0 0
0 0 0 0 0 0 0 0 0 0 0 0 0 0 1 0 1 1 4 2 0 0 4 5 4 3 2 3 4 1 0 0 4 1 2 2 3 2 1 1 1 1 1 1 1 1 1 0 0 0 0 0 0 0 0 0 0 0 0 0 0 0 0 0 0 0 0 0 0 0 0 0 0 0 0 0 0 0 0
0 0 0 0 0 0 0 0 0 0 0 0 0 0 1 1 1 4 0 1 0 0 0 4 3 5 4 1 3 1 0 0 3 2 1 1 3 0 0 1 1 1 1 1 1 1 0 0 0 0 0 0 0 0 0 0 0 0 0 0 0 0 0 0 0 0 0 0 0 0 0 0 0 0 0 0 0 0 0
0 0 0 0 0 0 0 0 0 0 0 0 0 0 0 0 1 4 4 0 0 3 2 3 4 5 3 2 1 1 1 1 3 1 2 2 2 1 1 1 1 1 1 1 1 0 0 0 0 0 0 0 0 0 0 0 0 0 0 0 0 0 0 0 0 0 0 0 0 0 0 0 0 0 0 0 0 0 0
0 0 0 0 0 0 0 0 0 0 0 0 0 0 0 0 1 2 4 4 2 1 3 3 3 3 1 0 1 1 2 3 1 1 2 3 3 1 1 1 1 0 0 0 0 0 0 0 0 0 0 0 0 0 0 0 0 0 0 0 0 0 0 0 0 0 0 0 0 0 0 0 0 0 0 0 0 0 0
0 0 0 0 0 0 0 0 0 0 0 0 0 0 0 1 3 4 1 3 4 3 3 0 1 2 0 1 0 1 1 3 1 0 3 3 3 1 0 0 0 0 0 0 0 0 0 0 0 0 0 0 0 0 0 0 0 0 0 0 0 0 0 0 0 0 0 0 0 0 0 0 0 0 0 0 0 0 0
0 0 0 0 0 0 0 0 0 0 0 1 1 0 0 1 4 3 2 4 3 0 0 1 0 3 4 1 0 0 1 1 2 0 3 1 0 0 0 0 0 0 0 0 0 0 0 0 0 0 0 0 0 0 0 0 0 0 0 0 0 0 0 0 0 0 0 0 0 0 0 0 0 0 0 0 0 0 0
0 0 0 0 1 1 0 0 1 0 1 1 1 1 1 2 3 2 1 4 3 1 0 1 0 0 0 1 0 0 0 1 1 1 4 4 1 0 0 0 0 0 0 0 0 0 0 0 0 0 0 0 0 0 0 0 0 0 0 0 0 0 0 0 0 0 0 0 0 0 0 0 0 0 0 0 0 0 0
0 0 0 0 0 0 1 1 1 1 1 1 1 1 0 3 0 2 3 4 2 0 0 0 0 0 0 0 0 0 1 1 1 2 0 3 1 0 0 0 0 0 0 0 0 0 0 0 0 0 0 0 0 0 0 0 0 0 0 0 0 0 0 0 0 0 0 0 0 0 0 0 0 0 0 0 0 0 0
0 0 0 0 0 0 1 1 1 1 1 1 1 1 2 3 2 1 4 2 1 0 0 0 0 0 0 0 0 0 1 2 2 1 1 0 1 0 0 0 0 0 0 0 0 0 0 0 0 0 0 0 0 0 0 0 0 0 0 0 0 0 0 0 0 0 0 0 0 0 0 0 0 0 0 0 0 0 0
0 0 0 0 1 1 1 1 1 1 1 1 1 1 5 2 3 2 4 2 0 0 0 0 1 1 1 0 1 1 2 1 3 1 0 0 0 0 0 0 0 0 0 0 0 0 0 0 0 0 0 0 0 0 0 0 0 0 0 0 0 0 0 0 0 0 0 0 0 0 0 0 0 0 0 0 0 0 0
0 0 0 0 0 1 1 1 1 1 1 1 1 5 1 1 2 3 4 2 0 0 0 0 0 0 0 0 1 2 2 3 0 0 0 0 0 0 0 0 0 0 0 0 0 0 0 0 0 0 0 0 0 0 0 0 0 0 0 0 0 0 0 0 0 0 0 0 0 0 0 0 0 0 0 0 0 0 0
0 0 0 0 1 1 1 1 1 1 1 1 5 3 0 1 3 3 4 2 1 1 0 0 0 0 0 0 1 2 2 0 1 0 0 0 0 0 0 0 0 0 0 0 0 0 0 0 0 0 0 0 0 0 0 0 0 0 0 0 0 0 0 0 0 0 0 0 0 0 0 0 0 0 0 0 0 0 0
0 0 0 1 1 1 1 1 1 1 0 1 2 1 0 3 2 3 4 3 1 0 1 0 0 0 0 0 1 0 1 0 1 0 0 0 0 0 0 0 0 0 0 0 0 0 0 0 0 0 0 0 0 0 0 0 0 0 0 0 0 0 0 0 0 0 0 0 0 0 0 0 0 0 0 0 0 0 0
0 0 1 1 1 1 1 1 1 1 5 4 1 0 4 3 1 2 3 3 2 0 0 0 0 0 0 0 1 1 0 0 1 0 0 0 0 0 0 0 0 0 0 0 0 0 0 0 0 0 0 0 0 0 0 0 0 0 0 0 0 0 0 0 0 0 0 0 0 0 0 0 0 0 0 0 0 0 0
1 1 1 1 1 1 1 1 0 1 2 1 2 2 3 2 2 3 2 3 2 0 0 1 1 1 0 0 1 1 1 1 1 0 0 0 0 0 0 0 0 0 0 0 0 0 0 0 0 0 0 0 0 0 0 0 0 0 0 0 0 0 0 0 0 0 0 0 0 0 0 0 0 0 0 0 0 0 0
1 1 1 1 1 1 1 1 1 3 1 1 2 4 1 1 3 5 3 2 2 0 0 1 1 1 1 0 1 2 2 1 0 0 0 0 0 0 0 0 0 0 0 0 0 0 0 0 0 0 0 0 0 0 0 0 0 0 0 0 0 0 0 0 0 0 0 0 0 0 0 0 0 0 0 0 0 0 0
1 1 1 1 1 1 1 1 2 4 1 4 3 1 0 1 4 3 3 2 0 0 0 1 0 0 1 0 1 3 1 0 0 0 0 0 0 0 0 0 0 0 0 0 0 0 0 0 0 0 0 0 0 0 0 0 0 0 0 0 0 0 0 0 0 0 0 0 0 0 0 0 0 0 0 0 0 0 0
1 1 1 1 1 1 1 1 5 2 3 1 2 2 3 4 4 3 2 0 0 0 0 1 1 1 1 1 1 3 2 1 1 0 0 1 0 0 0 0 0 0 0 0 0 0 0 0 0 0 0 0 0 0 0 0 0 0 0 0 0 0 0 0 0 0 0 0 0 0 0 0 0 0 0 0 0 0 0
1 1 1 1 1 1 0 0 3 2 1 1 2 4 4 3 2 1 1 0 0 0 0 0 0 1 1 1 1 2 3 0 1 0 1 0 0 0 0 0 0 0 0 0 0 0 0 0 0 0 0 0 0 0 0 0 0 0 0 0 0 0 0 0 0 0 0 0 0 0 0 0 0 0 0 0 0 0 0
1 1 1 1 0 0 1 4 1 2 2 2 3 2 3 3 3 2 0 0 0 0 1 1 1 1 1 1 1 1 0 1 1 1 1 1 0 0 0 0 0 0 0 0 0 0 0 0 0 0 0 0 0 0 0 0 0 0 0 0 0 0 0 0 0 0 0 1 1 1 1 0 0 0 0 0 0 0 0
1 1 1 1 1 2 5 2 1 1 1 1 1 1 1 1 2 1 0 0 1 1 1 1 1 1 1 1 0 0 0 1 1 1 1 1 1 0 0 0 0 0 0 0 0 0 0 0 0 0 0 0 0 0 0 0 0 0 0 0 0 0 0 0 0 1 1 1 1 1 1 1 0 0 0 0 0 0 0
1 1 1 1 2 4 3 2 1 1 1 1 1 1 1 0 0 0 1 1 1 1 1 1 1 1 1 0 0 0 0 0 0 0 0 0 0 0 0 0 0 0 0 0 0 0 0 0 0 0 0 0 0 0 0 0 0 0 0 0 0 0 0 0 0 0 0 0 0 0 0 0 0 0 0 0 0 0 0
1 1 1 1 2 4 3 2 1 1 1 1 1 1 0 0 0 0 1 1 1 1 1 1 1 1 1 1 1 0 0 0 0 0 0 0 0 0 0 0 0 0 0 0 0 0 0 0 0 0 0 0 0 0 0 0 0 0 0 0 0 0 0 0 0 0 0 0 0 0 0 0 0 0 0 0 0 0 0
1 0 1 1 2 3 2 2 0 0 0 0 0 0 0 0 0 0 1 1 1 1 1 1 0 0 0 0 0 0 0 0 0 0 0 0 0 0 0 0 0 0 0 0 0 0 0 0 0 0 0 0 0 0 0 0 0 0 0 0 0 0 0 0 0 0 0 0 0 0 0 0 0 0 0 0 0 0 0
