---
Cloud Fraction - Low [%] Valid 1900 NZST ~Z75~(0700Z)~Z~ TUE 6 Jan 2026 ~Z75~[79hrFcst@2119z]~Z~
Model= RASP Region= NZ Grid= d1 Reskm= 6.0 Indexs= 1 79 1 99 Proj= lambert 6000 6000 -35.0000 -42.0000 176.0000 -38.5000 176.0000
Day= 2026 1 6 TUE ValidLST= 1900 NZST ValidZ= 700 Fcst= 79.0 Init= 70 Param= cfracl Unit= % Mult= 1 Min= 0 Max= 100
0 0 0 0 0 0 0 0 0 4 19 10 0 0 0 12 15 19 21 20 19 15 8 0 0 0 0 0 0 0 0 0 0 0 0 0 0 0 0 0 0 0 0 0 0 0 0 0 0 0 0 0 6 23 37 50 60 65 66 63 61 59 56 53 50 48 47 45 44 44 43 43 43 44 44 46 47 48 48
0 0 0 0 0 0 0 0 1 22 40 47 0 0 0 17 21 21 19 18 19 18 17 18 0 0 0 0 0 0 0 0 0 0 0 0 0 0 0 0 0 0 0 0 0 0 0 0 0 0 0 0 9 30 47 59 67 70 70 68 66 64 61 57 55 53 51 50 50 50 49 49 48 47 47 48 48 48 48
0 0 0 0 0 0 0 18 29 38 42 35 44 35 35 22 19 16 16 15 16 18 20 27 9 0 0 0 0 0 0 0 0 0 0 0 0 0 0 0 0 0 0 0 0 0 0 0 0 0 0 0 1 27 48 62 70 73 72 71 69 66 65 63 60 58 57 56 55 53 52 51 51 50 50 49 49 48 48
0 0 0 0 0 0 0 6 27 26 23 23 24 27 23 16 12 11 11 11 12 18 29 42 49 25 0 0 0 0 0 0 0 0 0 0 0 0 0 0 0 0 0 0 0 0 0 0 0 0 0 0 0 22 48 64 71 73 73 74 74 70 69 68 65 63 63 62 61 60 59 57 55 54 52 50 49 48 47
0 0 0 0 0 0 0 0 11 0 0 9 17 15 7 6 8 7 7 5 11 19 36 55 70 59 0 0 0 0 0 0 0 0 0 0 0 0 0 0 0 0 0 0 0 0 0 0 0 0 0 0 3 30 51 65 70 70 70 73 76 70 66 64 59 58 62 67 66 63 61 58 55 53 53 51 49 48 47
0 0 0 0 0 0 0 0 0 0 0 3 13 6 2 7 11 8 4 2 7 12 29 44 59 65 43 0 0 0 0 0 0 0 0 0 0 0 0 0 0 0 0 0 0 0 0 0 0 0 0 1 25 49 61 67 70 69 67 70 72 69 65 61 59 59 60 61 61 60 59 58 56 51 50 51 49 48 46
0 0 0 0 0 0 0 0 3 0 0 0 3 1 4 7 6 7 0 0 4 9 25 42 60 68 70 4 0 0 0 0 0 0 0 0 0 0 0 0 0 0 0 0 0 0 0 0 0 0 5 19 33 51 60 65 67 67 65 68 70 68 62 58 59 58 58 58 58 58 57 55 53 52 51 51 49 47 45
0 0 0 0 0 0 0 0 0 2 2 0 0 1 3 2 1 0 0 0 0 7 19 34 54 63 69 27 0 0 0 0 0 0 0 0 0 0 0 0 0 0 0 0 0 0 0 0 7 16 26 35 44 48 53 60 64 66 64 64 64 64 61 59 59 58 56 55 55 56 54 51 48 48 49 50 48 46 44
0 0 0 0 0 0 0 0 0 0 0 0 0 0 0 0 0 0 0 0 0 5 12 30 46 59 71 46 9 0 0 0 0 0 0 0 0 0 0 0 0 0 0 0 0 0 0 15 25 34 41 46 49 50 50 51 58 66 65 63 61 61 59 58 58 57 55 54 53 54 53 50 47 47 48 49 47 45 43
0 0 0 0 0 0 0 0 0 0 0 0 0 0 0 0 0 0 0 0 0 0 10 29 41 53 70 71 45 5 0 0 0 0 0 0 0 0 0 0 0 0 0 0 0 4 26 35 41 49 55 55 52 49 48 49 54 65 66 61 56 56 57 54 56 55 53 52 51 52 53 51 48 47 47 47 45 43 42
0 0 0 0 0 0 0 0 0 0 0 0 0 0 0 0 0 0 0 0 0 0 6 25 39 47 62 74 71 43 13 0 0 0 0 0 0 0 0 0 0 0 0 0 11 32 43 48 51 58 63 60 55 52 51 50 51 65 65 61 55 52 52 53 53 53 51 50 50 51 52 51 50 48 46 46 44 42 40
0 0 0 0 0 0 0 0 0 0 0 0 0 0 0 0 0 0 0 0 0 0 1 20 38 47 58 68 75 73 42 29 6 0 0 0 4 9 13 0 0 0 0 14 37 53 59 54 54 62 69 65 60 59 58 55 52 61 61 57 53 51 51 52 50 51 49 48 48 48 49 50 48 46 44 44 42 40 38
0 0 0 0 0 0 0 0 0 0 0 0 0 0 0 0 0 0 0 0 0 0 0 13 37 47 53 60 72 86 76 53 41 15 0 0 15 19 19 8 0 0 0 24 51 69 69 56 56 68 73 70 66 63 59 54 50 60 58 53 51 51 52 50 48 49 47 45 44 45 47 49 47 45 43 42 40 38 36
0 0 0 0 0 0 0 0 0 0 0 0 0 0 0 0 0 0 0 0 0 0 0 10 36 48 54 56 68 77 83 77 55 57 47 12 10 15 15 7 0 0 0 22 57 79 73 51 57 69 73 71 68 60 51 44 47 58 57 51 51 51 51 49 47 47 45 42 41 42 45 47 47 46 42 39 38 36 34
0 0 0 0 0 0 0 0 0 0 0 0 0 0 0 0 0 0 0 0 0 0 0 7 34 49 55 57 63 73 73 74 64 50 46 23 0 0 9 14 20 18 10 23 60 81 67 49 56 68 70 62 54 48 41 35 47 56 53 49 50 50 49 48 46 45 44 40 39 40 43 46 46 45 41 37 35 35 35
0 0 0 0 0 0 0 0 0 0 0 0 0 0 0 0 0 0 0 0 0 0 0 5 33 51 57 57 62 67 66 62 55 47 32 26 17 7 8 24 43 40 32 40 62 67 55 50 61 78 69 52 42 41 38 30 43 50 48 43 44 44 43 43 42 41 41 39 39 40 43 45 45 43 39 34 33 34 35
0 0 0 0 0 0 0 0 0 0 0 0 0 0 0 0 0 0 0 0 0 0 0 6 34 51 56 58 62 65 63 58 49 42 33 44 41 15 11 33 56 49 44 52 55 49 52 63 84 89 70 52 43 41 36 27 37 40 39 36 36 36 36 35 35 35 35 35 37 40 43 45 44 42 37 31 30 32 34
0 0 0 0 0 0 0 0 0 0 0 0 0 0 0 0 0 0 0 0 0 0 0 13 38 52 54 58 63 65 63 55 44 38 45 49 56 40 32 36 64 52 43 48 52 60 62 85 93 84 64 44 40 39 30 27 32 32 32 35 35 33 32 32 32 30 29 30 33 37 41 43 43 40 35 29 27 28 31
0 0 0 0 0 0 0 0 0 0 0 0 0 0 0 0 0 0 0 0 0 0 2 24 44 51 53 60 66 65 61 51 40 42 46 47 57 73 56 47 56 58 48 52 59 82 78 93 93 64 44 32 31 31 32 27 29 30 32 37 36 32 31 32 31 29 28 28 31 34 37 40 40 36 31 26 24 23 27
0 0 0 0 0 0 0 0 0 0 0 0 0 0 0 0 0 0 0 0 0 0 14 33 48 52 53 60 66 58 51 43 47 50 57 60 68 78 83 63 53 68 59 64 83 80 80 99 92 64 35 32 19 17 39 29 28 33 36 40 38 34 33 34 32 31 31 33 33 33 33 35 36 34 29 24 21 20 22
0 0 0 0 0 0 0 0 0 0 0 0 0 0 0 0 0 0 0 0 0 8 24 41 51 53 53 54 54 46 42 46 52 63 62 67 77 79 78 64 71 79 61 72 85 79 80 93 84 67 45 32 17 16 43 31 28 38 40 42 40 36 33 33 33 34 38 39 37 34 32 31 32 31 27 22 20 18 18
0 0 0 0 0 0 0 0 0 0 0 0 0 0 0 0 0 0 0 0 6 20 34 47 53 50 44 39 39 54 52 65 69 72 67 70 74 77 74 68 80 87 73 78 84 83 92 86 72 60 57 22 20 24 43 33 30 43 42 43 40 37 32 30 31 35 39 41 41 38 34 31 30 29 26 21 18 17 17
0 0 0 0 0 0 0 0 0 0 0 0 0 0 0 0 0 0 0 9 19 31 41 49 48 36 26 33 44 61 63 73 70 70 73 76 79 78 74 77 96 90 73 79 82 76 80 65 58 58 33 19 16 31 39 35 31 41 38 40 40 38 33 30 30 34 37 38 38 37 35 32 30 29 25 18 16 16 16
0 0 0 0 0 0 0 0 0 0 0 0 0 0 0 0 0 5 18 25 28 33 37 40 28 18 27 40 50 65 76 84 71 71 76 80 76 76 71 71 100 92 77 74 75 60 73 73 71 63 43 36 22 25 32 35 26 31 31 37 40 39 35 32 32 34 34 34 33 33 32 30 28 27 23 16 14 14 14
0 0 0 0 0 0 0 0 0 0 0 0 0 0 0 0 4 17 31 25 19 25 25 24 18 24 33 49 60 75 89 85 75 75 82 76 71 74 71 68 100 99 90 74 71 78 96 73 78 68 59 52 32 16 29 31 16 17 25 35 40 42 40 36 33 32 33 31 30 29 29 27 24 22 20 14 13 13 13
0 0 0 0 0 0 0 0 0 1 3 5 5 6 2 2 11 27 28 15 25 26 33 26 35 35 40 57 69 82 85 77 76 79 79 76 68 73 73 74 80 100 92 73 59 72 80 78 77 69 63 61 50 7 24 25 7 9 21 33 39 43 44 40 34 31 29 28 27 26 26 24 21 17 15 11 11 12 12
0 0 0 0 0 0 0 1 5 9 13 15 14 11 2 1 13 18 21 26 30 27 36 46 30 39 43 66 81 85 85 83 86 83 79 72 67 73 73 89 89 97 90 92 87 84 81 74 67 60 62 57 54 22 9 18 3 6 17 28 37 42 44 43 38 33 28 26 24 21 21 20 18 13 11 9 10 11 12
0 0 0 0 0 0 3 8 14 19 22 23 20 9 0 0 7 27 30 48 30 28 38 60 44 41 50 71 85 87 87 89 93 86 83 72 72 79 84 99 95 94 94 86 86 92 86 76 64 59 62 51 34 26 1 10 1 2 9 18 30 39 43 45 43 37 32 32 24 20 16 16 16 11 9 8 9 10 11
0 0 0 0 0 5 10 17 23 27 30 27 20 0 0 0 37 37 51 43 40 40 53 60 44 48 56 80 84 87 94 98 100 92 87 80 77 100 89 100 100 85 87 82 91 84 85 73 56 57 46 23 4 11 13 5 0 0 0 8 20 32 40 44 45 43 40 35 30 31 27 12 12 8 7 7 8 10 11
0 0 0 0 7 12 18 25 29 33 34 25 9 0 0 31 48 53 47 49 40 44 54 58 50 48 65 80 85 93 100 100 100 96 94 98 96 87 93 90 92 83 74 91 92 74 83 72 57 48 28 13 24 26 27 8 0 0 0 0 10 22 35 41 45 46 46 42 36 36 36 22 7 4 4 5 7 9 11
0 0 0 5 13 18 24 29 33 40 36 15 0 0 5 46 44 46 48 47 42 45 52 54 51 57 76 83 92 100 100 100 100 100 91 99 99 78 72 69 71 69 88 87 69 66 70 70 51 34 25 10 21 42 35 22 1 0 0 0 0 13 27 37 41 45 46 45 41 33 35 24 19 1 1 2 6 9 10
0 1 3 9 17 24 27 31 40 43 27 0 0 0 26 39 35 48 56 48 43 47 55 53 51 61 88 100 100 100 100 90 95 100 100 100 100 85 77 71 57 67 83 68 74 85 80 64 44 36 36 25 24 36 42 38 26 22 5 0 0 6 20 30 37 40 42 42 42 37 28 20 28 16 0 0 4 7 9
3 5 7 13 21 27 29 40 44 41 9 0 0 0 41 29 35 50 51 54 48 51 53 55 59 78 96 100 100 100 100 99 100 91 83 78 100 100 99 74 61 71 74 62 72 91 75 69 57 43 53 46 41 34 56 58 58 63 53 35 0 0 12 22 29 32 36 37 39 40 26 18 29 29 0 0 2 6 8
6 7 10 16 24 29 31 42 46 34 0 0 0 15 25 23 34 42 48 44 43 43 44 44 50 66 72 83 97 100 100 97 100 93 95 88 82 100 100 82 78 82 83 66 49 71 81 79 70 63 61 64 77 47 47 63 73 82 75 67 41 0 0 8 15 19 26 33 33 42 29 20 24 30 5 0 0 4 6
9 10 13 19 26 29 37 38 46 30 0 0 0 0 0 0 0 0 0 12 14 12 12 16 24 38 42 53 60 64 100 100 93 93 92 84 77 78 78 96 100 93 94 70 67 65 82 80 65 65 74 78 93 72 59 71 81 100 80 69 51 15 0 0 0 0 13 32 36 43 31 23 16 22 8 0 0 2 4
11 13 15 20 27 30 37 39 43 26 0 0 0 0 0 0 0 0 0 0 12 13 11 13 19 21 26 36 47 57 75 100 93 2 5 41 43 44 71 91 100 100 93 85 92 82 88 92 82 69 75 75 86 89 53 68 68 84 75 54 41 26 0 0 0 0 5 32 42 42 33 26 15 9 5 0 0 0 3
13 15 17 22 28 31 36 42 40 25 0 0 0 0 0 0 0 0 0 0 0 0 0 0 0 6 14 22 42 53 70 86 100 68 42 31 43 44 68 77 83 92 93 90 91 82 85 92 92 90 74 69 71 74 73 56 45 48 53 41 33 22 2 0 1 10 24 40 44 35 35 28 19 2 1 0 0 0 0
15 16 18 22 28 32 34 41 40 35 0 0 0 0 0 0 0 0 0 0 0 0 0 0 0 0 0 2 15 33 54 70 79 91 25 27 62 69 72 66 69 75 66 70 78 75 74 77 58 84 85 59 51 51 48 60 62 49 33 52 54 46 19 1 14 44 57 44 37 27 35 29 24 10 0 0 0 0 0
16 17 19 23 28 32 34 37 41 39 27 2 0 0 0 0 0 0 0 0 0 0 0 0 0 0 0 0 0 4 24 37 50 55 33 4 35 60 56 53 38 65 74 68 61 62 73 62 53 52 41 49 44 46 55 69 75 64 37 44 48 46 21 1 9 42 67 45 32 31 35 30 25 15 0 0 0 0 0
17 18 19 23 29 32 34 36 39 40 38 23 0 0 0 0 0 0 0 0 0 0 0 0 0 0 0 0 0 0 0 8 19 27 29 13 0 22 26 23 14 20 73 76 75 80 56 34 23 23 57 60 59 62 63 70 68 78 76 51 39 25 19 5 7 29 60 46 38 32 36 30 27 15 3 0 0 0 0
18 19 20 23 29 32 34 36 38 40 40 33 18 0 0 0 0 0 0 0 0 0 0 0 0 0 0 0 0 0 0 0 9 18 20 0 0 0 9 12 12 13 37 88 92 86 53 43 42 43 88 79 74 93 88 79 67 60 61 58 38 24 14 6 0 16 51 55 45 33 33 33 27 14 2 0 0 0 0
19 20 21 24 29 32 34 36 38 39 39 36 29 15 0 0 0 7 0 0 0 0 0 0 0 0 0 0 0 0 0 0 13 11 0 0 0 0 0 3 10 27 35 37 78 92 88 90 92 87 76 83 94 91 100 95 81 67 58 52 29 27 19 30 28 22 48 60 55 35 31 32 27 13 3 0 0 0 0
20 20 21 24 28 31 34 38 41 39 37 35 34 30 20 8 5 19 17 1 0 0 0 0 0 0 0 0 0 0 0 4 29 17 0 2 19 23 20 28 32 41 29 17 33 55 93 93 93 100 93 93 80 57 66 71 77 72 65 45 24 24 24 26 31 51 65 65 62 41 34 30 32 22 7 0 0 0 0
21 21 22 24 28 31 33 40 42 39 36 34 34 34 31 24 19 25 31 29 15 9 0 0 0 0 0 0 0 0 0 15 40 16 0 26 36 46 43 43 52 38 19 0 30 60 93 84 99 100 100 100 93 92 72 64 60 55 47 34 23 33 36 40 40 68 73 66 63 53 38 34 34 30 16 0 0 0 0
22 21 22 24 28 30 34 40 41 38 36 35 34 33 33 31 30 32 33 38 25 22 0 0 0 0 0 0 0 0 0 10 27 10 0 22 36 45 57 63 53 36 21 37 44 76 92 72 99 100 100 100 100 94 74 55 51 80 36 31 39 38 46 44 44 66 77 66 60 59 49 41 44 42 30 1 3 0 0
22 22 22 23 27 30 35 40 40 38 37 36 34 32 32 32 34 35 34 41 33 24 14 0 0 0 0 0 0 0 0 0 6 3 0 26 28 36 45 55 57 46 40 54 57 73 92 74 60 68 86 100 100 100 87 69 72 68 58 43 38 32 42 41 47 61 71 59 59 54 39 36 43 44 41 0 2 0 0
23 22 23 24 27 30 35 39 39 38 37 36 34 32 31 32 35 34 35 41 35 20 10 11 2 0 0 0 0 0 0 0 1 0 3 24 37 44 41 51 69 72 63 64 69 74 83 86 76 56 57 76 96 100 100 100 100 87 85 62 34 25 32 39 43 58 58 61 52 33 23 28 41 45 48 2 1 0 0
23 23 23 25 28 32 35 37 38 37 37 36 33 31 30 31 35 34 35 44 33 6 13 18 19 0 0 0 0 0 0 2 11 0 0 18 34 51 54 58 74 78 70 69 80 69 90 90 83 75 59 68 93 100 100 100 100 100 100 80 45 14 24 36 34 48 54 51 36 24 22 27 40 48 53 4 0 0 0
23 24 24 26 30 33 35 36 37 37 37 36 32 31 28 30 35 34 35 48 28 0 0 0 3 0 0 0 0 0 0 7 15 6 0 1 28 48 62 81 93 93 93 93 93 92 93 90 90 89 68 73 98 100 100 100 100 100 100 99 62 13 17 27 26 31 41 38 28 25 31 33 42 53 57 6 0 1 0
24 24 25 27 31 33 34 35 35 36 36 35 32 30 27 28 34 34 35 53 19 0 0 0 0 0 0 0 0 0 0 1 7 3 0 0 17 57 74 81 92 93 93 92 91 93 91 66 80 84 82 78 88 96 100 98 98 100 100 98 78 43 33 28 15 29 38 35 29 31 44 42 47 57 60 11 0 0 1
24 25 26 28 31 34 34 33 34 35 35 34 32 29 26 26 32 35 35 49 0 0 0 0 0 0 0 0 0 0 0 0 1 0 0 0 8 33 51 62 62 64 73 81 92 93 100 93 79 73 76 72 89 92 89 84 81 95 100 100 95 82 63 19 10 30 41 44 37 41 54 53 58 63 70 16 0 0 1
25 26 27 29 32 34 33 33 33 34 34 33 31 28 27 24 30 35 33 39 0 0 0 0 0 0 0 0 0 0 0 0 0 0 0 21 35 40 37 44 50 42 61 66 68 75 95 89 78 78 76 83 95 100 89 79 74 100 100 100 100 88 56 2 0 25 37 49 45 45 60 67 71 61 63 17 0 0 1
25 26 27 29 32 34 32 32 32 32 32 32 30 28 28 23 28 34 29 33 9 0 0 0 0 0 0 0 0 0 0 0 0 0 13 53 70 79 86 77 46 40 81 58 54 78 82 74 81 78 72 73 79 100 80 72 69 100 86 75 69 64 44 0 0 8 36 50 49 42 56 59 57 49 62 16 0 0 1
25 25 27 29 32 33 31 32 31 31 32 30 30 27 26 20 24 31 29 30 29 0 0 0 0 0 0 0 0 0 0 0 0 0 2 40 60 71 78 57 50 69 69 68 55 85 78 82 84 76 72 77 77 93 82 74 69 90 77 63 54 56 59 43 11 18 50 64 59 42 49 59 44 36 57 17 0 0 1
24 24 26 28 32 33 31 31 31 31 31 30 29 24 21 16 21 27 30 27 35 0 0 0 0 0 0 0 0 0 0 0 0 0 0 25 31 23 27 31 45 66 72 55 45 70 82 93 88 71 68 80 75 86 79 73 80 80 80 63 65 63 66 68 68 51 53 67 60 37 46 48 39 30 50 19 0 0 1
22 23 24 27 31 32 31 31 31 30 31 29 25 17 15 11 17 24 28 26 29 0 0 0 0 0 6 23 22 22 13 8 7 1 1 9 17 19 23 24 17 47 49 42 61 56 85 85 69 68 62 79 77 74 73 81 85 74 67 68 66 55 80 100 100 88 13 31 45 28 34 28 22 33 54 22 0 0 1
20 21 23 25 30 31 31 31 30 31 29 24 19 12 9 6 11 20 25 24 24 0 0 0 0 19 16 17 22 27 33 28 21 13 19 25 20 23 34 39 25 12 28 44 76 78 79 84 70 67 63 68 81 70 73 91 74 71 77 74 64 55 64 100 100 44 0 0 1 20 17 11 16 36 51 25 1 0 2
18 19 21 24 29 30 31 30 31 29 24 17 13 7 4 1 5 16 18 19 23 17 12 2 0 16 0 0 0 11 34 42 30 18 35 24 18 43 77 90 75 19 18 37 84 98 80 73 71 70 67 66 77 74 74 76 63 69 70 78 73 68 68 100 100 55 0 0 0 0 0 12 27 29 32 17 0 0 2
16 17 19 22 28 29 31 31 29 24 18 11 7 3 0 0 0 11 14 15 24 24 22 15 0 0 0 0 0 0 27 38 23 19 27 15 27 62 92 96 73 27 18 63 89 91 75 73 66 69 72 73 67 63 62 63 69 85 77 75 75 77 78 69 100 100 100 0 0 0 0 25 20 24 30 3 0 0 3
15 16 17 21 27 30 32 30 25 18 10 4 1 0 0 0 0 7 11 14 25 31 19 0 0 0 0 0 0 0 18 28 27 27 24 17 42 78 89 69 77 49 58 85 92 87 81 79 82 72 77 82 74 66 65 65 91 80 69 66 73 78 72 78 100 100 100 0 0 0 0 0 15 28 31 9 0 0 6
13 14 15 19 26 32 31 25 18 11 3 0 0 0 0 0 0 3 8 14 20 0 0 0 0 0 0 0 7 26 21 33 38 30 17 24 57 83 83 96 100 87 75 81 83 76 77 78 78 81 78 79 83 72 67 68 69 74 66 63 64 79 78 78 97 100 100 54 2 8 17 7 9 28 29 13 5 5 9
12 13 13 17 28 30 25 19 13 5 0 0 0 0 0 0 0 0 5 8 7 0 0 0 0 0 0 0 19 41 33 40 36 29 29 43 78 94 76 90 98 86 74 73 73 70 73 72 75 74 78 79 76 74 77 70 72 66 65 63 61 62 83 81 100 100 100 100 100 100 0 0 0 37 24 13 10 10 12
12 11 12 14 23 23 18 13 7 0 0 0 0 0 0 0 0 0 0 0 0 0 0 0 0 0 0 0 20 44 42 31 22 24 35 58 90 98 63 78 83 75 72 71 67 66 65 63 61 75 80 77 74 72 70 70 67 63 59 58 57 60 64 74 89 88 100 100 100 100 0 0 1 52 18 14 14 14 14
11 11 11 12 11 14 12 8 3 0 0 0 0 0 0 0 0 0 0 0 0 0 0 0 0 0 0 1 22 30 33 25 19 29 45 68 89 79 59 78 76 72 71 70 62 56 57 57 56 60 72 72 70 69 67 66 65 62 57 57 57 56 59 66 71 75 76 80 82 93 100 63 58 53 11 19 18 16 16
11 11 11 10 0 6 4 1 0 0 0 0 0 0 0 0 0 0 0 0 0 7 0 0 0 0 0 8 14 2 10 23 37 59 67 76 71 61 61 64 57 63 61 60 54 49 52 55 54 56 65 66 66 65 64 62 62 60 58 59 62 58 56 62 68 69 71 75 77 78 79 76 55 44 10 22 22 19 20
12 11 11 8 0 0 0 0 0 0 0 0 0 0 0 0 0 0 0 9 9 17 13 15 0 0 0 5 0 0 4 34 69 87 87 77 57 47 36 32 37 49 55 43 41 42 52 56 53 53 59 60 61 61 60 57 57 58 57 59 65 61 57 56 63 69 71 79 75 70 71 75 62 41 20 23 24 23 23
12 12 11 6 0 0 0 0 0 0 0 0 0 0 0 0 0 0 7 17 19 21 35 25 8 6 4 11 10 11 20 50 82 91 94 64 40 22 30 18 33 46 51 41 33 43 51 54 50 54 57 56 56 57 56 52 53 56 55 54 58 53 51 51 50 54 60 61 64 61 56 48 36 30 28 27 26 26 26
12 12 11 4 0 0 0 0 0 0 0 0 0 0 0 0 0 3 11 22 22 31 45 36 27 25 10 19 23 25 36 50 72 88 89 58 23 3 15 16 31 33 45 42 33 48 54 51 49 51 54 52 52 53 50 47 49 53 53 52 51 50 50 49 50 50 48 48 47 47 45 39 35 35 36 32 29 28 28
12 11 10 2 0 0 0 0 0 0 0 0 0 0 0 0 0 2 8 18 18 28 56 52 46 34 24 26 33 37 47 54 60 67 61 33 7 0 10 30 33 33 39 46 36 48 54 50 49 51 52 50 50 49 43 41 44 50 52 52 51 50 49 49 47 50 50 48 44 39 34 31 33 37 44 35 31 30 31
11 11 9 0 0 0 0 0 0 0 0 0 0 0 0 0 0 0 3 8 0 17 57 62 59 43 39 55 48 49 59 63 50 43 31 18 0 7 34 40 32 29 47 47 38 49 50 54 56 54 52 49 48 44 41 40 40 47 50 50 49 48 47 47 46 47 45 42 39 36 33 35 41 45 49 35 32 32 32
11 10 7 0 0 0 0 0 0 0 0 0 0 0 0 0 0 0 0 0 11 27 47 67 68 61 65 71 58 52 55 55 38 38 38 28 8 29 48 42 31 46 55 38 34 44 48 56 57 54 51 48 43 41 39 39 39 44 46 46 46 45 44 43 43 46 48 43 37 34 35 39 41 49 44 37 34 34 33
9 8 4 0 0 0 0 0 0 0 0 0 0 0 0 0 0 0 2 0 31 44 41 62 72 72 76 75 61 55 47 41 31 38 48 47 37 50 56 46 37 49 45 30 33 42 46 53 52 49 47 45 41 39 39 39 41 42 42 41 42 42 41 40 41 43 43 39 36 36 38 40 47 50 44 39 36 35 33
7 5 2 0 0 0 0 0 0 0 0 0 0 0 0 2 3 0 0 19 47 52 52 56 70 78 77 75 68 71 67 53 46 42 55 55 55 68 50 31 39 35 34 34 34 42 46 50 48 46 45 43 40 39 39 39 42 41 39 38 38 38 38 37 38 39 39 38 38 39 41 46 52 47 46 39 36 35 33
3 1 0 0 0 0 0 0 0 0 0 0 0 16 25 22 14 9 4 46 57 56 53 55 59 64 62 69 76 80 75 82 77 59 55 55 67 61 40 27 25 31 37 36 39 43 47 48 48 47 46 42 39 39 39 41 41 40 39 38 37 36 36 35 36 37 36 35 36 41 45 49 50 45 46 38 35 34 32
0 0 0 0 0 0 0 0 0 0 0 0 13 33 37 27 18 21 46 62 61 58 54 48 50 67 90 84 83 86 78 66 72 70 63 73 68 45 34 24 25 30 34 36 41 43 47 48 48 49 49 44 39 37 38 38 38 37 37 38 37 36 36 35 36 36 35 35 37 40 48 50 49 44 43 36 34 33 31
0 0 0 0 0 0 0 0 0 0 0 0 21 37 41 33 36 60 70 64 63 58 54 47 66 73 80 64 88 100 100 77 73 64 70 50 34 40 34 22 25 29 30 36 41 43 48 48 49 51 50 47 42 38 35 33 31 31 33 35 34 35 36 37 37 36 36 36 38 43 48 48 46 42 41 34 32 31 29
0 0 0 0 0 0 0 0 0 0 0 7 21 37 45 45 62 83 77 75 64 58 53 55 58 59 69 75 100 100 100 85 74 95 75 33 26 41 29 24 25 24 30 37 41 43 48 49 50 51 51 48 45 41 36 31 28 27 28 31 33 35 37 37 38 38 38 39 40 46 48 46 43 40 40 34 31 29 28
0 0 0 0 0 0 0 0 0 0 0 8 17 35 48 56 64 76 72 69 60 55 52 72 67 67 64 71 88 94 96 83 73 90 81 69 60 43 25 25 20 25 30 36 40 42 45 48 50 51 50 48 46 43 38 34 30 29 30 32 34 34 35 37 38 39 39 40 40 42 43 41 40 39 38 33 30 28 27
0 0 0 0 0 0 0 0 0 0 0 7 14 35 54 64 67 72 68 64 53 60 72 62 56 67 64 66 73 82 83 77 81 91 74 72 61 38 30 30 31 30 32 36 38 39 40 45 49 50 48 46 43 40 37 36 35 34 35 35 35 36 36 37 37 38 39 39 38 39 39 39 38 37 38 33 29 28 26
0 0 0 0 0 0 0 0 0 0 3 9 15 36 54 65 67 64 59 61 67 66 56 53 56 65 67 65 69 75 70 80 91 90 54 51 47 37 37 40 39 39 40 40 38 38 38 39 44 46 45 44 40 37 35 34 33 32 33 34 35 36 37 37 37 37 38 38 37 38 38 38 37 36 36 31 28 27 26
0 0 0 0 0 0 0 0 0 3 11 15 21 33 52 63 68 73 79 83 84 74 61 56 59 66 69 65 68 68 59 100 91 60 34 30 45 39 38 41 42 43 43 41 40 38 37 37 39 43 43 42 39 35 33 33 32 32 32 33 34 36 37 38 37 37 37 36 35 34 36 37 37 34 33 30 27 26 25
0 0 0 0 0 0 0 1 11 16 18 21 28 39 55 70 74 83 87 81 72 71 67 65 64 66 63 58 63 60 52 73 57 38 31 28 36 37 35 40 42 44 47 44 41 39 38 38 38 38 40 39 37 34 32 33 33 33 33 34 35 36 37 38 38 38 36 36 35 35 36 38 37 34 31 28 26 26 24
0 0 0 0 0 0 12 18 22 23 24 30 40 50 68 78 73 71 70 81 71 66 65 66 66 61 51 53 58 51 44 37 28 32 51 31 33 29 32 39 40 42 43 45 41 39 38 37 36 35 36 37 35 33 33 34 36 36 37 37 37 37 37 36 36 36 36 38 42 44 43 41 38 34 31 27 26 25 23
0 0 0 0 6 10 22 24 26 25 31 40 59 69 79 82 75 69 66 57 60 59 59 58 57 50 44 50 53 36 33 28 16 47 39 36 25 28 35 41 39 39 40 46 44 41 37 35 33 33 35 35 33 33 34 35 37 38 39 40 39 38 36 35 35 36 36 37 42 45 45 43 39 37 33 27 25 23 22
0 0 0 0 25 23 31 28 28 32 40 52 59 65 79 83 80 72 58 52 51 51 46 45 45 39 44 46 36 17 21 14 22 35 31 21 27 36 40 42 39 37 37 38 42 41 38 35 33 32 33 32 33 34 35 36 38 39 42 44 43 40 38 38 39 42 43 43 45 46 46 44 40 36 32 27 24 22 21
0 0 0 0 36 27 34 29 33 36 42 52 56 71 81 88 83 80 53 47 41 35 37 59 50 34 36 25 10 3 14 9 32 20 25 21 29 39 40 40 38 37 36 35 35 36 35 33 31 30 31 32 33 34 35 36 37 38 40 45 47 46 44 45 47 48 47 46 47 50 50 46 41 37 33 27 24 21 20
8 7 6 3 34 27 36 31 34 42 50 56 60 63 80 94 91 77 50 32 22 21 45 66 59 36 29 27 22 5 4 14 11 10 18 29 30 37 38 39 38 37 36 35 34 33 33 32 30 30 31 32 33 34 35 36 37 39 41 47 50 50 49 48 50 51 49 47 48 51 52 49 43 38 34 27 23 21 19
18 18 17 12 31 27 33 31 37 47 55 63 69 72 88 100 96 58 39 14 8 33 50 66 71 44 39 36 39 22 0 2 2 8 23 34 35 37 37 36 36 36 35 34 32 32 31 31 31 31 32 33 34 35 36 38 40 42 44 48 49 49 49 50 52 54 53 51 49 50 51 49 45 40 35 27 23 20 18
28 31 31 26 34 28 35 33 40 45 51 62 77 95 95 89 71 45 22 4 10 36 48 72 73 51 50 44 48 35 4 0 0 11 24 34 37 38 38 37 36 35 34 32 31 31 31 30 30 32 33 34 35 36 38 40 42 44 46 47 47 48 48 49 51 51 50 48 47 49 51 50 46 41 35 27 22 19 19
38 42 43 39 36 28 31 31 34 40 57 75 78 75 66 61 55 37 15 0 14 33 45 58 61 55 53 54 58 47 2 0 2 12 27 28 36 36 37 36 36 35 34 33 32 31 30 29 29 31 33 34 36 38 40 42 44 46 47 48 48 48 49 50 52 52 51 50 52 55 56 52 47 43 36 27 22 20 20
46 51 52 48 38 29 30 31 35 49 61 71 59 51 47 47 42 23 4 12 18 27 33 42 45 47 52 62 63 52 0 0 23 17 27 25 31 33 33 33 32 31 32 32 32 31 29 28 29 31 33 35 38 40 43 45 47 48 48 49 49 52 56 59 61 61 59 57 57 57 55 51 47 43 37 28 24 22 22
51 56 58 55 40 31 26 30 46 51 45 42 44 40 33 31 25 10 9 15 19 21 29 32 33 37 52 58 61 38 0 3 30 22 25 29 29 31 31 30 29 28 26 27 27 26 26 26 28 31 34 37 40 43 46 48 50 52 53 56 60 64 67 68 67 64 61 57 54 53 52 50 47 42 37 30 26 25 25
54 59 61 59 40 36 28 34 36 28 25 25 29 25 15 11 4 0 17 27 10 13 20 25 27 31 34 41 41 13 0 12 27 24 25 28 30 31 31 30 29 28 26 23 22 21 22 25 29 33 38 42 46 49 52 55 56 59 62 65 68 69 69 68 65 62 58 55 52 51 51 50 47 44 39 33 30 28 28
56 60 63 59 37 34 28 27 20 16 17 19 18 8 0 0 0 10 25 27 20 21 13 18 23 27 24 20 16 9 9 34 27 23 25 24 27 27 28 28 28 27 26 25 25 26 26 29 33 38 43 47 52 56 58 60 62 64 66 67 68 68 68 67 65 63 61 59 56 53 51 50 48 46 41 36 34 32 32
57 61 63 60 42 30 24 23 24 16 3 0 0 0 0 0 8 22 22 26 25 26 27 25 27 34 40 40 36 35 36 31 27 26 22 20 17 15 12 10 7 5 3 4 7 11 16 24 32 38 41 46 50 54 57 59 62 65 66 68 68 67 68 66 64 62 61 58 56 52 50 49 48 46 43 39 38 36 35
59 62 64 65 62 59 50 38 31 22 8 0 0 0 0 1 13 16 17 18 19 20 20 21 22 23 24 24 23 24 24 22 22 21 20 20 19 18 17 17 17 18 19 21 24 28 31 34 37 39 42 45 49 53 56 58 60 60 61 61 60 59 58 55 53 52 50 48 47 46 45 44 43 42 42 42 41 40 39
59 62 65 69 72 71 63 52 41 28 8 0 0 0 0 8 17 20 21 22 22 22 23 22 22 22 22 22 21 21 21 22 21 20 20 19 18 18 17 17 19 20 22 25 28 31 35 37 40 42 44 46 49 53 55 57 58 59 59 58 57 56 55 53 51 50 49 47 46 45 45 44 44 44 44 44 44 43 42
60 63 66 72 78 77 70 60 47 31 6 0 0 0 6 14 21 23 24 23 23 22 22 21 21 20 20 19 19 19 20 20 20 19 19 18 19 19 20 21 23 25 28 31 34 37 40 42 44 46 48 50 54 57 59 60 60 60 59 58 56 55 54 52 51 50 49 49 48 48 47 47 48 47 47 47 47 46 45
60 63 66 75 81 81 73 63 50 34 9 0 0 5 12 18 23 25 25 24 22 21 20 19 18 18 17 18 18 18 18 18 18 18 18 18 20 22 24 26 29 32 34 37 40 43 45 47 49 51 53 57 59 61 62 62 61 60 59 57 55 54 52 52 51 51 50 50 50 50 50 50 50 50 50 50 49 49 48
