---
BL Depth [m] Valid 1800 NZST ~Z75~(0600Z)~Z~ TUE 6 Jan 2026 ~Z75~[78hrFcst@2119z]~Z~
Model= RASP Region= NZ Grid= d2 Reskm= 2.0 Indexs= 1 69 1 69 Proj= lambert 2000 2000 -35.0000 -42.0000 176.0000 -37.7968 175.7263
Day= 2026 1 6 TUE ValidLST= 1800 NZST ValidZ= 600 Fcst= 78.0 Init= 70 Param= dbl Unit= m Mult= 1 Min= 8 Max= 2118
364 394 426 457 467 459 418 385 364 348 346 360 369 375 380 383 389 396 409 434 452 461 473 485 507 535 557 563 566 565 529 499 475 497 497 534 559 620 757 1041 1219 1232 1234 1235 1234 1235 1200 1170 1165 1168 1229 1246 1253 1254 1243 1234 1229 1168 1099 29 1496 1479 888 492 335 284 300 371 403
372 416 459 477 504 512 495 459 402 386 380 379 385 384 387 387 391 398 418 449 455 462 473 487 520 556 563 572 581 582 577 569 532 563 583 613 615 724 890 1185 1229 1231 1233 1232 1233 1234 1191 1124 1163 1132 1169 1241 1261 1263 1260 1247 1245 1203 1266 1407 1500 1494 676 466 439 376 412 9 455
373 393 422 452 466 477 486 450 480 469 476 459 435 414 406 401 402 412 449 459 468 477 479 491 524 558 566 581 602 626 633 639 646 659 697 722 783 805 1100 1233 1230 1228 1229 1230 1231 1224 1196 1121 1094 1081 1113 1224 1252 1248 1261 1255 1266 1235 1273 1372 1472 1412 893 400 402 396 375 377 18
363 366 367 364 365 369 390 431 509 586 635 621 570 497 468 457 451 452 463 491 509 514 511 510 530 558 566 582 616 687 714 758 811 883 953 933 929 1059 1252 1243 1229 1158 1169 1164 1225 1213 1151 1104 1074 1041 1036 1054 1234 1144 1245 1258 1327 1172 1027 1234 1285 1248 876 486 385 408 450 455 358
328 324 312 302 294 287 291 362 481 579 805 746 707 622 566 527 518 522 517 549 564 562 545 539 546 560 567 584 638 709 804 885 1056 1006 920 925 916 1081 1289 1251 1180 1095 1116 1181 1207 1175 1148 1088 1062 1034 938 887 867 893 1038 1240 1266 790 580 1134 872 709 544 498 341 382 456 472 455
305 297 288 282 268 251 251 270 324 460 598 717 771 782 733 699 597 579 583 602 614 595 582 570 571 571 567 572 593 655 708 770 930 1241 1267 1280 1257 1236 1082 1036 1013 1000 1061 1075 1061 1076 1101 1135 1196 1234 1181 1097 1085 1084 1067 1241 488 368 417 473 492 409 380 359 296 365 429 467 461
295 285 273 257 242 231 226 235 274 310 320 352 464 741 853 855 850 739 703 678 680 656 612 599 598 585 582 600 623 697 735 846 1026 1094 1134 1060 1022 938 935 911 917 997 1074 1116 1142 1143 1156 1180 1128 1056 1033 859 701 1025 845 479 335 230 329 369 366 294 306 329 286 359 400 443 454
286 271 252 240 229 225 224 233 265 284 267 275 348 409 441 797 855 859 857 850 750 718 702 656 614 590 584 591 605 625 636 695 705 631 731 842 861 856 844 853 924 1046 1091 1081 1051 1067 1064 1032 983 875 744 795 719 1011 631 224 230 265 305 318 299 276 300 321 273 333 387 439 455
279 256 241 231 223 225 237 250 251 247 225 274 318 331 313 309 361 518 777 828 850 850 847 731 698 614 589 593 611 595 578 512 464 527 738 870 891 884 863 872 1022 1053 1059 1055 1044 1043 1037 1018 940 869 854 893 876 842 486 180 195 251 274 257 250 254 299 354 316 327 376 411 428
254 239 227 220 218 219 220 234 256 270 227 202 234 280 285 295 326 359 357 357 478 736 850 808 719 695 630 633 662 637 580 510 510 712 886 965 978 915 890 979 1044 1073 1043 1040 1041 1036 1024 1008 926 886 876 931 936 941 26 151 218 229 232 226 229 273 319 362 319 327 351 389 401
246 233 226 218 206 200 221 234 287 293 244 228 246 265 273 287 315 325 308 295 302 355 563 717 711 701 700 702 698 648 597 577 612 747 840 850 848 787 772 853 961 1013 971 1026 1035 1030 1019 1011 1009 998 1009 1004 1037 1016 1247 110 203 221 226 228 234 277 313 311 256 284 343 377 384
248 237 227 219 201 218 224 274 301 304 288 274 286 282 279 286 296 293 283 285 310 353 408 490 578 631 693 704 698 641 596 576 590 656 708 757 848 851 854 891 1026 1029 1029 1033 1035 1026 1023 1024 1024 1012 1006 1006 1032 1051 1460 304 154 184 226 249 252 283 301 269 228 254 299 365 374
256 240 233 226 219 226 250 300 328 331 313 315 325 316 307 306 308 292 258 267 306 360 386 399 449 553 619 709 685 633 602 620 713 748 762 799 749 721 748 856 923 1028 1033 1028 1021 1016 1016 1028 1039 1025 1011 1012 1014 1038 1043 565 213 201 256 287 284 281 282 256 230 253 295 354 373
265 249 244 250 248 260 294 343 371 379 373 372 373 373 372 370 364 323 287 281 305 350 366 374 418 492 575 638 660 657 708 629 728 758 740 723 704 701 685 596 488 525 857 1022 1049 1046 1035 1042 1047 1026 1007 1003 911 1017 1036 1035 316 284 282 316 288 238 251 281 275 281 300 352 367
284 273 281 277 284 296 323 367 393 437 456 458 458 428 395 375 366 341 312 316 351 369 384 412 458 496 556 602 637 644 708 446 828 715 658 633 647 655 636 596 637 862 1044 1091 1231 1128 1063 1046 1034 1018 913 883 903 1036 1227 1235 1766 481 286 314 291 282 282 293 280 280 293 323 360
305 298 297 300 313 323 357 374 411 463 474 485 492 483 457 380 529 366 365 372 389 413 439 463 474 486 509 546 534 682 521 817 877 853 732 704 645 613 599 598 683 862 962 1019 1119 1118 1045 1019 1023 1013 1006 951 951 1025 1222 1108 1754 401 285 285 303 292 284 285 270 281 290 309 339
361 351 340 337 341 340 358 366 382 457 470 470 468 466 458 451 457 459 458 460 468 484 510 543 567 574 590 635 712 862 903 922 868 856 805 729 672 601 596 626 705 820 941 1033 1078 1071 1039 1027 1016 875 842 815 845 1047 1158 286 456 244 315 105 301 297 291 302 295 287 293 303 322
383 372 361 330 328 320 307 314 362 382 438 405 368 348 471 372 444 470 489 518 564 576 594 636 699 710 732 767 772 764 744 716 638 690 724 733 721 709 699 714 857 1052 1180 1196 1172 1177 1187 1182 1147 1061 1044 1041 985 287 285 285 295 319 362 29 284 315 342 358 355 305 296 301 313
386 374 359 317 304 293 271 261 287 320 372 371 321 291 287 333 387 457 474 515 572 581 604 649 685 699 702 699 607 468 459 538 519 559 611 690 754 863 918 986 1101 1320 1360 1320 1254 1225 1215 1166 1128 1020 940 418 351 315 327 344 342 312 331 372 224 326 374 382 366 327 304 297 305
389 372 347 298 286 281 230 215 220 231 285 317 325 302 300 335 363 375 405 427 455 472 532 577 580 578 579 581 535 456 388 457 532 589 625 693 738 815 878 1043 1296 1414 1367 1343 1317 1274 1256 1260 1240 522 380 317 278 278 298 246 328 313 245 294 282 314 370 389 372 358 324 306 305
379 359 320 284 258 249 219 173 155 136 264 196 290 305 306 309 317 339 372 409 425 442 465 490 503 509 533 466 409 353 312 376 512 700 691 694 365 630 861 992 1488 1490 1479 1447 1443 1347 1291 1218 401 317 246 220 225 270 301 308 269 269 291 324 339 295 374 393 375 369 361 332 321
367 329 300 254 232 231 187 155 120 83 176 121 219 271 269 279 289 299 307 327 369 406 447 461 468 470 469 396 342 309 310 413 463 434 256 238 122 124 222 823 1501 1493 1485 1481 1470 1459 589 393 307 279 261 233 230 235 268 294 301 306 364 422 454 299 353 386 383 380 380 374 363
351 313 287 236 219 220 172 126 102 31 137 98 195 268 270 248 430 497 372 314 321 370 421 463 470 460 419 366 301 313 401 590 394 450 326 224 87 84 173 903 1558 1546 1524 1489 1463 352 307 268 277 280 267 252 256 259 268 294 346 384 409 465 453 329 369 404 404 400 407 401 386
322 299 276 227 201 217 164 106 81 126 28 125 224 293 295 290 306 333 362 351 332 351 397 466 490 462 385 327 309 361 483 673 859 434 272 216 122 162 303 519 1535 1603 1747 1515 408 292 262 281 274 249 240 236 252 278 261 288 351 399 405 460 453 332 373 404 412 420 434 432 414
305 285 256 225 196 191 167 119 76 44 101 182 375 408 326 269 248 279 319 382 394 369 380 459 493 462 397 381 415 476 584 623 729 783 430 284 264 379 736 1427 1301 1566 1539 1463 300 282 287 282 282 281 244 225 232 261 246 282 334 386 398 463 455 360 394 415 432 434 454 454 434
294 263 240 224 199 187 174 131 114 123 184 348 477 710 709 413 297 244 240 288 379 459 458 452 477 463 451 473 520 569 582 598 609 627 661 667 700 992 1530 1574 1776 1285 390 260 220 276 285 282 291 301 268 228 236 269 266 285 322 372 395 466 456 377 423 443 454 453 460 461 456
259 237 229 222 207 193 192 178 168 170 187 235 255 244 324 612 708 417 314 281 300 389 479 501 496 477 482 520 584 616 633 654 680 617 573 598 792 1100 1339 660 1831 338 196 161 191 245 287 281 292 327 297 260 272 289 280 282 309 367 393 463 457 454 454 455 457 457 464 466 462
227 221 220 219 214 219 221 223 225 224 200 195 208 212 208 219 286 498 706 670 476 476 483 508 550 553 569 597 710 854 900 897 875 752 626 728 1190 1542 1732 557 97 311 227 176 202 245 282 287 303 358 352 310 298 297 287 264 296 363 395 455 453 455 459 463 459 460 467 470 468
221 214 209 211 220 225 230 234 239 244 227 221 221 225 223 219 225 248 308 461 688 864 853 1090 1054 908 719 798 869 944 1014 984 1011 965 902 1057 1520 1647 1611 406 84 272 249 186 223 281 290 307 321 360 362 329 308 305 307 288 292 346 393 418 359 438 463 467 459 460 468 472 472
221 207 205 216 223 232 234 231 237 260 244 231 227 233 238 234 231 236 254 291 339 428 745 890 1045 1033 982 833 904 707 689 705 786 893 1101 1791 1795 1698 1744 103 147 193 329 218 221 300 309 336 349 363 360 328 319 330 332 350 327 350 384 376 360 399 452 464 455 460 468 472 473
222 220 220 222 228 236 231 225 234 270 261 239 228 229 246 258 253 253 262 286 308 341 407 515 700 809 881 1033 955 850 215 383 403 598 1089 1793 1802 1659 1835 57 215 241 424 264 226 323 322 354 362 363 360 357 358 360 331 334 366 395 383 360 364 393 436 458 444 459 466 469 470
226 225 226 230 236 241 227 225 243 286 280 251 230 227 243 276 284 284 287 290 300 326 374 442 558 664 716 875 1028 1034 718 558 599 581 732 1804 1826 1387 1822 101 166 275 1355 282 258 363 325 361 360 360 359 359 368 363 318 263 285 336 364 336 364 390 416 429 441 457 462 463 464
235 235 237 241 247 242 229 235 276 294 289 271 241 228 238 280 297 317 337 350 365 383 425 491 579 601 704 853 1035 1061 1114 984 835 828 1334 1891 1963 385 637 89 113 363 1337 252 283 344 322 345 365 368 342 323 373 365 302 229 218 270 324 365 370 388 405 414 431 440 456 456 450
259 256 256 259 256 242 242 273 296 308 300 291 275 240 239 261 286 285 286 292 315 367 411 482 552 621 284 618 305 779 883 1150 1298 1344 800 478 2097 160 29 88 78 537 364 229 278 289 292 335 400 409 359 314 382 377 302 280 195 231 304 399 396 392 396 404 416 418 426 424 413
288 287 285 280 266 248 266 295 318 335 321 316 297 399 420 432 453 337 288 279 291 329 381 460 504 578 574 585 610 666 798 1062 1153 1093 491 315 2118 744 73 115 236 483 299 238 248 252 283 365 474 485 386 353 457 399 356 345 285 284 358 416 422 395 388 389 398 397 398 395 390
299 296 294 285 286 258 281 304 346 367 363 364 328 459 480 500 378 365 367 347 336 351 387 456 489 522 541 579 629 722 775 683 621 852 967 1811 299 179 149 233 234 389 235 229 230 266 310 387 473 487 421 368 476 402 378 387 374 336 366 402 410 382 376 378 381 379 378 368 370
312 309 301 289 287 280 286 311 364 379 378 381 369 472 524 407 345 364 404 461 465 465 482 509 524 542 581 611 619 593 595 580 603 689 503 577 492 338 326 349 350 362 221 219 227 256 302 372 418 458 414 373 472 389 397 402 387 368 365 385 393 375 370 366 366 363 361 336 346
333 320 307 293 289 279 291 316 367 387 393 400 397 401 399 369 332 348 396 479 573 591 596 592 588 595 621 662 494 402 380 348 392 295 242 223 137 488 493 390 317 320 222 282 235 255 288 319 369 394 391 371 465 375 408 403 380 380 378 378 374 363 362 322 317 319 320 322 328
345 327 312 295 292 284 286 304 363 384 400 405 401 394 383 366 329 323 365 431 534 611 705 707 698 705 709 718 645 427 358 340 289 82 155 268 374 57 517 289 458 265 189 231 263 286 294 302 341 371 370 361 471 363 391 377 363 372 373 366 339 304 306 311 309 310 313 314 320
345 327 312 297 292 286 286 297 334 375 402 435 417 400 385 369 343 321 330 372 451 559 648 713 719 723 732 758 757 739 489 340 262 240 264 357 541 519 324 437 402 194 236 269 274 286 295 313 342 340 325 323 378 294 339 292 302 356 339 322 292 294 301 302 301 304 306 310 315
341 324 310 296 290 287 289 291 306 363 371 383 397 403 401 386 370 345 331 354 392 466 561 671 722 738 748 770 819 869 753 598 616 486 592 637 379 580 341 702 303 216 250 262 249 241 247 281 298 296 289 296 374 320 362 295 310 315 290 279 273 287 294 297 296 299 302 305 310
329 317 306 295 289 288 292 285 362 415 381 368 368 376 394 411 403 380 366 358 370 405 472 567 707 734 741 729 723 733 716 802 831 829 488 381 368 409 450 606 260 265 247 234 224 195 201 223 238 245 235 259 311 325 316 296 268 272 270 260 257 273 289 292 292 295 298 301 306
318 309 301 293 288 287 293 288 286 306 365 378 369 364 371 395 457 454 406 382 375 386 422 508 577 900 882 874 816 687 708 580 689 468 396 352 317 407 496 556 275 293 242 219 185 167 168 176 191 224 228 230 233 234 305 248 253 257 252 249 251 258 273 287 289 292 295 298 303
309 303 298 292 288 289 295 293 252 266 291 366 388 378 368 376 427 467 468 462 426 416 430 482 534 603 686 890 1053 1081 457 627 461 450 382 295 265 365 461 511 268 299 228 189 170 126 134 170 183 223 228 230 229 229 229 235 241 244 244 244 246 250 257 270 286 289 292 296 300
302 299 296 292 287 292 300 297 272 267 286 299 371 405 411 397 415 466 480 488 481 476 474 483 520 529 587 646 878 598 815 444 435 380 307 119 169 302 408 440 262 295 228 171 144 127 136 169 187 224 230 228 227 226 226 229 235 240 239 239 243 246 249 258 277 287 290 294 298
296 296 295 294 292 298 309 312 301 295 288 293 311 376 459 466 468 473 485 505 524 521 506 482 480 552 446 622 707 940 408 378 387 358 128 42 232 314 792 367 216 247 224 161 103 128 142 170 215 225 229 223 224 224 223 226 233 237 236 238 242 244 246 253 267 285 289 293 297
291 293 296 298 300 309 330 345 351 343 303 299 306 340 398 472 507 547 557 573 574 573 511 478 470 524 564 520 567 394 333 367 377 344 264 288 297 954 949 750 170 184 223 121 91 126 141 171 192 202 193 203 215 222 222 225 232 236 236 237 242 244 245 251 263 280 288 292 296
288 291 296 301 311 334 362 361 362 372 360 305 302 317 374 464 535 589 611 627 620 589 507 486 484 611 508 632 630 295 280 321 315 342 378 395 540 762 804 348 106 144 221 171 89 124 139 172 178 178 182 193 204 212 218 224 231 235 235 238 241 243 244 251 263 276 287 291 295
285 290 296 305 327 363 365 366 368 381 380 333 301 311 374 461 566 614 653 678 647 613 555 594 782 621 634 336 252 225 227 465 491 550 453 408 380 376 378 388 29 122 176 53 49 123 141 188 178 176 182 192 201 208 216 224 230 233 234 237 240 241 243 251 263 275 287 291 295
277 288 296 308 336 366 372 369 370 376 374 334 293 305 398 437 511 601 650 580 706 595 610 796 691 372 318 186 183 419 405 421 442 207 387 423 392 420 412 587 590 81 164 168 83 107 154 188 180 178 180 189 202 213 217 224 229 231 232 235 238 239 240 248 261 274 287 291 295
261 286 292 304 332 365 373 371 369 372 466 460 433 445 477 403 487 575 566 510 602 570 727 538 236 229 167 417 402 402 398 404 407 43 316 378 362 462 399 558 573 108 151 122 121 124 166 179 185 184 183 191 207 222 222 224 229 231 231 233 235 235 238 246 258 272 287 291 295
246 269 287 314 307 362 369 377 362 364 468 474 473 468 472 501 389 471 482 487 597 868 557 286 235 222 177 171 189 404 407 398 389 271 299 301 454 365 354 530 83 138 165 82 126 123 156 183 195 195 194 199 219 224 224 226 231 232 232 233 233 233 236 244 255 269 287 291 296
243 258 284 311 332 312 365 373 460 460 463 382 494 483 468 481 524 320 363 566 857 568 285 191 171 169 142 392 396 408 415 241 256 288 297 437 468 542 284 600 163 166 172 130 132 145 172 187 199 210 212 218 224 228 229 230 233 234 234 234 233 233 237 244 253 267 287 291 296
238 250 270 306 325 354 317 463 463 460 372 430 399 471 459 471 502 569 286 550 631 231 85 43 166 169 146 392 402 420 298 296 285 283 251 467 489 571 585 708 175 173 180 187 168 171 177 186 204 222 223 224 227 231 233 234 236 236 237 236 234 235 240 246 254 268 287 291 296
240 252 271 288 302 299 295 441 341 356 379 459 499 467 459 469 373 397 354 571 418 554 588 543 164 166 176 193 226 436 296 262 191 175 228 467 505 618 636 241 206 187 176 174 205 175 178 191 215 224 226 227 229 233 235 237 238 239 239 238 237 239 244 250 257 272 287 291 296
234 244 257 282 378 318 402 413 420 295 229 291 493 480 476 299 402 384 360 554 371 709 738 113 168 178 223 242 257 294 263 230 410 284 323 335 570 461 595 280 198 192 167 167 178 184 192 208 224 227 228 229 231 234 236 238 240 241 241 240 240 243 248 255 263 281 288 292 296
230 236 349 365 371 289 391 402 408 407 180 177 169 183 290 378 465 422 449 398 378 474 224 214 200 220 235 272 293 304 256 239 246 309 308 314 292 374 451 736 196 201 160 166 185 217 223 224 228 230 231 231 233 235 237 239 242 243 243 244 245 248 253 260 271 286 289 292 296
309 319 332 352 365 373 383 395 404 405 229 205 460 480 205 288 387 374 458 506 577 571 224 222 225 232 253 286 298 293 251 295 301 319 296 293 284 388 568 370 217 192 157 175 216 231 230 229 231 233 234 233 233 235 238 241 245 245 247 251 253 256 262 271 285 287 290 293 297
305 313 323 339 353 366 374 386 398 403 249 227 441 468 488 228 306 365 315 231 225 347 270 259 250 249 264 288 294 281 235 447 325 309 292 298 322 466 411 217 220 181 169 211 239 237 234 233 234 235 235 233 233 235 239 243 247 248 253 262 267 272 283 286 287 288 291 294 298
305 311 320 259 348 363 369 382 400 408 269 397 411 457 461 245 275 298 294 277 369 315 283 288 278 263 267 286 287 249 227 241 291 308 325 340 427 541 263 219 221 184 194 247 250 236 234 235 235 236 235 233 232 234 239 245 250 250 263 284 286 287 288 288 288 289 291 294 299
313 320 326 339 348 363 369 380 401 412 410 400 399 419 454 462 296 348 370 395 319 262 283 287 272 256 253 256 249 227 218 245 319 362 374 378 612 359 256 236 225 198 222 256 245 236 235 235 235 236 235 233 232 235 240 247 254 254 285 288 290 290 290 289 288 290 292 296 301
321 330 338 352 365 373 382 386 399 419 440 448 421 414 427 274 371 356 262 226 224 249 255 246 241 235 230 229 224 218 221 249 322 365 399 586 621 277 255 220 209 216 243 250 245 238 236 236 235 235 235 234 234 236 241 249 263 259 288 291 293 293 291 290 289 291 294 297 303
334 345 357 368 379 390 408 414 424 428 462 468 474 460 372 268 167 143 136 142 178 206 225 227 228 224 221 222 219 212 223 256 317 400 510 704 337 257 245 204 189 211 238 244 242 239 238 237 237 237 237 237 237 239 243 253 277 244 289 292 294 295 293 291 291 292 295 300 306
353 364 371 379 394 415 439 453 459 459 471 483 499 450 192 110 88 87 87 121 145 172 184 210 222 217 209 211 213 214 225 271 366 458 534 568 290 246 220 190 176 226 233 238 237 237 237 238 239 239 239 239 239 241 247 258 285 289 291 293 295 296 295 293 293 294 298 303 310
365 371 380 392 416 437 461 473 483 486 503 406 517 57 89 66 112 134 51 95 137 167 171 175 188 190 194 205 211 217 230 287 373 447 474 474 282 230 214 175 178 225 229 234 234 236 237 238 239 241 242 241 242 245 252 265 286 288 291 294 296 297 297 296 296 297 301 307 316
370 377 391 413 444 462 475 494 515 533 446 309 49 73 54 54 54 152 39 86 121 132 162 169 171 174 181 192 207 222 233 286 363 399 457 451 282 220 178 165 168 224 229 231 233 236 237 239 241 243 244 244 245 249 259 274 286 289 292 294 296 297 298 298 299 302 306 313 323
294 315 355 365 371 384 391 401 574 579 470 280 9 36 40 41 32 54 54 86 102 125 140 149 163 169 176 183 202 223 237 292 364 381 416 382 253 199 168 141 168 224 228 230 233 236 239 241 243 244 246 247 249 254 266 285 288 290 293 295 297 298 300 302 304 307 312 320 334
318 365 384 431 470 562 572 572 451 611 417 43 8 11 32 26 35 41 54 95 116 128 132 135 149 167 171 174 192 223 236 289 361 367 389 360 257 203 163 124 204 221 227 231 234 238 241 243 245 247 249 250 253 260 277 287 289 291 294 296 298 300 302 306 309 314 320 331 350
361 378 435 468 569 644 736 724 381 251 411 193 31 33 46 67 37 50 110 130 132 132 134 131 138 154 162 169 180 222 238 276 326 387 359 377 232 167 131 196 199 217 228 233 237 241 244 246 247 249 252 255 259 270 286 288 291 293 295 297 299 302 305 310 315 321 332 347 362
