---
BL Depth [m] Valid 1900 NZST ~Z75~(0700Z)~Z~ TUE 6 Jan 2026 ~Z75~[79hrFcst@2119z]~Z~
Model= RASP Region= NZ Grid= d1 Reskm= 6.0 Indexs= 1 79 1 99 Proj= lambert 6000 6000 -35.0000 -42.0000 176.0000 -38.5000 176.0000
Day= 2026 1 6 TUE ValidLST= 1900 NZST ValidZ= 700 Fcst= 79.0 Init= 70 Param= dbl Unit= m Mult= 1 Min= 8 Max= 854
89 136 120 140 163 89 92 119 192 302 276 171 255 280 218 375 281 289 35 316 366 354 267 378 30 473 29 343 464 143 219 217 173 73 68 63 50 44 32 8 55 29 107 137 173 207 231 240 242 243 250 263 282 297 317 345 367 374 377 378 379 381 382 9 34 57 146 169 174 186 198 211 223 232 245 263 287 302 321
88 122 151 131 176 141 185 176 241 232 365 377 302 306 407 398 73 243 76 297 368 384 389 330 484 408 365 330 311 225 115 191 225 139 65 44 42 43 41 8 29 81 94 124 161 193 214 225 231 238 250 267 288 304 325 353 370 378 383 386 388 390 393 59 139 170 171 193 212 220 229 240 253 267 283 292 305 320 326
36 64 75 87 59 149 225 284 271 304 357 368 359 174 29 454 54 132 119 263 358 372 388 374 491 403 383 360 359 357 317 191 224 229 139 95 96 132 172 146 125 84 94 119 153 175 189 201 213 226 241 259 285 302 322 347 367 375 381 384 386 22 97 172 175 208 215 218 226 238 251 265 282 287 294 301 313 325 331
30 43 47 60 120 166 220 283 304 297 298 314 309 453 195 78 67 106 122 192 276 343 379 412 384 447 376 357 341 388 410 376 326 330 8 99 147 212 270 293 328 114 99 134 165 147 155 171 191 205 228 250 279 298 317 337 361 367 372 375 92 179 216 228 242 265 282 284 284 288 297 303 308 315 315 312 319 331 336
43 8 33 115 128 168 213 247 260 221 229 233 282 246 165 27 28 83 83 150 198 260 368 403 415 501 392 327 292 315 378 357 325 363 8 91 280 385 415 410 449 448 286 263 202 114 135 151 176 191 221 247 283 299 315 333 352 361 363 105 225 237 259 280 282 287 301 341 360 360 360 360 343 332 330 320 325 336 340
84 26 62 123 138 170 193 230 234 368 166 197 199 164 28 445 435 23 58 140 198 262 365 396 439 468 449 332 305 315 372 379 353 306 359 392 394 397 408 408 438 421 444 142 104 101 118 143 168 188 222 252 290 306 318 336 357 363 362 122 222 253 266 283 285 289 297 311 327 346 360 360 346 322 320 327 331 341 344
10 37 83 128 163 175 196 227 24 422 356 91 90 31 439 428 416 406 26 122 185 249 360 386 424 422 483 166 194 235 287 358 356 328 365 393 408 418 431 440 455 453 444 298 99 81 106 135 155 179 215 253 292 306 314 329 347 359 8 209 233 282 284 285 290 293 299 307 317 333 351 357 349 341 333 334 335 345 347
21 54 115 134 169 182 217 127 361 379 396 403 423 428 420 410 400 390 8 114 180 241 326 378 410 438 423 122 80 61 240 350 399 398 416 407 409 427 444 456 463 456 452 312 88 71 98 129 150 173 210 261 296 304 310 323 341 355 41 221 233 260 282 288 293 297 299 302 309 323 335 328 316 318 328 337 339 348 349
27 58 120 149 173 193 220 367 386 403 416 423 420 413 406 398 390 381 375 77 171 218 277 362 393 418 421 194 64 29 185 307 416 438 435 417 435 462 482 485 469 451 445 465 317 65 80 116 143 162 193 254 294 297 301 313 330 349 169 222 236 262 281 288 294 300 301 301 305 319 332 319 311 317 331 338 341 348 347
39 94 133 165 178 219 219 384 396 406 413 413 409 404 398 391 384 376 370 88 161 203 265 334 377 405 427 417 141 29 51 285 388 437 440 434 460 481 482 458 428 409 434 457 462 64 63 102 138 154 177 238 289 292 296 308 323 115 221 233 237 249 273 285 291 296 299 300 302 313 331 330 325 330 337 339 342 346 343
122 133 162 166 204 220 181 35 405 410 411 409 406 401 395 388 380 373 367 67 151 186 243 307 358 390 415 423 503 56 61 294 367 412 430 437 465 472 453 419 399 387 421 456 448 331 46 84 131 149 163 209 269 289 294 306 8 225 242 244 241 245 257 279 288 293 297 300 303 312 331 353 360 359 347 340 342 345 338
136 157 165 165 181 169 170 86 24 410 407 404 401 398 393 386 378 369 363 44 120 171 214 291 338 380 402 411 496 271 130 136 382 387 404 420 448 449 430 409 395 369 383 431 447 400 48 57 121 142 148 182 244 287 293 306 221 239 247 247 244 247 255 273 285 291 294 296 300 306 318 335 351 352 346 342 342 342 333
154 166 168 170 166 112 77 65 27 22 404 402 400 397 392 384 375 366 360 24 95 148 200 274 323 368 386 399 413 500 328 166 438 408 399 417 418 414 396 393 381 364 349 380 435 124 339 48 98 133 138 163 222 280 8 176 224 248 254 247 248 256 268 278 284 288 290 291 293 298 309 331 350 351 349 341 341 341 330
167 164 158 118 40 63 27 50 28 9 404 402 400 397 390 381 372 364 357 24 88 146 196 263 313 354 373 385 402 498 486 491 255 460 444 415 406 398 378 372 362 350 325 320 368 165 350 74 80 121 133 151 201 264 289 171 228 255 263 254 256 268 284 284 284 287 287 287 288 291 303 324 355 360 360 338 340 339 327
172 165 164 64 20 28 23 47 28 8 405 403 401 396 388 378 369 361 352 27 81 147 195 254 305 347 362 373 393 500 478 479 480 269 470 426 419 383 364 349 355 329 317 302 288 300 322 31 52 102 131 151 192 249 278 176 231 259 262 258 265 277 283 284 285 286 287 285 285 289 298 316 348 362 359 334 337 337 325
176 166 98 67 28 29 27 57 27 9 407 405 401 393 383 374 366 359 349 26 93 156 204 252 302 340 359 372 390 494 479 472 457 271 370 400 412 386 338 295 303 309 303 287 248 238 252 117 66 91 129 151 187 234 265 175 232 252 253 250 257 262 262 263 269 279 285 285 286 290 299 312 334 360 354 329 331 332 321
228 135 39 60 27 26 86 69 28 22 407 403 397 387 378 371 364 357 344 30 123 173 222 256 301 336 362 375 384 488 479 458 406 225 205 184 336 345 320 281 247 270 274 251 218 206 209 124 78 78 127 155 184 223 255 170 229 239 241 240 244 247 247 246 249 256 264 275 286 291 300 313 328 345 340 320 324 325 315
270 246 83 86 53 83 76 89 65 28 8 9 391 383 375 368 361 351 8 88 165 191 231 273 307 340 367 385 496 474 462 454 457 343 286 178 264 301 293 283 225 162 202 209 191 201 112 88 110 139 122 164 182 213 245 158 224 228 231 236 239 240 239 240 242 247 252 261 280 289 297 309 321 327 325 311 313 315 308
284 265 225 99 132 165 177 166 165 109 29 64 84 68 75 24 22 25 29 163 178 220 245 291 319 355 375 396 488 454 443 447 447 431 348 270 197 262 271 244 240 195 173 178 193 146 58 96 85 115 170 165 175 207 238 121 203 223 228 235 238 237 237 240 242 246 253 263 280 287 293 302 309 312 309 300 301 304 300
254 239 221 204 164 202 177 212 204 176 171 198 173 186 170 165 98 29 50 166 204 229 270 301 330 364 383 398 475 445 436 450 431 381 334 300 254 195 232 111 223 108 114 165 130 51 87 59 48 69 169 208 151 202 236 45 171 215 226 235 236 235 238 242 245 253 267 285 287 289 291 295 300 304 300 290 290 294 292
240 231 220 209 219 219 219 221 219 219 220 221 221 220 219 208 170 148 73 184 223 241 287 311 342 370 384 476 461 445 424 425 400 297 276 260 261 195 229 132 204 46 37 39 58 57 42 31 48 100 173 187 137 193 234 240 81 181 224 235 236 235 236 242 250 269 290 294 294 292 290 290 293 295 292 283 282 286 285
236 230 219 216 219 219 224 238 246 243 238 232 229 227 227 221 201 169 145 203 227 257 294 321 353 379 474 458 457 456 416 378 342 284 267 254 270 250 249 135 168 42 38 29 61 66 62 49 291 417 212 175 128 177 232 237 258 122 225 232 235 235 234 238 251 284 292 298 299 296 290 285 286 288 286 267 266 274 270
233 229 222 217 222 230 245 260 265 260 252 244 240 238 235 225 217 40 27 181 227 278 297 329 352 370 469 448 452 452 397 298 257 265 275 273 281 281 294 96 75 104 52 33 95 124 159 101 317 333 302 178 54 147 228 239 137 226 226 232 237 236 233 237 251 285 292 297 296 293 286 277 277 283 275 248 250 258 256
230 228 222 220 228 241 257 270 275 271 263 258 253 249 241 230 224 348 355 117 228 224 258 312 444 426 424 397 331 319 298 258 242 251 277 288 295 289 314 230 168 98 87 97 153 188 94 373 315 291 273 211 184 61 218 242 187 222 222 229 238 241 238 240 253 285 291 294 292 287 275 262 259 264 254 232 236 245 244
227 227 224 223 235 249 264 277 282 282 280 278 270 260 246 237 235 232 358 26 195 409 408 406 391 392 386 250 217 224 224 228 233 236 247 271 298 299 316 268 235 144 139 98 30 30 289 326 351 301 281 216 177 99 221 110 187 188 197 225 236 246 251 247 254 277 290 290 287 278 258 243 238 238 234 222 226 234 234
227 227 226 228 242 257 273 283 286 287 288 287 283 273 248 238 258 220 422 383 368 386 394 366 337 356 385 271 176 187 188 199 224 233 232 245 287 303 317 291 257 221 152 127 88 73 224 265 367 346 289 124 222 228 225 202 178 179 187 215 230 244 272 268 259 272 287 285 279 263 240 227 222 222 222 215 221 226 226
229 231 231 236 253 271 283 288 292 294 295 293 287 272 237 233 232 414 384 363 358 372 379 348 310 309 359 371 250 198 193 188 218 236 238 232 264 298 321 318 284 226 188 143 53 167 180 230 317 314 276 244 240 229 161 184 173 174 182 189 222 232 260 287 286 280 284 279 267 249 230 221 217 215 217 203 212 221 221
234 238 239 247 269 284 290 296 302 303 302 295 288 239 219 165 404 372 348 329 322 326 337 331 314 283 283 281 250 230 224 201 222 248 254 238 263 320 338 286 278 260 264 158 35 141 182 208 271 262 265 255 249 235 162 174 172 169 173 175 184 222 236 285 292 290 287 283 267 243 226 204 193 198 200 189 202 217 211
241 246 249 260 284 293 301 308 315 318 313 295 254 318 307 401 380 345 310 300 292 274 287 298 271 232 237 245 223 242 243 218 227 241 246 241 260 339 319 29 84 262 271 63 82 134 172 168 198 192 214 297 237 193 181 177 170 153 149 167 171 184 224 246 290 297 297 290 280 246 224 163 173 169 178 177 192 209 204
247 254 261 278 295 304 312 321 334 361 299 240 419 388 381 383 390 361 324 312 284 251 259 260 221 226 243 225 194 225 375 358 235 242 236 148 272 290 303 241 265 261 250 87 135 150 182 174 169 155 183 243 238 109 187 169 140 130 128 133 147 171 193 230 273 296 307 301 287 253 223 170 139 167 164 167 183 200 196
253 263 273 287 305 316 322 337 366 361 426 399 382 364 351 352 365 372 368 336 289 265 259 253 233 252 281 224 199 224 399 279 9 212 193 119 236 256 235 220 247 254 39 123 156 166 177 175 169 152 160 174 77 43 168 135 123 105 108 123 129 150 176 222 236 288 303 307 287 253 221 167 86 122 165 167 172 190 224
258 272 284 296 318 331 345 370 376 396 376 365 346 319 290 284 307 354 368 317 281 272 271 253 260 282 283 252 222 34 37 74 115 79 174 227 229 213 180 195 243 292 57 123 151 193 222 211 201 161 145 138 59 37 43 37 58 75 84 92 121 132 168 185 225 244 292 302 272 241 221 167 71 109 159 155 166 178 215
262 281 290 306 335 357 364 392 372 343 319 297 256 228 200 220 258 311 328 269 239 255 274 289 289 267 220 186 95 10 46 54 91 128 151 191 225 27 247 246 278 283 92 136 174 155 166 183 170 144 134 121 91 78 72 28 110 122 120 54 87 120 135 170 191 223 249 295 253 230 180 168 62 121 120 138 165 167 195
267 286 298 316 355 365 376 391 319 289 120 195 151 120 64 60 82 150 203 230 250 297 346 362 311 287 336 331 238 64 95 57 83 80 86 186 198 124 335 301 244 258 122 64 53 64 101 174 114 129 141 122 108 65 83 69 9 90 90 98 56 86 105 129 164 174 207 286 244 223 175 150 84 72 115 123 158 170 179
272 290 304 324 361 369 387 371 314 275 102 30 109 55 40 48 76 165 233 252 249 276 292 300 301 291 283 274 289 293 89 72 307 157 166 192 206 213 275 9 47 9 180 84 112 55 52 73 40 49 120 136 141 56 56 61 39 66 58 70 27 56 78 93 121 125 156 245 241 224 130 107 61 63 110 114 131 165 169
278 294 309 330 364 372 388 387 361 314 89 206 152 96 82 130 181 224 241 240 233 236 251 285 297 297 288 285 293 284 304 168 297 113 211 176 188 160 246 191 60 59 91 209 172 67 47 50 37 45 103 130 108 10 50 57 59 68 32 59 73 30 54 67 89 63 85 322 239 247 119 51 28 90 91 79 125 153 159
283 297 311 332 366 372 383 391 398 361 303 268 223 176 163 181 203 224 234 237 236 236 242 256 281 282 272 271 283 281 301 334 233 133 301 252 193 170 101 205 162 122 166 185 109 67 91 80 61 53 69 101 97 106 54 63 68 61 8 32 60 9 28 54 74 85 287 163 232 238 96 24 9 39 89 75 94 143 152
284 297 310 330 366 373 378 386 375 363 366 318 293 266 241 230 233 239 244 240 233 235 244 255 266 277 272 268 271 264 291 325 369 209 212 288 132 151 249 290 250 120 169 122 77 97 120 105 57 61 71 64 103 99 123 171 33 26 12 8 33 56 61 94 48 51 308 363 227 222 121 9 425 23 49 56 95 135 148
286 298 309 328 363 373 375 379 381 378 362 380 329 297 272 252 244 243 238 229 222 234 251 261 259 257 257 252 263 261 277 297 315 372 362 369 279 147 143 242 273 8 123 125 118 116 127 98 45 53 86 106 121 115 149 178 80 8 31 300 8 8 29 42 96 179 330 273 224 221 167 425 430 405 26 84 78 129 146
289 300 309 327 361 370 373 373 380 377 374 312 289 343 301 280 270 258 240 222 211 224 239 248 259 267 248 245 250 260 275 292 314 367 437 459 461 396 342 299 275 285 29 120 128 119 137 63 32 74 98 126 119 158 185 175 55 12 174 307 391 425 379 313 307 303 62 175 223 217 170 9 430 407 383 27 64 123 144
294 304 312 329 361 368 371 373 378 378 372 337 308 283 246 237 265 305 267 236 222 227 226 226 247 286 273 257 258 265 270 280 316 365 406 391 382 386 402 399 372 357 363 30 87 152 171 191 40 85 134 166 145 128 181 163 73 8 131 278 348 373 352 295 289 297 289 255 207 195 171 9 417 403 383 26 51 82 142
301 309 316 333 361 366 371 376 380 378 368 345 315 300 292 283 296 328 295 265 246 241 225 212 230 273 279 260 258 261 259 261 312 348 377 373 258 402 421 453 451 396 378 377 448 85 175 128 223 100 81 97 168 259 224 179 236 337 233 277 354 357 338 301 296 282 242 131 178 182 172 24 395 393 382 9 28 81 140
309 317 322 340 361 365 372 381 384 376 363 346 329 315 305 296 298 315 328 298 276 258 220 195 216 255 267 250 236 251 256 258 344 350 358 366 234 241 22 454 421 383 374 360 355 363 123 230 164 358 53 56 210 279 372 438 194 106 258 296 339 341 312 262 275 257 165 126 168 177 175 26 376 381 377 377 26 74 138
317 325 330 349 362 365 374 385 387 374 360 348 351 339 321 309 306 318 346 329 291 285 238 202 216 241 258 238 229 256 270 280 356 332 329 345 361 211 375 365 413 415 419 375 357 41 125 259 156 197 44 31 28 299 356 418 354 304 314 359 353 337 292 246 252 226 86 90 149 171 179 67 368 374 372 375 9 62 136
326 333 338 358 362 367 377 387 386 373 362 359 359 359 338 323 320 322 369 350 300 294 278 238 228 232 250 242 233 243 242 278 312 328 351 285 299 41 397 378 424 427 393 343 310 292 130 290 383 451 535 27 439 351 277 261 321 309 351 361 350 350 243 222 211 172 40 37 107 120 172 108 368 373 371 374 385 29 135
336 343 349 361 365 370 379 387 384 374 366 363 361 359 343 332 334 339 370 340 301 296 297 285 250 238 244 247 236 240 241 266 285 316 363 395 400 357 354 298 442 432 388 333 333 305 127 291 372 411 477 510 485 150 346 330 333 358 379 349 314 337 229 161 138 120 34 30 20 191 264 70 361 370 369 373 386 26 136
348 357 360 364 368 374 381 384 383 376 372 366 361 350 334 332 341 361 377 326 299 292 296 304 296 257 251 254 247 257 257 261 290 298 339 370 424 476 526 503 445 413 398 390 400 316 113 310 373 400 443 454 418 121 178 230 286 388 393 351 306 308 287 111 63 35 33 231 189 210 77 298 8 361 363 371 388 28 139
359 362 364 369 373 377 381 382 382 380 374 368 360 339 325 326 337 364 379 375 299 277 294 305 318 285 277 281 253 255 279 258 328 291 287 305 358 424 489 490 453 395 376 413 448 324 188 362 418 413 420 390 410 432 124 125 136 387 389 359 309 284 289 110 8 8 235 200 154 187 270 278 32 343 352 368 389 21 142
363 366 368 373 377 380 381 381 381 379 375 367 359 332 319 321 332 364 378 397 296 217 250 290 304 298 291 291 274 258 280 285 352 316 282 285 312 391 447 503 483 261 294 401 337 161 320 377 466 475 397 366 420 438 389 129 130 177 381 364 310 267 285 311 97 91 211 162 145 182 246 330 295 37 338 364 390 393 144
366 369 372 378 381 382 380 379 378 377 373 368 360 330 316 316 327 362 377 404 301 168 170 205 258 288 289 284 281 263 259 269 314 352 302 292 309 367 399 412 449 345 228 8 83 155 313 365 463 492 443 355 392 418 400 361 306 326 365 352 304 279 294 336 381 104 145 148 139 169 238 317 39 300 323 358 389 394 147
370 373 376 383 384 383 380 377 374 372 371 368 362 333 316 312 323 358 374 401 299 177 145 175 224 249 263 262 257 257 252 258 291 334 326 319 349 371 374 390 416 431 451 400 112 245 330 359 418 476 473 385 376 403 417 363 306 334 368 324 297 299 321 319 333 71 98 122 128 153 223 303 356 291 9 347 386 393 148
374 377 381 387 388 385 380 374 369 367 369 368 362 336 318 311 319 337 366 388 299 210 165 164 190 226 258 260 245 233 239 241 265 299 322 355 372 372 366 361 357 396 425 286 305 386 453 402 395 474 517 441 371 398 395 384 306 281 121 236 241 309 307 263 275 298 69 71 103 127 190 291 339 279 23 337 382 391 149
378 381 384 391 390 386 379 371 365 364 367 365 361 332 317 309 314 325 360 375 290 241 186 151 156 198 234 423 259 237 236 237 249 279 343 452 460 474 499 400 373 395 255 218 268 368 411 350 381 442 482 460 362 384 393 386 328 277 284 273 163 274 162 227 241 287 347 66 72 101 166 266 325 268 50 330 378 390 152
380 383 386 393 392 386 378 368 363 363 364 361 345 321 311 305 310 318 336 367 360 285 232 203 184 195 207 203 256 269 258 254 263 290 324 387 461 426 363 379 427 356 196 222 257 284 386 334 376 387 443 465 375 368 371 370 316 308 282 242 214 233 228 162 257 284 301 285 55 66 126 238 305 263 84 8 375 389 158
382 384 387 395 391 384 376 367 362 362 360 337 322 310 305 301 306 314 325 362 365 265 221 206 170 173 195 212 224 265 294 291 291 301 319 361 372 351 344 375 430 368 184 233 84 236 333 359 386 379 398 453 378 380 355 321 310 284 290 237 228 225 222 55 162 280 263 98 8 8 8 202 279 255 44 140 169 187 170
382 384 387 394 388 382 374 366 361 357 333 319 310 303 300 298 303 310 318 352 350 262 229 227 169 177 228 253 247 256 271 286 305 334 25 375 376 380 405 430 410 340 215 297 178 167 312 371 398 381 383 413 397 353 330 325 279 282 246 230 220 208 217 221 168 218 183 73 29 29 8 161 236 24 270 167 197 220 172
382 384 386 393 385 378 371 364 360 332 318 309 303 298 296 295 299 306 313 324 330 261 235 248 170 196 244 288 303 280 266 273 292 333 375 386 389 419 479 489 379 261 263 198 122 202 289 364 404 409 379 385 452 412 389 454 300 264 242 210 186 168 237 149 351 214 133 140 105 30 8 120 197 296 271 178 218 231 186
381 382 385 391 380 373 367 362 339 318 308 302 299 296 294 293 296 302 307 314 319 314 344 265 197 178 151 177 279 297 297 301 295 278 299 352 383 434 479 353 204 214 176 203 175 180 304 341 372 386 382 371 399 379 365 362 261 225 138 111 113 124 163 177 283 211 117 132 144 139 8 75 176 121 258 186 223 241 200
381 381 383 389 375 368 363 346 321 309 301 297 295 293 292 291 293 300 303 309 321 350 313 249 220 165 98 90 173 173 287 306 309 270 275 326 375 396 106 161 187 209 246 309 370 375 329 350 358 361 384 391 360 321 311 367 275 211 124 76 54 54 120 118 232 290 234 119 122 121 89 55 145 231 248 189 222 246 214
380 380 382 386 371 363 342 321 309 301 296 292 291 291 290 290 292 298 301 309 322 371 324 284 224 178 128 88 111 196 243 290 308 303 308 345 366 35 123 103 134 225 252 315 366 372 360 344 361 353 375 397 385 360 379 387 502 482 460 427 433 35 44 96 218 282 78 167 127 120 135 143 131 222 124 175 200 242 224
379 378 379 382 363 334 316 308 302 296 291 289 288 288 288 288 290 295 300 309 327 306 283 248 208 186 175 152 126 142 202 269 307 326 339 363 357 65 145 121 225 250 256 296 362 387 377 367 362 377 400 401 463 456 404 432 458 468 431 396 412 464 8 29 165 278 242 214 191 246 269 244 145 227 104 123 167 224 222
379 377 377 376 319 310 304 301 297 292 288 286 285 285 285 286 287 293 298 303 313 237 243 233 210 189 189 196 185 170 181 227 308 343 352 378 394 157 189 228 262 257 249 282 357 396 382 378 384 372 405 457 445 458 466 458 467 465 460 417 404 457 470 34 79 279 278 280 87 236 219 185 181 247 259 93 140 201 223
378 376 375 369 295 298 298 297 294 289 285 283 282 281 276 284 286 290 295 296 297 263 222 215 234 196 201 228 200 163 216 223 260 324 357 370 333 284 224 190 248 254 250 294 362 378 374 349 371 391 422 425 424 444 458 462 459 456 428 408 399 418 462 459 86 148 197 207 188 220 149 172 220 268 244 286 145 207 243
378 375 374 363 267 291 294 294 290 286 280 273 271 268 265 274 285 288 292 293 293 296 297 291 258 218 224 254 282 264 244 242 258 289 250 166 250 291 194 174 286 338 333 361 381 298 320 310 322 371 391 407 418 435 446 454 432 424 429 432 427 421 458 463 62 120 165 175 152 170 228 216 264 242 221 263 252 230 285
377 375 373 353 240 287 289 289 286 281 267 262 261 261 263 280 285 287 292 296 298 314 299 288 264 225 230 272 291 251 238 257 285 209 134 188 258 240 125 199 286 331 27 309 300 302 306 309 322 367 378 391 403 412 416 416 413 423 459 464 465 461 458 463 467 70 90 125 183 146 167 210 223 201 215 263 314 316 358
377 375 373 330 228 277 284 284 279 262 256 254 254 257 262 284 286 289 293 301 308 333 291 271 254 226 227 253 287 257 237 248 251 96 161 243 289 130 110 113 170 224 250 282 292 295 308 318 341 368 375 382 392 401 403 398 401 427 461 469 471 465 461 460 466 479 490 484 178 152 126 173 185 151 287 353 364 447 457
377 376 372 314 215 254 256 257 255 251 251 251 251 253 260 284 288 291 295 305 318 308 255 248 247 231 236 246 260 269 251 253 203 95 228 310 299 182 159 103 143 224 239 247 283 295 307 321 363 371 375 379 385 392 393 388 394 424 461 467 467 462 457 457 457 460 465 467 470 110 94 88 77 446 366 415 476 516 514
377 375 371 301 193 243 241 243 244 247 249 250 249 250 256 282 289 293 296 304 316 287 234 233 240 240 256 26 245 253 272 293 248 100 292 327 283 243 226 124 178 225 232 240 285 299 313 333 365 370 375 376 379 385 383 380 387 411 456 460 460 456 418 423 458 459 457 456 457 460 463 467 481 447 384 470 535 573 572
376 374 370 292 183 237 234 237 240 244 247 248 245 246 254 276 288 292 294 299 302 247 224 227 232 219 292 279 256 238 252 298 271 179 293 312 285 252 53 128 198 223 231 244 288 302 332 367 368 371 374 376 378 379 375 373 380 399 426 449 438 419 411 423 458 462 461 459 456 450 456 461 466 457 461 526 576 584 582
375 373 367 287 179 236 231 235 237 241 244 243 240 242 252 272 288 290 292 294 293 210 187 206 228 259 262 27 248 235 241 254 191 224 289 304 270 232 247 175 220 224 233 255 291 308 364 376 376 376 376 377 377 376 370 369 375 389 406 418 419 414 412 429 458 463 463 460 459 460 463 469 474 476 499 571 579 586 584
373 371 365 284 179 237 232 234 236 239 240 239 238 239 247 260 286 289 290 286 248 193 176 181 208 230 225 217 207 228 237 206 205 241 175 262 229 228 172 207 225 230 243 269 290 308 369 382 382 380 380 378 375 370 368 370 377 386 395 401 406 411 418 454 460 466 469 470 467 467 468 468 474 492 551 575 577 581 580
371 368 362 272 179 238 232 235 235 237 237 237 236 236 241 250 273 288 290 272 236 198 183 184 201 229 223 200 178 172 149 179 206 234 248 228 203 240 210 226 231 245 273 286 291 314 371 382 382 380 380 377 371 367 368 374 382 387 389 392 398 408 428 457 462 467 473 474 476 476 473 471 484 516 572 577 575 577 576
368 364 342 259 179 238 233 235 234 235 235 235 234 234 238 247 264 286 284 259 229 207 198 194 220 235 245 228 8 66 108 143 192 231 225 215 208 237 201 232 248 287 295 294 295 332 373 380 381 380 380 377 372 369 373 380 388 389 389 390 394 403 422 455 460 466 472 476 480 481 480 483 504 569 577 579 575 575 575
364 361 324 247 177 237 233 235 233 233 234 235 236 237 241 251 270 287 254 232 224 200 188 182 201 235 234 215 8 57 40 68 223 238 231 228 159 167 228 252 286 295 298 297 306 364 375 381 383 384 383 379 375 375 380 387 393 394 395 396 398 403 415 440 457 462 466 470 475 481 485 494 520 572 579 579 575 575 574
359 337 312 238 176 237 233 234 231 232 234 238 240 241 246 257 271 257 248 227 174 200 171 168 171 49 108 124 32 60 37 68 150 245 240 206 183 235 229 264 286 293 296 301 327 368 377 382 386 390 390 383 378 379 383 387 391 396 403 411 417 425 439 456 458 461 462 463 468 478 490 505 531 571 577 577 574 574 573
334 319 301 232 177 237 231 232 230 231 236 241 243 245 251 269 287 253 226 227 187 165 178 175 136 166 186 177 162 145 149 210 221 229 227 198 222 263 244 255 268 289 293 303 351 372 380 385 392 400 401 392 385 383 381 381 382 387 396 413 446 457 459 460 462 462 461 462 469 482 498 515 538 571 577 575 573 573 571
313 304 291 227 178 236 229 230 229 232 238 243 242 244 251 267 236 222 220 223 225 177 121 304 122 176 178 184 181 141 167 183 181 206 189 190 224 219 259 251 266 288 293 309 363 374 383 390 399 410 411 405 398 390 384 379 378 380 386 397 417 449 458 461 463 465 467 470 478 491 506 520 544 572 577 576 573 572 570
295 291 278 222 179 235 228 230 229 234 239 240 238 239 242 236 179 166 197 233 224 329 346 702 159 181 213 224 171 175 224 194 168 104 136 209 242 228 271 271 286 288 293 308 360 372 382 393 407 416 421 424 419 410 400 390 385 385 389 398 416 439 456 459 463 468 472 475 481 490 500 510 532 569 577 577 572 571 568
272 265 249 217 182 235 227 229 230 236 236 233 232 233 233 227 168 134 167 287 300 496 854 370 181 204 229 233 176 146 182 170 162 143 144 176 245 286 295 293 292 292 296 307 336 365 375 389 409 431 448 449 445 447 446 435 419 415 421 450 458 460 461 462 465 469 473 475 478 485 492 503 527 569 579 577 572 570 557
243 242 234 208 185 234 226 230 232 234 230 227 228 228 225 188 177 141 158 366 469 422 355 122 173 193 186 176 144 135 171 176 162 180 172 221 277 299 301 303 305 308 316 329 351 363 369 379 397 444 457 456 455 456 456 456 451 441 454 457 461 464 466 467 467 469 471 473 477 485 493 504 528 569 579 577 571 568 546
229 229 226 203 188 231 225 230 231 229 226 225 227 226 206 170 169 169 168 551 296 99 130 180 198 223 199 170 143 142 173 317 194 174 194 260 339 308 306 318 361 365 366 367 366 367 370 376 387 412 453 454 441 446 450 449 445 437 436 447 457 462 467 472 473 471 471 472 477 485 494 503 521 559 574 574 569 558 534
222 223 221 199 188 230 224 228 227 226 225 226 227 223 177 182 169 181 124 139 404 125 175 168 182 184 180 179 159 191 224 182 171 194 230 199 295 299 303 321 363 368 372 373 373 374 377 381 385 393 411 429 434 440 455 457 458 458 457 456 458 462 467 474 478 480 480 482 485 489 493 503 523 547 570 571 559 540 522
214 218 215 194 184 227 221 226 226 227 225 225 225 207 169 171 157 95 139 149 259 169 168 198 200 190 198 206 182 245 144 139 173 228 325 225 294 291 297 312 347 366 374 378 378 378 381 383 385 388 399 420 441 456 457 460 464 465 465 466 467 468 469 469 470 473 479 488 499 506 508 515 537 568 570 564 536 524 510
210 212 207 188 178 223 195 225 226 225 222 209 202 175 183 167 167 70 144 143 180 169 189 222 196 186 215 223 186 186 169 167 192 297 300 299 288 290 300 317 331 362 372 385 386 383 382 381 383 388 401 431 456 456 458 462 466 471 474 476 477 476 474 471 468 468 471 479 491 504 513 530 569 574 572 545 517 509 500
207 207 199 181 172 202 190 225 225 222 189 185 185 168 173 90 190 98 163 158 131 142 188 233 222 200 229 222 173 141 144 175 231 290 289 286 288 298 316 349 342 342 365 376 387 389 389 387 387 391 406 442 456 457 459 462 467 472 479 483 483 482 480 478 479 481 483 486 493 503 516 533 559 569 555 526 503 497 490
203 201 190 175 170 196 195 224 221 187 177 177 173 187 104 144 177 63 182 165 118 147 185 241 203 169 223 210 176 138 142 202 291 283 286 285 290 305 336 364 364 364 366 371 377 383 387 390 391 397 412 438 456 458 459 462 466 471 478 484 486 485 485 486 487 488 488 489 494 507 527 557 563 552 532 509 492 486 481
198 194 183 172 170 193 190 199 184 175 170 167 184 174 125 154 57 226 224 181 128 147 174 247 205 143 199 225 197 183 209 273 257 257 268 289 292 304 328 363 367 370 372 374 377 381 388 393 397 408 437 456 458 459 460 462 466 471 477 482 485 485 485 486 487 488 487 486 488 497 512 536 551 543 520 499 484 478 473
193 188 178 171 172 185 182 183 175 170 161 141 126 126 143 290 186 209 229 220 141 169 171 241 198 137 165 196 232 227 224 235 245 253 285 295 300 309 324 358 365 370 375 377 379 385 394 402 415 454 458 460 460 461 462 465 468 472 476 478 480 480 480 482 485 487 487 487 486 490 498 511 522 517 504 490 476 471 465
190 183 175 171 172 178 175 176 172 171 121 210 145 152 160 287 224 221 202 193 212 179 187 233 280 203 179 143 173 224 192 225 241 263 287 299 309 329 357 364 367 373 377 380 384 393 405 421 452 458 461 461 461 461 463 466 469 471 473 474 475 475 476 478 480 482 482 481 481 487 499 512 516 508 499 484 471 464 458
184 179 173 170 172 175 173 170 162 162 257 284 325 296 241 234 240 237 206 185 197 196 221 245 329 313 292 151 121 252 232 192 251 263 290 296 310 328 359 365 370 376 381 386 396 408 419 428 444 456 458 459 460 461 464 466 467 469 470 472 473 473 474 476 478 479 479 480 484 497 520 554 546 516 500 479 467 461 450
178 175 170 168 171 170 146 132 58 30 388 265 252 66 255 215 245 244 226 205 210 224 232 254 291 286 303 179 98 409 197 190 289 277 294 296 307 319 334 362 368 375 382 391 403 414 420 424 435 451 457 459 461 463 465 467 467 466 466 466 467 469 473 478 483 487 488 489 496 511 538 570 566 517 496 477 466 460 442
171 169 164 168 170 137 123 88 151 435 283 255 287 281 225 244 243 237 242 249 239 229 232 250 255 237 250 234 328 268 152 257 297 292 296 304 308 318 328 361 367 374 381 389 397 403 410 419 433 452 457 460 462 465 466 467 466 465 465 465 468 473 481 490 497 500 499 496 497 503 517 535 530 506 493 478 467 460 443
154 151 141 141 137 123 91 143 366 334 296 277 185 250 264 251 235 237 260 273 225 235 228 236 276 279 285 263 290 248 180 232 294 296 300 310 316 325 338 361 366 371 376 379 383 386 392 403 420 439 457 460 463 465 466 466 465 465 467 470 475 483 493 502 505 501 499 498 498 502 514 534 536 514 496 480 470 464 452
143 138 129 129 129 86 23 98 368 308 290 255 247 240 242 239 237 251 245 249 243 247 238 225 227 247 265 269 274 239 213 297 299 296 308 314 331 344 358 364 368 372 376 378 380 383 389 400 419 446 458 462 466 468 469 469 469 471 473 477 483 494 510 519 520 520 522 524 522 521 523 531 530 515 497 483 474 468 459
72 121 83 110 99 32 89 356 346 331 294 268 244 230 226 231 237 252 231 248 253 266 286 286 288 296 314 322 316 307 303 304 308 315 314 326 335 355 356 359 361 362 363 365 368 372 379 388 405 436 457 461 464 467 469 471 473 477 481 489 505 542 569 570 570 570 570 570 570 567 543 528 518 507 494 484 478 472 462
49 56 53 78 54 125 221 273 309 311 289 256 235 229 225 217 226 158 188 229 243 259 267 266 275 289 296 302 309 316 325 335 348 362 367 372 376 380 383 387 391 396 400 404 410 418 430 444 457 460 464 467 471 477 483 492 500 508 517 527 535 540 537 533 531 530 529 527 524 519 513 506 499 494 488 482 478 473 464
38 57 53 53 148 199 188 226 282 301 292 262 233 230 227 216 144 161 207 249 275 292 292 286 285 292 299 307 316 326 338 353 363 368 372 377 380 383 386 389 393 397 402 406 411 417 425 433 443 454 459 463 467 472 477 483 489 494 499 503 506 508 508 507 506 505 505 503 502 500 497 494 490 487 484 480 476 471 462
36 54 61 73 87 58 125 145 220 283 305 288 248 230 220 214 131 167 196 254 287 300 299 289 286 292 301 311 322 334 349 363 367 371 375 379 383 385 388 391 394 398 402 406 411 417 425 433 444 456 460 465 470 476 481 486 489 490 492 493 494 494 494 494 494 494 494 494 494 493 490 487 483 480 477 474 471 467 460
37 46 64 88 34 20 9 87 123 256 303 311 281 30 57 57 142 245 248 237 279 301 302 290 282 290 300 312 326 340 357 365 369 372 375 378 381 384 386 389 392 394 397 401 406 413 421 430 441 455 460 465 472 479 484 486 485 483 481 480 478 478 477 477 478 478 479 481 482 481 479 474 470 467 465 463 461 459 457
