---
Depth of Critical Updraft Strength (AGL Hcrit) [m] Valid 1400 NZST ~Z75~(0200Z)~Z~ TUE 6 Jan 2026 ~Z75~[74hrFcst@2119z]~Z~
Model= RASP Region= NZ Grid= d2 Reskm= 2.0 Indexs= 1 69 1 69 Proj= lambert 2000 2000 -35.0000 -42.0000 176.0000 -37.7968 175.7263
Day= 2026 1 6 TUE ValidLST= 1400 NZST ValidZ= 200 Fcst= 74.0 Init= 70 Param= dwcrit Unit= m Mult= 1 Min= 0 Max= 1554
744 758 768 763 694 660 586 587 743 976 1088 1064 1030 1022 1021 1032 1024 996 982 963 927 860 891 898 946 1013 1038 1103 1221 1246 1271 1300 1258 1307 1235 1220 1212 1215 1279 1226 1231 1244 1290 1339 1391 1473 1479 1463 1417 1413 1310 1395 1425 1404 1331 1280 1306 1378 1438 1467 1482 1486 1487 1483 1480 1462 1443 1430 1427
688 734 807 885 911 988 982 968 1029 1083 1101 1081 1038 1031 1034 1041 1030 997 977 956 921 862 909 903 1011 1017 1043 1113 1246 1206 1267 1294 1242 1237 1228 1215 1212 1284 1297 1297 1306 1282 1288 1393 1442 1525 1541 1406 1450 1297 1243 1260 1319 1353 1274 1214 1214 1284 1442 1469 1483 1489 1492 1495 1490 1471 1449 1431 1426
593 646 703 803 862 982 992 1008 1025 1068 1132 1135 1082 1058 1044 1032 1015 985 1022 966 957 956 896 960 1015 1017 1035 1108 1231 1239 1249 1262 1270 1211 1209 1202 0 1272 1289 1302 1318 1336 1326 1345 1419 1491 1492 1403 1385 1270 1220 1240 1291 1324 1286 1247 1254 1309 1452 1472 1485 1494 1502 1505 1486 1460 1436 1423 1404
474 519 573 664 791 854 989 1001 1021 1076 1206 1209 1180 1164 1107 1064 1021 977 973 1026 1027 1000 976 965 1003 1012 1040 1124 1207 1221 1222 1225 1168 1237 1185 1191 1259 1268 1241 1284 1311 1341 1360 1295 1338 1441 1386 1353 1253 1207 1215 1227 1279 1267 1332 1314 1338 1384 1454 1464 1476 1494 1514 1513 1469 1442 1391 1338 1326
426 455 514 597 711 811 977 997 1031 1056 1444 1270 1215 1190 1177 1136 1050 1013 974 978 992 983 972 997 997 1010 1046 1132 1198 1204 1206 1210 1214 1219 1229 1247 1260 1255 1245 1252 1298 1332 1350 1357 1357 1355 1333 1223 1182 1209 1226 1218 1247 1283 1319 1338 1380 1448 1450 1447 1446 1463 1523 1529 1449 1415 1324 1291 1294
417 443 514 594 712 814 956 1043 1058 1119 1206 1235 1187 1173 1151 1066 1023 999 985 984 995 971 1022 1030 1033 1013 961 976 987 1016 1057 1208 1214 1219 1225 1228 1220 1213 1132 1240 1334 1261 1346 1255 1210 1247 1242 1238 1276 1323 1219 1249 1294 1337 1346 1449 1464 1445 1454 1451 1471 1473 1527 1463 1348 1329 1281 1260 1283
411 429 511 598 725 839 922 1044 1053 1093 1113 0 0 1142 1175 1174 1169 1118 1066 1025 1012 1012 988 1027 1023 951 949 1002 962 1069 1137 1202 1213 1215 1215 1148 1127 1136 1182 1273 1338 1250 1301 1194 1225 1222 1238 1229 1294 1316 1295 1342 1383 1397 0 1067 1038 434 0 1234 1418 1411 1429 1355 1233 1256 1247 0 0
408 423 509 609 727 844 911 1030 1038 1059 1132 1177 1289 1284 1226 1199 1172 1076 1057 1012 996 986 968 965 969 953 956 957 954 953 970 1152 1210 1132 1192 1210 1211 1212 1220 1244 1257 1247 1164 1105 1111 1218 1257 1274 1264 1295 1257 1382 1350 0 1303 1404 1235 0 0 0 933 1411 1415 1300 0 1163 1242 1245 1305
411 429 539 649 739 826 883 999 1040 1032 962 1286 1004 980 1199 1195 1179 1087 1007 984 1005 1018 1092 985 963 948 953 955 909 918 954 1081 1136 1095 1164 1194 1195 1187 1190 1212 1216 1126 1073 1195 1215 1238 1282 1269 1254 1288 1352 1348 1322 0 0 1252 1099 0 0 0 1170 1311 1384 1389 0 0 1239 1264 1323
492 546 623 692 775 835 865 1057 1037 1073 941 0 0 0 827 1181 1125 1018 997 993 1001 1036 1019 1003 993 967 964 962 932 1001 955 1027 1057 1126 1127 1130 1116 1122 1149 1193 1106 1096 1091 1210 1209 1212 1234 1235 1227 1230 1286 1352 1330 0 0 1183 1048 1042 1057 1107 1164 1279 1449 1460 1246 1228 427 1312 1367
516 594 716 719 854 850 987 0 1007 1080 1121 1184 1092 1047 1096 1182 1175 1118 1059 1044 1035 1017 991 984 978 970 970 972 952 948 955 970 1015 1087 994 981 985 1006 1046 1089 1111 1122 1116 1201 1200 1198 1207 1208 1207 1207 1246 1285 1256 0 0 320 738 972 963 1014 1126 1143 1301 213 0 0 1309 1418 1340
552 687 739 729 860 883 982 540 0 938 965 1206 1019 0 0 1098 1137 1054 1010 1004 1009 1010 1002 1003 1011 1017 989 984 961 961 962 978 995 974 945 963 994 1045 1076 1109 1122 1125 1109 1181 1175 1178 1201 1201 1199 1196 1207 1248 1390 0 0 98 563 729 832 998 1013 996 1059 0 0 0 327 1341 1223
585 656 711 730 830 885 916 999 0 0 1026 1055 1053 888 840 1186 1175 1083 1038 1017 1004 991 981 977 978 993 1005 1086 995 980 999 991 965 897 955 1060 1050 1090 1093 1097 1092 1174 1174 1176 1165 1153 1177 1196 1198 1198 1205 1290 1056 0 0 0 0 0 747 843 850 830 904 0 0 0 0 482 1081
582 659 695 765 838 839 868 931 990 967 1056 1013 708 574 1148 1122 1039 1010 1002 997 995 989 985 985 993 1000 990 982 959 963 993 0 833 922 1042 1091 1044 1053 1070 1080 1073 1159 1173 1192 1168 1125 1135 1177 1187 1199 1212 1327 823 0 574 1120 1178 1101 951 818 795 0 0 0 810 914 1162 1248 939
537 570 686 669 695 802 832 916 980 1028 1002 0 489 1147 1101 1088 1086 1069 1054 1040 1032 1020 1010 1009 1023 1029 1021 1027 1034 1051 0 0 969 998 1024 1029 1028 1037 1062 1062 1146 1163 1203 1123 1154 1095 1108 1161 1182 1198 1187 664 1236 1246 1130 814 1007 959 763 757 831 872 923 800 553 667 924 1020 790
488 531 531 553 655 754 800 924 982 1039 0 0 1035 1057 1057 1066 1053 1020 999 992 992 997 994 997 1005 1003 988 989 990 1067 0 1056 1028 1023 1022 1038 1063 1077 1067 1063 1057 1145 1174 1169 1127 1088 1141 1175 1202 1201 1311 536 0 1082 798 437 610 474 409 591 797 838 793 0 0 525 651 781 721
431 430 447 479 554 640 783 932 1018 1078 1107 1049 0 497 1118 1146 1108 1065 1032 1015 1000 986 982 985 977 980 1002 1029 1044 1066 1054 1058 1023 1016 1017 1025 1029 1042 1070 1095 1100 1182 1190 1178 1149 1129 1149 1162 1190 1114 1281 1274 1252 893 530 367 467 0 0 0 656 706 702 700 0 438 599 645 650
369 390 411 434 477 624 769 910 1075 1152 1097 1064 661 1157 1180 1001 1114 1020 990 985 987 993 1000 1006 1011 1017 1023 1030 1059 1069 1072 1091 1066 1066 1051 1055 1078 1097 1098 1074 1132 1137 1133 1129 1121 1122 1124 1149 1176 1237 805 0 1183 707 429 243 0 0 0 0 444 601 673 653 557 470 506 572 579
335 355 379 424 459 588 731 910 0 615 994 977 985 1032 1030 1027 1025 1002 984 980 977 979 983 976 956 972 963 983 1025 1046 1138 1220 1208 1228 1235 1216 1189 1051 1036 1141 1220 1223 1203 1164 1154 1130 1109 1122 1158 1104 318 1226 1208 531 262 0 0 0 0 0 0 536 649 630 509 494 499 498 526
323 327 340 385 446 583 630 0 0 501 875 944 970 977 995 1004 991 987 986 980 978 980 993 997 983 981 928 929 1013 1063 1209 1224 1239 1266 1285 1288 1226 1207 1103 1162 1165 1167 1168 1166 1136 1118 1114 1155 1169 1207 367 0 998 173 127 0 0 0 0 0 0 531 632 626 502 497 494 489 484
321 323 330 353 448 525 642 0 0 0 317 938 967 983 1011 1020 994 982 1000 1017 1013 1012 1024 1006 914 895 869 850 1028 1191 1203 1248 1255 1290 1314 1342 1276 1229 1219 1218 1183 1229 1236 1218 1159 1131 1132 1145 1166 1188 0 0 0 0 0 0 0 0 0 0 0 0 652 599 0 0 0 0 513
327 321 327 349 458 492 441 0 0 459 603 980 974 970 996 987 982 1009 1004 993 995 992 993 1013 1001 907 893 885 1075 1116 1230 1236 1245 1255 1293 1335 1291 1265 1235 1210 1232 1186 1182 1159 1142 1138 1162 1170 1233 1286 1014 686 505 805 0 0 0 0 657 859 723 0 0 0 0 0 0 507 501
308 320 327 352 462 503 331 426 0 0 895 969 1019 1002 1017 992 1228 1371 1125 1056 1015 1001 1008 1028 992 918 916 960 1007 1026 1115 1229 1237 1257 1313 1355 1289 1266 1251 1241 1225 1260 1170 1120 1101 1101 1134 1128 1282 0 1009 1013 1012 874 837 785 923 552 906 795 611 649 705 671 601 585 565 541 518
309 330 328 362 469 651 460 538 0 0 987 1014 1056 1040 995 981 997 1020 1002 990 995 1000 1013 1041 1019 1006 1033 1052 1067 1048 1123 1223 1237 1262 1316 1345 1340 1336 1283 1222 1211 1234 1105 1098 1103 1125 1170 1223 894 0 1019 1043 876 563 543 744 909 359 834 693 639 646 639 630 564 592 572 555 531
315 323 337 393 474 603 699 0 0 0 560 1030 1038 1011 984 977 978 988 991 990 993 997 1007 1006 991 1007 1050 1066 1080 1117 1174 1227 1233 1265 1312 1354 1340 1317 1298 1231 1221 1070 1074 1040 1073 1114 1257 934 1039 1051 873 1047 632 439 476 658 954 623 703 747 681 673 639 652 585 579 570 558 531
322 325 331 424 521 606 721 860 941 0 581 1052 1027 1005 996 989 988 989 992 1002 1018 1030 1045 1058 1043 1064 1101 1125 1130 1120 1143 1220 1261 1313 1348 1351 1348 1352 1299 1218 1201 1074 1028 1057 1086 1266 1225 920 1038 1033 1024 279 0 0 611 828 906 703 584 784 665 608 672 686 589 574 560 545 508
326 330 368 444 539 609 771 947 1006 1039 1026 1022 1035 1020 999 991 997 1001 1001 1002 1008 1020 1041 1042 1039 1041 1053 1074 1098 1115 1149 1223 1243 1278 1334 1367 1353 1314 1297 1231 1214 1086 1036 1040 1076 1304 924 1042 1037 1020 1016 503 0 327 747 802 893 712 629 731 644 664 661 670 583 552 537 517 466
335 360 454 534 608 694 809 953 999 0 0 1013 1023 1010 1003 993 991 993 1000 1010 1024 1052 1073 1088 1100 1099 1094 1091 1086 1091 1154 1255 1295 1320 1326 1333 1334 1329 1295 1221 1203 1035 1109 1057 1116 1196 692 1024 1016 980 969 664 504 742 746 770 883 694 609 701 620 633 631 635 547 516 498 461 431
380 472 544 615 729 796 862 848 224 783 988 1010 1010 1015 1014 1014 1013 1024 1024 1031 1038 1064 1044 1237 1104 1078 1072 1109 1118 1111 1172 1244 1275 1294 1311 1339 1357 1343 1312 1289 1273 1138 1066 1077 1168 1103 697 969 888 866 860 809 758 754 744 728 817 680 753 658 532 607 596 584 536 440 432 414 399
486 534 587 690 817 855 664 0 0 734 0 644 1041 1018 1016 1005 1011 1025 1031 1035 1049 1058 1068 1101 1120 1095 1092 1122 1117 1078 1125 1244 1259 1276 1291 1304 1306 1305 1288 1272 1235 1057 1009 1042 1210 1108 1021 811 740 756 765 664 593 619 644 648 756 735 690 578 496 497 462 486 442 376 381 361 340
566 660 696 745 833 878 938 1016 1078 1085 452 752 1064 1019 1019 1018 1030 1055 1074 1082 1095 1102 1103 1102 1084 1057 1071 1127 1138 1077 1137 1246 1272 1319 1375 1415 1395 1346 1316 1294 1237 1075 1018 1131 1191 976 669 633 608 633 656 621 545 537 498 545 677 716 667 538 458 429 379 379 329 323 327 322 312
651 692 727 767 838 883 944 1010 1043 1070 1093 1101 1048 1034 1033 1042 1056 1051 1048 1059 1066 1073 1083 1095 1101 1077 1090 1120 1117 1150 1243 969 695 857 1321 1346 1342 1323 1296 1262 1177 1023 945 1130 1207 823 556 591 468 475 623 619 455 436 442 422 545 688 590 445 398 350 331 301 300 299 302 299 288
536 665 698 725 775 829 894 994 1020 1052 759 1127 1040 1023 1042 1076 1100 1091 1079 1079 1101 1124 1127 1118 1110 1094 1096 1107 1119 1307 1251 1196 1284 1319 1312 1338 1375 1401 1356 1284 1197 1030 1104 1136 1264 763 603 466 441 452 561 567 440 408 378 343 359 519 424 401 334 312 311 273 268 260 267 256 236
286 429 504 586 657 761 852 959 1006 814 670 1141 1042 1103 1153 1116 1085 1049 1041 1054 1094 1121 1130 1125 1112 1095 1110 1147 1286 1347 1277 1256 1261 1285 1352 1373 1554 1396 1319 1250 1090 983 957 1059 1110 581 426 428 436 423 458 522 425 373 341 298 327 355 342 404 305 283 286 243 241 237 242 234 215
0 327 426 537 597 715 818 962 1006 749 719 1172 1037 1378 1412 1354 1340 1247 1092 1049 1082 1126 1137 1146 1144 1124 1145 1261 1310 1271 1253 1264 1315 1353 1392 1366 1536 1363 1302 1241 1072 1056 978 1164 527 427 395 387 411 380 377 434 425 348 317 283 315 321 334 308 292 286 264 226 223 221 223 203 161
0 341 422 511 645 733 832 988 1014 751 702 1182 1045 1406 1435 1486 1267 1226 1215 1122 1111 1152 1165 1168 1184 1215 1268 1292 1302 1323 1352 1364 1373 1373 1350 1346 1324 1275 1253 1215 1065 1005 1079 928 375 414 339 312 341 311 300 380 423 335 300 274 282 277 257 273 235 218 225 193 185 171 165 0 0
0 393 432 546 635 805 888 1008 1039 782 722 1148 1037 1361 1409 1215 1194 1145 1081 1062 1104 1139 1144 1145 1191 1315 1352 1356 1368 1392 1364 1332 1312 1306 1298 1302 1289 1265 1250 1208 1033 933 1061 493 339 331 248 263 298 288 270 289 408 320 298 247 269 269 227 229 217 185 191 152 137 112 101 0 0
354 435 527 591 663 807 978 1043 1113 813 1160 1158 1055 1091 1104 1081 1075 1074 1072 1085 1128 1141 1148 1161 1202 1312 1351 1365 1351 1319 1291 1278 1276 1277 1272 1268 1242 1228 1208 1091 967 978 628 400 243 274 242 244 260 269 253 244 389 299 303 226 233 243 219 219 175 166 156 0 0 0 0 0 0
447 505 568 631 778 824 985 580 1121 1134 1160 1114 1044 1035 1064 1079 1074 1061 1066 1087 1119 1140 1171 1195 1230 1306 1353 1346 1311 1276 1265 1261 1260 1247 1235 1226 1216 1213 1194 1009 988 908 399 332 229 230 249 245 258 291 242 230 428 214 242 164 169 221 179 175 122 0 0 0 0 0 0 0 0
473 555 609 719 808 887 1002 1045 1160 1162 1178 1154 1084 1059 1090 1107 1071 1056 1071 1097 1131 1149 1166 1187 1223 1262 1308 1308 1293 1257 1238 1226 1220 1212 1211 1204 1193 1167 1052 900 919 413 346 314 240 245 261 269 301 298 233 231 332 0 0 0 0 167 118 109 0 0 0 0 0 0 0 0 0
533 592 657 768 862 971 1009 1129 0 0 866 1149 1091 1025 1025 1057 1082 1084 1089 1097 1118 1139 1166 1201 1249 1279 1317 1299 1266 1238 1221 1207 1194 1184 1170 1161 1151 1135 1089 944 854 333 331 302 245 243 257 256 266 248 184 196 322 0 238 0 133 114 0 0 0 0 0 0 0 0 0 0 0
563 628 736 804 932 852 0 1013 1132 1262 843 1088 1051 1025 1033 1042 1043 1045 1058 1071 1090 1113 1133 1163 1184 1195 1253 1283 1267 1227 1201 1165 1140 1149 1147 1176 1166 1100 1020 1000 536 413 286 247 236 231 234 229 228 213 0 160 246 259 217 135 0 0 0 0 0 0 0 0 0 0 0 0 0
583 673 778 834 965 716 933 953 1050 0 863 1118 1044 1008 1026 1050 1052 1054 1067 1081 1090 1104 1125 1158 1167 1411 1293 1259 1222 1156 1114 1114 1110 1116 1106 1122 1099 1155 1058 1094 534 424 259 232 196 165 172 0 0 0 0 0 0 0 221 0 0 0 0 0 0 0 0 0 0 0 0 0 0
612 747 813 898 979 1030 0 966 1069 996 1162 1050 1011 1001 1003 1003 1007 1014 1023 1029 1040 1059 1082 1102 1124 1145 1158 1161 1127 1124 1123 1122 1107 1097 1094 1103 1088 1098 1012 1060 537 426 236 190 144 0 0 0 0 0 0 0 0 0 0 0 0 0 0 0 0 0 0 0 0 0 0 0 0
641 797 855 967 1019 734 0 0 1102 1152 1122 1075 1014 1007 1011 1011 1016 1028 1043 1046 1052 1067 1081 1094 1132 1184 1196 1211 1204 1093 1052 1049 1046 1034 1031 1038 1009 1002 856 1036 536 344 226 161 101 0 0 0 0 0 0 0 0 0 0 0 0 0 0 0 0 0 0 0 0 0 0 0 0
691 830 933 1007 1044 1141 1211 1105 1052 1040 1025 1067 1003 988 984 983 984 988 993 997 993 993 1043 1096 1070 1054 1077 1099 1085 1070 1057 1048 1041 1030 1009 873 803 674 781 995 534 313 210 108 0 0 0 0 165 169 183 0 0 0 0 0 0 0 0 0 0 0 0 0 0 0 0 0 0
784 880 999 1029 614 639 1068 1012 1011 1026 1001 1079 1034 992 991 997 1007 1015 1014 1013 1012 1039 1068 1138 1149 1126 1079 1070 1047 1018 1004 1000 989 952 831 764 651 560 896 838 530 289 174 71 0 0 0 0 124 132 0 0 0 0 0 0 0 0 0 0 0 0 0 0 0 0 0 0 0
835 967 1009 1067 1095 1072 999 0 973 1028 1000 998 1020 975 972 976 976 934 908 934 966 1017 1082 1110 1290 1223 1103 1039 1033 1019 1011 1010 995 889 807 839 803 820 838 493 427 265 175 0 0 0 0 0 0 0 0 0 0 0 0 0 0 0 0 0 0 0 0 0 0 0 0 0 0
911 1014 1059 1070 1087 1018 0 989 1006 1046 976 972 981 971 929 970 971 953 912 929 974 1015 1071 1114 1174 1143 1030 998 987 977 967 954 900 1047 823 847 1026 535 806 658 522 322 162 0 0 0 0 142 0 0 0 0 0 0 0 0 0 0 0 0 0 0 0 0 0 0 0 0 0
986 1060 1074 1072 1039 1045 1000 1002 1012 1002 0 880 930 946 0 788 816 813 814 881 934 1005 1025 1124 1152 1086 1060 1025 1002 994 987 989 950 948 852 856 1058 1012 894 659 498 260 159 92 0 0 0 128 0 0 0 0 0 0 0 0 0 0 0 0 0 0 0 0 0 0 0 0 0
1010 1064 1070 1029 1012 1020 1001 990 1011 1006 905 910 887 899 852 822 798 787 804 870 877 995 1014 1065 1103 1073 1036 1008 982 964 945 939 869 887 850 903 1081 991 838 648 485 246 148 65 0 0 96 0 0 0 0 0 0 0 0 0 0 0 0 0 0 0 0 0 0 0 0 0 0
1027 1052 1025 0 992 1010 950 0 980 985 857 782 798 777 821 867 820 808 873 961 892 985 1012 1111 1189 1111 1079 1096 1056 1013 989 975 917 808 900 1074 1128 1029 830 621 462 262 156 0 0 0 0 0 0 0 0 0 0 0 0 0 0 0 0 0 0 0 0 0 0 0 0 0 0
1041 1059 1023 0 0 950 1011 951 988 880 659 0 609 742 798 879 855 834 857 914 934 1018 714 1197 1155 1146 1143 1105 1082 1049 1011 989 962 918 1075 1067 1096 1093 917 652 507 374 176 0 0 0 0 0 0 0 0 0 0 0 0 0 0 0 0 0 0 0 0 0 0 0 0 0 0
1054 1047 1021 0 0 0 978 967 816 673 0 0 0 606 780 860 823 802 802 895 942 1017 1019 1071 1105 1171 1158 1165 1095 1060 1021 1084 1109 1100 1079 1033 1060 1116 1009 615 459 339 204 169 0 0 0 0 0 0 0 0 0 0 0 0 0 0 0 0 0 0 0 0 0 0 0 0 0
1107 1086 1031 995 1005 964 992 841 0 0 0 0 590 730 813 850 801 812 811 996 891 949 1023 1039 1157 1257 1232 1160 1134 1098 1166 1155 1029 965 1027 959 1002 1038 770 378 381 318 164 152 150 0 0 0 0 0 0 0 0 0 0 0 0 0 0 0 0 0 0 0 0 0 0 0 0
1122 1089 1041 1005 977 0 975 887 560 0 0 0 677 772 841 846 814 845 998 1014 1032 1014 1036 1111 1176 1219 1217 1199 1143 1096 1075 1038 977 1017 990 1055 1261 1225 772 455 278 224 126 108 0 0 0 0 0 0 0 0 0 0 0 0 0 0 0 0 0 0 0 0 0 0 0 0 0
1132 1092 1056 1019 995 964 977 924 815 595 706 649 795 872 953 956 959 958 1022 1058 1109 1154 1213 1274 1253 1259 1245 1219 1188 1172 1132 1071 985 968 828 1070 1028 1031 1002 694 267 145 96 107 0 0 0 0 0 0 0 0 0 0 0 0 0 0 0 0 0 0 0 0 0 0 0 0 0
1141 1099 1072 1041 1015 1003 985 955 909 823 856 852 884 939 979 989 993 996 1011 1184 1175 1197 1289 1381 1372 1281 1220 1195 1179 1173 1157 1160 997 994 944 1070 1007 816 652 440 251 86 53 0 0 0 0 0 0 0 0 0 0 0 0 0 0 0 0 0 0 0 0 0 0 0 0 0 0
1165 1119 1100 1080 1062 1040 1009 973 966 910 961 946 963 977 988 994 1009 1025 1052 1196 1216 1253 1350 1395 1360 1321 1252 1223 1214 1224 1234 1394 1127 991 883 0 0 545 303 228 200 64 0 0 0 0 0 0 0 0 0 0 0 0 0 0 0 0 0 0 0 0 0 0 0 0 0 0 0
1208 1162 1140 0 1109 1106 1073 1066 1062 1008 1000 997 993 994 1011 1018 1040 1041 1130 1188 1216 1273 1327 1354 1320 1290 1246 1219 1212 1227 1172 994 952 877 804 727 0 309 239 221 177 73 72 0 0 0 0 0 0 0 0 0 0 0 0 0 0 0 0 0 0 0 0 0 0 0 0 0 0
1296 1246 1194 1183 1174 1144 1145 1123 1112 1079 1112 1053 1039 1030 1035 1051 1033 1100 1127 1127 1212 1211 1218 1230 1255 1258 1285 1293 1305 1245 1000 935 997 847 859 750 0 206 265 227 182 112 103 0 0 0 0 0 0 0 0 0 0 0 0 0 0 0 0 0 0 0 0 0 0 0 0 0 0
1323 1296 1220 1201 1190 1244 1209 1165 1127 1079 1176 1122 1079 1061 1093 1143 1167 1126 1067 1093 1188 1251 1214 1221 1248 1278 1286 1291 1259 1176 952 846 892 870 811 735 307 117 282 210 155 150 0 0 0 0 0 0 0 0 0 0 0 0 0 0 0 0 0 0 0 0 0 0 0 0 0 0 0
1284 1322 1247 1217 1205 1212 1209 1198 1196 1127 1192 1175 1140 1167 1121 1145 1097 1033 1025 1052 1112 1101 1132 1182 1207 1211 1243 1310 1281 1142 927 791 742 791 751 624 329 135 292 207 143 121 0 0 0 0 0 0 0 0 0 0 0 0 0 0 0 187 0 0 0 0 0 0 0 0 0 0 0
1221 1306 1272 1227 1189 1190 1180 1180 1175 1125 1185 1235 1190 1209 1162 1065 1002 976 950 947 958 926 985 1010 1058 1103 1132 1147 1148 1075 892 749 782 729 648 565 415 328 297 210 101 0 0 0 0 0 0 0 0 0 0 0 0 0 0 0 0 0 0 0 0 0 0 0 0 0 0 0 0
1106 1288 1186 1164 1170 0 973 1173 1177 1123 1174 1243 1206 0 816 867 722 503 470 404 407 328 323 391 574 744 897 936 986 975 839 802 757 679 596 490 434 348 290 204 167 0 0 0 0 0 0 0 0 0 0 0 0 0 0 0 0 0 0 0 0 0 0 0 0 0 0 0 0
1007 1239 1145 1108 1050 1069 1089 1071 1059 1066 1090 1063 1041 1013 900 428 250 153 126 102 83 77 82 89 151 224 398 649 776 811 745 763 717 617 493 442 405 338 260 153 129 0 0 0 0 0 0 0 0 0 0 0 0 0 0 0 0 0 0 0 0 0 0 0 0 0 0 0 0
901 976 843 685 655 781 986 986 991 992 1019 1004 986 913 628 195 111 0 0 0 0 0 0 0 57 104 166 346 611 677 744 720 654 491 432 404 400 335 246 0 98 0 0 0 0 0 0 0 0 0 0 0 0 0 0 0 0 0 0 0 0 0 0 0 0 0 0 0 0
845 828 648 497 475 759 943 941 952 954 982 967 942 856 463 161 0 0 0 0 0 0 0 0 0 65 126 240 526 651 731 696 625 448 390 367 405 340 258 116 0 0 0 0 0 0 0 0 0 0 0 0 0 0 0 0 0 0 0 0 0 0 0 0 0 0 0 0 0
768 628 509 272 276 570 763 901 920 923 948 928 907 821 427 186 0 0 0 0 0 0 0 0 0 0 0 202 521 622 711 649 553 389 334 326 394 346 281 0 0 0 0 0 0 0 0 0 0 0 0 0 0 0 0 0 0 0 0 0 0 0 0 0 0 0 0 0 0
