---
Height of BL Top [m] Valid 1600 NZST ~Z75~(0400Z)~Z~ TUE 6 Jan 2026 ~Z75~[76hrFcst@2119z]~Z~
Model= RASP Region= NZ Grid= d1 Reskm= 6.0 Indexs= 1 79 1 99 Proj= lambert 6000 6000 -35.0000 -42.0000 176.0000 -38.5000 176.0000
Day= 2026 1 6 TUE ValidLST= 1600 NZST ValidZ= 400 Fcst= 76.0 Init= 70 Param= hbl Unit= m Mult= 1 Min= 9 Max= 2812
118 225 124 161 165 727 565 605 600 619 653 646 646 583 393 484 483 319 319 410 505 586 640 735 855 1128 1226 1105 1044 1397 1421 1574 1904 2467 1787 1411 1105 649 546 351 69 31 154 169 187 206 219 222 219 216 218 222 224 227 230 234 237 242 247 253 261 273 287 296 309 161 180 210 237 276 307 344 365 370 377 388 411 458 485
163 129 197 162 244 213 362 531 512 568 519 560 640 614 502 485 314 318 292 365 406 459 516 507 827 917 993 1070 1185 1255 1268 1293 1413 1588 2046 2332 2065 1046 752 585 164 104 126 153 176 194 207 211 209 207 209 214 222 226 230 235 240 246 251 259 267 280 291 300 312 171 187 222 242 279 301 329 360 367 373 384 402 446 476
35 29 95 146 173 225 292 390 486 444 429 453 489 565 386 464 288 289 268 327 371 388 433 402 736 843 891 1008 1117 1202 1100 1050 1134 1341 1594 2408 2405 1452 1050 917 478 77 93 125 149 171 185 195 198 199 201 205 211 218 224 230 236 242 248 255 263 274 149 166 172 187 213 231 256 287 306 332 361 369 377 387 400 436 470
31 30 109 135 166 198 248 331 367 376 399 388 333 294 293 256 219 223 226 284 352 371 393 437 503 694 822 960 1138 1225 1084 842 679 648 932 1204 1209 1064 940 858 726 323 85 94 111 138 153 171 182 185 187 191 195 200 206 214 224 230 128 157 163 168 172 183 199 215 223 237 269 293 320 355 368 377 387 394 400 429 465
144 32 117 137 169 196 239 300 342 378 352 95 217 252 232 156 156 166 182 243 315 368 382 389 398 516 717 879 1013 1116 1094 938 673 547 607 847 892 813 744 630 636 577 425 77 78 113 138 153 173 178 180 184 188 193 196 199 121 124 136 163 169 176 185 203 222 223 227 235 252 288 319 365 379 391 399 395 398 423 460
170 40 119 140 171 191 228 259 349 513 321 233 247 241 135 60 105 166 173 236 300 354 370 395 422 418 629 781 936 1110 1233 1169 779 559 652 910 932 836 762 663 653 618 591 100 69 114 144 168 181 188 191 197 203 209 211 209 56 126 140 162 169 175 188 213 223 231 240 247 254 285 304 356 377 386 388 391 396 418 456
11 48 121 149 175 202 226 240 294 483 298 220 158 81 10 10 38 121 166 221 285 317 358 370 380 392 476 643 849 1078 1276 1298 955 664 726 877 887 839 781 694 658 682 610 265 49 98 134 153 174 188 193 203 212 222 223 20 122 137 144 153 166 170 177 194 222 231 249 284 289 303 334 369 390 397 388 389 395 416 450
26 62 127 163 181 220 224 223 377 415 426 408 25 412 404 397 9 62 118 206 264 297 325 351 366 368 233 551 778 985 1178 1263 1052 784 780 872 873 860 840 782 731 734 650 464 48 90 131 155 176 197 206 222 226 230 234 167 167 167 157 156 165 168 173 183 207 225 238 262 289 311 357 376 399 401 391 387 395 417 447
33 99 138 166 191 224 224 168 387 400 412 416 411 404 395 387 381 27 119 196 243 285 301 316 334 334 344 466 613 778 964 1120 1092 877 761 798 804 796 822 827 816 801 731 653 614 72 122 148 172 198 218 228 231 235 239 167 172 172 171 170 170 173 177 186 203 222 229 246 287 309 356 383 419 416 401 390 398 421 450
59 125 158 168 218 224 220 168 399 403 404 404 401 395 388 381 376 20 113 190 230 257 286 295 312 312 330 107 439 594 759 913 976 822 711 728 744 774 825 837 809 800 795 729 745 87 101 145 173 200 225 234 239 241 167 172 178 181 181 184 191 202 218 222 223 223 227 241 285 305 341 373 399 411 403 394 403 428 456
135 154 167 185 220 221 219 181 32 409 407 403 397 390 384 378 370 28 124 182 222 235 255 277 290 290 313 202 421 526 655 757 835 786 661 679 729 786 875 894 816 755 777 798 792 426 86 138 176 203 230 241 250 173 178 183 188 191 195 207 222 224 227 230 232 234 240 265 293 316 346 368 383 396 397 396 409 439 459
165 174 190 220 220 220 219 216 177 88 28 9 391 385 380 373 23 48 108 174 201 223 233 250 264 267 288 203 395 485 574 673 757 800 726 667 740 814 901 954 873 754 761 824 870 1014 166 133 170 203 230 245 128 197 222 222 222 221 221 222 221 223 226 232 239 251 285 300 334 362 364 370 380 390 392 396 415 449 462
184 200 219 220 220 221 221 220 192 134 43 26 20 22 23 30 29 55 82 166 178 207 223 232 241 257 258 267 282 404 504 603 680 763 772 722 747 834 918 972 946 821 743 823 973 1380 612 193 153 197 225 242 167 183 219 225 228 227 225 223 222 223 226 232 238 251 289 324 369 382 383 383 391 399 397 398 420 455 465
206 220 220 219 206 220 209 220 162 138 64 28 26 26 25 28 29 29 47 166 174 192 210 223 230 242 247 265 270 398 496 577 654 723 790 805 763 797 888 957 979 877 774 872 1236 1684 761 401 82 179 215 234 166 171 196 225 235 243 236 230 225 225 229 236 246 277 297 336 370 385 392 397 409 415 409 404 426 457 466
224 225 226 223 206 215 222 198 161 153 84 26 10 10 9 9 26 28 85 151 172 185 199 216 222 233 240 259 264 395 483 569 647 735 811 826 784 759 841 940 974 922 902 1006 1420 1597 567 447 184 154 206 107 156 167 193 226 233 254 252 243 232 230 233 241 267 295 328 365 374 382 391 401 411 411 407 410 432 458 467
237 238 237 234 228 230 231 221 192 220 65 26 21 377 373 368 360 25 49 163 171 182 194 208 217 229 240 259 265 390 482 567 651 733 812 865 888 887 898 952 988 1002 1031 1124 1524 884 499 492 303 132 195 126 168 167 206 231 231 245 247 249 243 242 243 250 285 307 362 372 382 388 397 407 411 406 404 412 434 458 468
272 272 263 256 268 277 257 223 222 172 116 27 24 378 371 363 352 9 87 166 172 183 193 203 214 230 243 268 267 388 483 570 654 717 803 888 987 1042 1006 934 1027 990 1071 1165 1513 854 444 462 326 143 36 139 171 168 206 241 237 250 248 252 254 260 263 279 293 315 358 368 376 385 399 409 409 407 406 411 430 457 467
299 291 283 274 281 279 273 255 234 219 208 209 164 106 84 60 129 148 137 171 180 188 201 207 223 236 265 256 396 493 573 660 726 808 893 1010 1061 1118 1113 1000 1062 1124 1172 1260 1634 1584 1338 498 489 362 84 146 168 115 197 239 239 269 273 277 282 285 287 293 312 347 362 365 367 376 390 399 398 399 402 406 423 455 465
310 298 288 281 282 281 280 272 256 236 223 222 220 219 220 204 174 164 167 175 189 197 212 222 232 251 290 296 425 520 599 685 785 888 984 1043 1085 1095 1128 1144 1092 1178 1295 1425 1633 1560 1607 879 560 521 419 204 176 24 208 233 234 253 276 285 287 287 295 315 362 367 368 367 367 372 381 387 387 388 391 398 414 444 462
311 299 288 282 281 282 282 280 268 251 237 236 234 230 226 220 192 176 173 186 203 210 221 227 243 275 307 326 459 560 640 715 831 937 1020 1062 1098 1094 1137 1316 1287 1228 1239 1444 1606 1495 1672 746 606 560 501 405 180 317 223 233 238 241 248 254 283 290 303 325 362 367 371 371 371 373 377 379 381 384 386 392 406 431 458
309 298 288 282 281 282 281 282 275 264 254 252 247 239 231 222 206 191 184 208 220 221 224 235 258 294 319 445 547 644 734 804 899 988 1062 1111 1143 1185 1203 1401 1496 1410 1275 1342 519 1339 1512 644 707 577 547 447 191 285 210 233 247 243 250 252 280 291 305 325 346 363 367 370 371 371 374 377 381 384 383 387 398 420 454
309 298 289 282 282 282 282 281 281 278 271 265 256 245 234 224 220 213 208 221 224 223 227 239 270 296 421 535 635 718 812 929 988 1079 1089 1148 1189 1300 1329 1468 1712 1774 1110 520 427 665 1664 1488 1475 959 709 526 180 227 75 230 244 242 266 286 291 299 307 321 346 364 367 367 366 366 368 374 381 385 382 383 392 410 439
308 298 289 283 282 282 283 284 284 284 283 282 267 249 234 226 221 218 198 222 225 220 220 231 258 450 536 630 711 803 887 979 1066 1162 1203 1226 1283 1362 1472 1607 1766 1699 539 438 1475 1299 1666 1664 1681 1519 1047 645 276 186 323 235 251 255 264 289 293 301 308 326 362 366 367 366 364 363 365 370 375 376 377 380 387 402 426
304 295 288 283 283 283 285 287 289 289 290 286 280 251 234 229 228 225 136 223 220 197 216 237 410 483 541 666 755 851 947 1048 1106 1200 1251 1264 1326 1433 1623 1712 1845 1560 724 383 622 799 1321 1471 1418 1380 1057 761 608 244 10 238 241 256 252 286 287 293 300 321 363 366 366 364 362 362 363 365 367 367 370 377 383 395 414
300 293 287 283 284 286 289 292 295 296 296 291 283 250 236 238 243 248 231 250 186 380 480 570 634 701 693 744 860 946 1044 1149 1197 1268 1328 1353 1497 1548 1746 1806 1952 1491 828 579 670 668 1086 1475 1447 1234 963 788 660 326 234 237 231 236 230 240 254 288 298 313 336 350 354 348 341 346 361 362 362 361 364 373 379 389 405
298 293 288 285 287 290 294 299 303 304 300 293 284 250 241 248 280 276 394 467 520 562 656 766 849 899 921 968 1028 1089 1181 1263 1300 1353 1410 1489 1583 1629 1792 1816 1838 1323 856 646 1671 1454 1394 1067 1160 1007 978 895 791 596 234 233 219 222 208 222 232 265 292 300 307 315 323 326 324 326 346 361 356 347 360 369 375 385 398
300 295 291 291 293 297 303 309 313 312 304 296 283 241 237 241 267 408 479 516 557 592 685 819 918 970 1044 1214 1196 1117 1145 1344 1411 1447 1543 1708 1589 1769 1738 1926 1667 1149 909 730 1178 1394 1204 967 1019 949 921 832 772 675 249 222 193 190 190 197 224 240 280 290 295 301 308 315 319 322 335 355 342 335 355 365 371 380 391
305 301 298 299 303 307 313 320 323 318 307 295 246 221 207 231 401 486 535 574 623 667 764 876 1020 1059 1150 1297 1370 1266 1256 1361 1520 1493 1481 1741 1406 1280 1072 1835 1595 1417 1217 1047 1010 837 761 773 841 918 842 754 689 581 247 201 183 179 188 193 214 224 239 283 292 297 298 302 309 315 322 338 337 330 345 361 366 374 385
312 310 308 310 318 318 331 330 344 320 306 250 221 180 165 382 489 564 602 650 725 818 891 1036 1167 1227 1318 1182 1022 1020 1046 1267 1493 1569 1400 1232 850 761 776 1362 1761 1834 1657 1244 1018 661 741 700 633 671 749 726 555 194 243 179 207 189 202 193 191 197 223 246 290 295 293 293 299 304 306 315 328 326 338 349 362 370 379
321 320 320 324 333 331 359 332 368 295 319 221 460 544 639 667 685 697 722 792 868 970 1099 1260 1406 1429 1378 859 1124 685 1379 1539 1734 1677 1559 966 841 754 775 977 1575 1852 1853 1302 1017 768 1023 891 726 660 627 627 558 157 195 186 194 221 207 186 174 179 198 229 270 293 293 291 294 298 296 298 312 317 329 338 355 366 375
330 330 332 340 342 359 360 364 367 324 540 638 682 701 723 789 879 897 923 993 1075 1191 1340 1426 1545 1605 1648 1690 1570 797 900 1715 1831 1853 1141 1005 1028 901 837 891 1218 1791 1781 838 680 1060 873 929 830 626 552 480 137 137 139 164 171 180 177 171 163 168 182 221 238 289 297 295 294 296 293 289 299 308 320 329 345 363 371
340 341 344 358 359 366 365 389 351 577 720 774 747 769 788 867 1041 1139 1106 1160 1212 1408 1543 1622 1661 1582 1619 1773 2040 1871 1288 1434 1711 1793 973 980 1247 1236 1107 1146 1378 1749 1742 938 668 753 823 945 839 749 669 561 134 103 125 129 133 137 146 170 174 167 169 189 226 259 297 304 295 295 295 286 290 301 314 322 339 361 368
350 352 359 361 371 366 389 383 555 722 854 908 920 961 1250 1335 1220 1261 1154 1291 1390 1510 1573 1569 1635 1740 1648 1790 1963 1972 2160 1986 2082 2059 2082 1521 1742 1600 1667 1602 1719 1769 1225 1076 1050 1004 893 660 523 685 583 486 111 88 107 126 123 123 125 149 178 227 224 169 215 233 287 306 298 292 294 286 286 292 306 317 336 355 366
359 360 362 366 373 372 389 397 587 796 986 1193 1302 1491 1531 1516 1473 1517 1374 1517 1542 1528 1520 1596 1603 1759 1571 1672 2209 2162 2265 2025 2184 2162 2147 2131 1860 1900 2019 1386 1026 1137 1254 1217 1110 1119 924 649 400 452 678 542 189 76 59 122 87 89 122 125 168 187 234 228 167 220 235 292 297 286 289 285 285 286 297 312 332 350 364
363 363 365 372 360 380 362 542 703 875 1064 1376 1715 1692 1567 1276 1116 1125 1266 1448 1498 1529 1522 1504 1558 1871 1958 1976 2051 2115 2238 1982 1984 2271 2212 1267 1379 1918 2120 1774 1217 1131 1189 1389 1492 1552 1014 783 558 452 983 816 648 190 192 40 26 56 84 95 124 140 172 194 58 152 197 237 287 257 259 254 267 285 289 307 328 345 362
366 367 369 374 376 377 390 395 579 791 987 1162 1060 1036 896 834 884 931 1037 1082 1133 1238 1304 1484 1535 1616 1706 1957 2042 1968 1990 2234 2363 2261 2285 1884 1686 1942 2130 1861 1387 1316 1320 1445 1741 1225 882 741 695 569 1024 816 737 534 227 10 128 124 28 70 85 98 119 143 168 347 236 195 245 233 228 227 242 269 285 302 324 340 360
370 371 373 377 387 372 402 363 515 695 808 864 852 794 756 789 868 911 958 1016 1049 1099 1114 1266 1330 1459 1659 1729 1831 2001 2019 2122 2263 2304 2501 2167 1989 2060 2224 1722 1640 1615 1739 1653 1547 1405 763 682 660 1000 1239 844 752 547 213 156 112 110 127 133 29 30 59 109 135 239 481 283 231 227 223 222 224 246 284 297 318 336 355
375 375 377 381 385 376 389 380 380 347 556 677 704 696 708 744 834 887 925 954 971 969 1043 1081 1272 1347 1409 1631 1707 1824 1866 1991 2086 2181 2342 2111 1799 1921 2340 2324 1470 1235 1115 1023 1033 1179 1194 790 1480 1530 1272 1016 881 704 570 449 120 112 111 126 133 151 182 223 60 204 429 360 234 227 224 208 201 226 265 291 312 330 352
379 379 380 384 381 377 381 384 379 352 303 462 522 563 614 679 741 807 847 852 874 899 929 1001 1100 1190 1337 1509 1620 1720 1815 1938 1993 2099 2148 2099 2157 1904 2140 2026 1765 1406 1158 908 953 1161 1317 1401 819 1247 1093 1060 1069 904 772 678 489 351 124 101 96 111 148 229 307 215 312 213 231 229 229 195 173 198 236 285 305 325 348
384 383 383 387 379 375 376 382 377 377 315 307 285 390 490 535 608 665 708 757 823 867 944 998 1108 1174 1323 1401 1619 1681 1747 1852 1888 1895 1903 1994 2269 2231 2109 2208 2261 1364 972 874 946 1156 1668 1661 1441 1312 1130 1120 1091 935 842 751 1057 1410 1345 1355 1337 1354 837 646 552 478 255 184 186 222 241 177 146 132 222 268 299 319 343
387 385 386 389 380 375 375 379 376 377 365 334 298 290 274 281 279 440 594 692 773 865 938 1007 1039 1138 1296 1348 1438 1592 1642 1741 1842 1862 1904 2063 2192 2226 2239 2300 2211 1012 948 1097 1145 1354 2146 1558 1568 1370 1237 1156 1069 1070 1105 1177 1095 1496 1470 1386 1356 946 785 786 677 601 470 201 151 180 232 171 170 170 186 246 293 315 339
390 388 387 391 381 375 376 377 376 374 369 363 326 312 295 295 295 433 573 664 768 867 948 976 990 1114 1292 1338 1453 1532 1643 1751 1829 1891 1868 2028 1596 2076 2152 2251 2301 2332 2189 1814 1853 2210 2479 2502 1229 1155 1065 1222 1211 1288 1162 932 1128 1273 1410 1212 1203 1000 853 835 786 735 568 195 127 167 218 172 144 120 85 225 287 310 334
393 389 389 392 384 377 376 376 375 372 368 363 349 324 316 303 312 329 484 589 697 809 912 966 977 1103 1219 1311 1384 1541 1768 1784 1884 1952 1861 2006 1421 1813 1766 1977 2137 2275 2259 2433 2459 2450 2487 2527 2617 1717 1324 1114 1031 1148 1128 1018 987 1128 1019 958 954 979 940 868 869 833 623 171 122 136 180 168 79 122 29 412 273 305 329
396 391 390 393 386 380 377 374 372 371 368 361 345 327 320 314 309 329 356 501 593 716 838 919 933 1004 1161 1211 1337 1495 1650 1787 1952 2007 2064 2105 2193 1908 1324 885 1939 2152 2293 2414 2400 2396 2409 2453 2528 2626 2751 1264 1201 1367 1189 1163 1048 1079 948 871 891 891 941 924 922 756 461 107 84 126 170 173 86 77 28 404 432 299 324
397 393 392 395 389 383 377 372 370 369 366 361 338 329 316 317 306 323 356 486 580 671 763 847 904 950 1019 1132 1202 1383 1661 1841 1987 2000 2115 1952 1830 1845 1762 850 2090 2229 2332 2370 2380 2373 2377 2385 2408 2469 2545 2700 2729 2812 1179 1113 1225 1115 961 914 919 892 881 916 830 496 274 30 10 89 133 173 151 25 26 389 423 292 319
399 394 394 397 391 386 377 370 367 367 365 360 336 328 313 314 301 315 328 504 598 685 745 805 893 977 1039 1175 1289 1368 1631 1803 1953 1969 2067 2061 1956 1989 1638 613 1891 2211 2310 2456 2551 2467 2440 2562 2551 2559 2605 2596 2698 1682 1847 1602 1160 1025 943 997 922 875 886 782 668 404 193 102 191 300 296 165 220 28 27 373 232 287 315
399 395 395 400 393 387 378 370 366 365 362 359 335 328 311 312 294 308 311 503 618 702 757 822 909 986 1027 1192 1270 1414 1618 1737 1915 1996 2003 2265 2195 2005 2258 2246 1978 1949 2074 2027 2579 2633 2601 2556 2551 2510 2509 2587 1614 1156 1342 1501 1605 953 904 1042 904 821 706 546 456 300 191 181 327 458 119 323 221 223 43 359 231 282 311
400 396 397 402 394 387 378 370 365 362 358 349 330 325 310 307 293 297 315 357 570 686 725 752 859 910 961 1062 1231 1422 1620 1718 1883 2023 2009 2273 2021 2190 2302 2299 2255 2355 2123 2119 2501 2598 2585 2542 2482 1129 1335 2317 1150 822 1201 1359 1355 1543 1005 948 882 759 669 406 352 190 194 134 257 417 431 398 205 227 177 177 230 272 307
400 397 399 404 393 385 377 370 365 360 347 337 324 318 308 301 294 291 312 331 581 740 756 763 812 881 939 1056 1180 1431 1685 1926 1866 1965 2132 2270 1986 2258 2267 2277 2340 2504 2506 2407 2423 2525 2562 2568 785 878 1178 1297 1268 918 977 1143 1345 1482 1476 921 725 637 525 391 400 311 242 199 262 390 391 384 356 222 220 184 230 264 301
400 398 400 406 392 383 376 369 364 357 341 328 318 310 305 295 294 286 305 305 566 788 855 860 956 964 966 1109 1218 1405 1705 1825 1841 1951 2061 2230 1922 2198 2180 2140 2353 2507 2480 2434 2183 2464 2473 2293 896 966 1276 1162 1150 923 889 1095 1324 1271 1247 1242 1318 1273 730 575 742 692 450 367 334 415 370 381 286 332 224 192 230 258 294
400 398 400 408 390 379 373 367 362 355 337 322 312 304 300 291 293 285 300 301 520 713 838 1097 1283 1269 1236 1252 1335 1599 1707 1820 1968 2005 2113 2075 2139 2172 2147 2206 2292 2329 2370 2437 2427 2475 2543 876 876 813 1193 1135 1106 1020 892 1183 1373 1260 1203 1239 1270 1222 1126 1097 947 851 606 472 509 505 386 339 372 325 225 197 230 251 287
399 397 401 409 388 375 368 364 361 351 334 318 308 300 297 289 292 277 297 299 463 592 764 910 1067 1153 1237 1414 1495 1618 1780 1932 2081 2088 2081 2024 2057 2140 2147 2140 2125 2162 2204 2259 2432 2466 2520 743 899 978 1242 1275 1115 1157 949 1089 1350 1313 1213 1248 1237 1218 1205 1131 1127 907 695 566 540 542 469 324 335 305 223 196 227 245 275
398 396 401 411 385 371 364 360 357 347 331 316 306 298 295 287 291 265 292 287 300 502 677 765 823 820 882 1205 1425 1532 1600 1140 1729 1916 1977 2024 2066 2104 2167 2159 2137 2153 2161 2193 2282 2245 1673 1159 1078 1123 1237 1208 1187 1216 1077 1011 1235 1256 1182 1132 1195 1184 1237 1277 1226 1101 1072 750 524 522 474 372 322 297 210 192 224 240 265
398 396 400 411 380 366 360 352 350 342 329 315 305 297 294 287 289 261 286 293 303 487 610 693 764 734 732 970 1292 1422 1484 1592 1662 1836 1860 1893 1935 1979 2008 2037 2233 2196 2156 2173 1986 964 807 1049 1139 1213 1194 1098 1128 1148 990 967 1106 1107 1073 1050 1110 1159 1196 1268 1262 1165 1225 1277 624 683 610 462 358 204 188 187 221 236 259
396 394 399 409 373 360 348 346 348 340 328 315 305 297 293 287 287 266 262 296 324 485 574 706 827 803 821 1042 1332 1396 1484 1667 1722 1768 1793 1827 1860 1884 1948 2078 2292 2251 1180 1158 1280 959 1123 1111 1133 1163 1118 1054 1020 1053 973 966 950 977 967 987 1029 1097 1155 1219 1296 1329 1352 1628 975 773 622 531 428 210 171 186 214 233 253
393 392 397 406 365 340 338 348 352 340 326 313 304 296 292 287 285 280 252 296 313 439 524 734 889 961 999 1117 1323 1360 1424 1623 1671 1702 1718 1762 1805 1852 1985 2126 2300 2251 983 875 956 994 1029 979 981 1073 1002 950 892 839 886 792 815 887 903 909 953 1034 1103 1165 1251 1340 1453 1506 1758 903 759 559 462 238 254 186 205 229 247
390 390 394 400 334 324 331 356 358 342 326 312 302 295 290 287 277 285 250 291 294 303 312 687 863 847 823 894 988 931 1039 1626 1720 1714 1698 1730 1769 1852 2013 2075 2239 2255 858 518 835 942 1025 993 924 907 884 792 715 705 734 685 744 836 818 823 892 973 1030 1068 1204 1411 1577 1512 1557 1784 1336 705 530 360 79 185 200 226 243
388 387 391 394 315 316 328 358 358 340 322 309 300 294 289 287 266 285 255 286 293 299 310 521 755 808 756 841 934 918 1111 1659 1787 1777 1835 1909 1931 1976 2100 2175 2120 2034 987 537 788 873 945 942 861 709 622 640 635 665 666 598 656 705 730 736 799 870 970 1054 1202 1386 1495 1532 1531 1586 1152 1139 543 243 241 183 199 227 243
387 386 389 389 306 313 326 344 345 329 315 305 298 293 287 286 261 285 262 288 298 323 470 603 716 773 773 996 1298 1368 1402 1652 1768 1788 1934 1920 1923 1964 2112 2089 1825 1451 1305 1090 870 814 814 805 760 627 507 495 513 549 526 399 506 563 575 604 652 777 904 1049 1136 1225 1370 1534 1627 1911 1439 1158 778 516 73 188 210 237 252
386 385 388 385 299 311 322 330 329 319 309 301 295 291 287 285 257 272 276 290 313 337 508 626 701 660 682 1044 1312 1394 1557 1696 1809 1873 1936 1990 2060 1981 2101 1271 1057 1036 1056 1011 837 728 702 688 685 580 472 459 419 449 329 371 392 404 438 463 436 622 787 928 1047 1134 1282 1521 1615 1512 1194 994 936 621 266 201 236 273 288
386 384 386 381 292 309 316 321 319 311 303 297 293 290 286 275 253 254 285 292 332 467 518 557 596 627 679 895 1110 1295 1558 1791 1889 1854 1937 1975 2153 2029 1511 936 874 893 869 814 694 604 591 584 588 516 424 383 264 288 327 363 374 392 411 428 435 413 614 729 914 1113 1290 1417 1407 1241 1022 983 1219 762 327 349 294 322 327
386 384 386 379 285 306 311 314 312 305 298 294 290 288 285 259 246 243 271 291 319 368 480 548 627 714 770 896 1088 1354 1620 1840 1933 1977 1970 1958 2148 1999 1094 811 713 745 715 644 559 497 493 478 472 318 298 266 292 318 331 364 373 376 378 381 393 401 454 590 762 929 1110 1191 1168 1153 1134 1162 1041 841 724 307 374 392 383
385 384 385 375 262 302 306 309 306 300 294 290 288 285 271 248 239 236 249 288 291 285 313 323 669 774 796 906 1136 1401 1613 1857 1944 1954 1931 2031 2154 1736 881 754 614 610 587 539 472 399 391 296 288 288 279 288 296 306 345 375 378 382 385 389 398 393 402 416 603 770 885 922 959 1067 1186 1119 979 862 679 641 444 463 436
384 383 383 372 249 299 302 304 300 296 291 288 285 279 254 240 233 231 237 258 285 253 402 527 671 743 792 948 1217 1441 1574 1858 1906 1893 1919 2143 2006 940 792 666 551 521 502 447 382 305 293 293 276 250 247 259 293 318 363 373 380 383 386 392 404 458 384 413 571 688 755 727 745 879 989 1005 923 763 603 616 481 486 466
384 382 382 369 241 297 297 299 296 293 289 286 282 256 242 233 228 226 228 238 259 273 455 571 679 730 810 1102 1338 1552 1757 1861 1887 1898 1935 2054 1872 914 660 460 427 428 334 307 293 286 290 288 259 255 263 289 298 307 328 369 378 387 402 441 461 463 465 466 472 651 672 630 672 782 837 882 852 660 461 595 514 499 482
383 382 380 366 236 295 294 295 293 291 288 285 259 241 232 227 224 223 224 229 264 294 453 584 689 722 929 1171 1383 1628 1863 1871 1894 1884 1903 1921 1625 850 393 220 265 290 259 258 267 260 287 290 290 286 283 290 297 308 331 367 377 388 408 458 463 470 472 459 464 459 390 493 682 751 785 791 697 537 265 472 507 505 497
381 380 378 363 232 292 290 292 290 288 286 268 244 232 226 223 222 222 224 229 278 412 491 567 658 772 970 1204 1337 1600 1843 1899 1910 1890 1881 1892 1729 763 264 176 249 250 239 240 262 272 294 296 289 279 287 291 296 304 317 357 370 384 412 461 468 473 475 481 465 470 467 475 488 673 691 662 626 393 362 479 497 508 514
378 377 375 356 229 290 287 289 287 285 271 247 234 226 223 211 213 222 226 230 302 469 556 570 624 742 946 1207 1420 1610 1714 1815 1921 1896 1878 1955 1862 717 285 186 227 241 241 241 266 287 293 296 295 292 288 288 291 298 309 328 364 375 397 458 466 473 479 475 480 471 461 413 458 486 486 487 482 470 434 483 493 514 536
374 373 371 332 226 287 284 285 284 262 246 234 226 223 207 197 205 222 229 239 275 514 597 599 658 562 722 920 1546 1713 1710 798 1139 1077 1601 1959 1453 604 298 223 228 239 247 254 286 290 299 302 297 294 292 292 294 300 309 323 358 371 388 437 462 468 471 477 475 476 475 474 467 470 479 478 483 466 456 498 514 548 572
370 369 366 315 224 285 261 268 253 243 233 226 222 202 192 190 198 212 227 237 381 547 623 669 758 690 631 658 1598 1741 1321 599 736 878 1208 1513 922 513 336 238 234 244 257 286 292 299 309 309 305 301 297 296 299 308 323 351 365 373 387 417 458 461 464 466 468 469 466 463 467 471 469 466 463 468 473 511 531 570 580
366 365 362 303 222 265 248 250 240 232 226 222 199 188 184 184 190 199 226 242 423 558 686 808 847 834 567 862 1614 1626 1089 626 602 722 1198 1258 885 539 312 239 244 255 284 293 304 316 332 324 312 303 297 295 299 311 337 364 369 377 389 411 456 459 461 462 463 465 465 465 465 468 474 477 482 482 482 524 550 575 586
362 361 340 295 218 252 241 241 233 227 222 202 189 183 180 181 185 192 208 213 437 544 748 938 1067 1077 759 330 615 602 505 459 449 585 955 1053 817 511 288 239 262 286 291 303 323 362 364 347 322 307 298 295 298 309 336 364 371 380 394 420 457 458 460 462 464 465 465 464 465 466 466 467 467 475 489 530 569 578 591
347 338 324 289 212 245 235 234 228 224 218 197 188 182 180 180 183 192 235 329 417 565 750 958 1165 1338 1360 1392 177 212 326 282 340 499 1151 992 672 444 240 260 287 289 295 310 355 366 367 364 331 312 303 300 304 317 347 366 373 383 401 432 457 458 460 464 467 469 470 470 468 468 470 473 477 485 501 536 571 581 594
334 326 313 285 206 239 230 230 226 224 222 200 191 185 181 181 188 192 219 392 415 610 770 1029 1282 1451 1463 1367 402 83 90 110 285 521 1200 876 547 353 277 266 279 289 298 322 364 368 369 366 337 314 305 304 312 330 363 368 376 389 409 441 456 457 460 464 468 471 473 472 471 468 469 473 481 499 522 556 574 583 595
324 317 306 264 198 234 227 228 226 225 223 207 194 185 180 180 197 230 330 397 181 594 1090 1393 1376 1095 1482 1102 947 112 125 127 198 740 1092 781 538 383 286 274 278 287 297 318 364 369 369 366 338 315 308 311 327 362 368 374 384 398 422 455 458 460 463 465 468 471 473 474 471 468 471 479 495 522 561 572 577 584 593
313 308 298 251 192 231 226 228 226 225 224 205 191 184 180 189 224 264 415 488 96 146 1244 1362 1237 1208 1243 1108 791 169 127 148 507 981 943 895 551 330 262 253 278 289 300 323 364 368 368 365 340 319 316 325 354 366 373 382 396 412 436 457 462 466 468 468 468 470 473 473 469 465 467 478 498 529 571 578 580 584 590
301 298 291 242 189 230 226 228 226 225 223 193 185 182 183 200 265 416 268 137 194 12 19 1296 1171 1219 1006 842 635 181 140 146 640 849 927 890 622 262 250 260 287 294 310 348 367 369 368 363 330 322 329 350 364 369 377 388 402 417 442 459 465 471 473 473 473 475 477 477 472 469 471 481 497 523 571 581 581 584 587
288 288 283 235 187 230 226 228 226 224 206 184 180 183 193 226 284 545 561 140 91 1049 1283 1315 657 868 752 587 199 139 159 209 764 612 714 721 625 265 275 286 291 300 326 365 372 373 367 352 326 331 357 365 369 374 383 394 408 428 457 462 468 474 478 480 481 483 485 485 483 480 482 490 504 533 573 582 582 583 585
260 262 255 229 186 230 227 228 226 222 188 180 179 182 187 192 205 733 422 1064 1128 1303 1301 580 444 587 356 128 123 130 179 455 727 333 362 562 567 316 289 289 298 314 362 371 376 374 367 362 340 357 365 371 377 386 397 412 450 459 464 468 472 475 479 483 486 489 491 491 490 491 494 502 513 539 572 581 581 582 583
238 241 238 224 183 229 226 228 224 197 181 177 178 183 185 204 357 883 706 1310 1156 592 571 140 144 310 381 133 119 125 161 432 662 647 563 479 388 317 295 297 309 340 367 374 376 372 367 364 364 366 370 376 384 397 417 454 461 467 472 474 477 479 482 484 487 490 493 493 491 491 498 511 526 555 572 580 579 579 580
227 229 228 206 179 228 225 227 222 187 179 177 179 182 177 202 423 954 1068 1225 1081 95 142 153 137 469 394 150 126 130 131 243 612 693 581 382 256 294 303 311 349 366 371 373 372 369 367 367 370 375 380 386 396 415 456 462 467 472 476 479 482 485 487 488 489 491 495 496 494 494 500 512 528 553 572 578 577 577 578
221 223 220 193 177 227 223 224 197 181 175 174 179 191 191 334 536 933 786 1122 1265 114 150 138 134 139 157 175 128 128 124 350 724 594 440 588 308 295 317 353 368 372 374 374 372 370 370 374 381 391 404 422 456 460 465 470 474 478 482 485 488 491 493 493 491 490 491 493 495 497 502 509 519 542 572 576 575 575 575
210 208 203 187 177 225 209 211 189 179 173 174 180 175 188 455 941 92 1103 914 768 143 133 148 144 147 137 132 127 126 155 687 758 484 306 471 377 304 350 366 372 375 377 379 379 379 381 388 399 421 453 460 466 470 474 478 482 486 490 492 494 497 498 497 493 489 487 487 490 496 501 506 513 533 570 574 572 572 572
203 199 195 184 178 223 200 197 183 173 168 168 176 222 329 751 663 1014 1018 599 382 178 158 135 139 132 135 140 129 130 127 792 688 328 301 288 375 364 368 371 375 378 382 386 389 393 401 412 434 456 461 466 472 477 481 485 490 494 498 501 504 506 505 502 497 493 489 486 486 491 495 499 506 523 561 571 569 569 569
198 193 190 182 179 223 196 190 182 174 170 173 193 197 735 873 534 1111 1112 517 139 146 155 132 145 146 148 144 134 258 785 632 442 343 280 309 309 370 377 380 381 382 386 392 400 413 434 456 459 464 469 474 479 483 488 493 497 501 508 517 524 523 513 504 497 492 488 485 483 486 489 491 497 513 543 567 553 552 556
194 189 186 180 179 222 190 185 175 163 139 132 159 609 622 666 993 1027 1171 596 138 168 181 125 136 133 144 168 178 419 788 498 328 250 302 301 366 370 382 387 388 389 391 398 414 443 458 462 467 472 477 481 485 490 494 497 500 505 517 536 555 552 528 510 499 492 487 483 482 485 488 491 497 509 532 545 536 536 540
191 186 183 178 179 223 187 178 172 170 149 133 717 894 12 371 1095 1175 1208 664 140 154 224 129 129 131 151 183 228 361 509 346 289 297 363 367 368 378 380 389 395 400 406 415 437 458 463 469 475 480 485 490 494 498 499 500 502 509 523 538 551 554 539 520 506 498 493 489 487 488 490 491 495 505 526 531 525 525 528
189 184 180 176 180 218 184 176 170 134 125 136 609 269 36 288 1055 1142 1183 937 146 167 290 144 111 109 139 195 225 193 224 251 271 289 364 381 387 392 393 399 406 420 444 458 461 465 470 476 482 487 493 500 504 506 505 505 508 513 518 523 528 531 532 526 515 506 500 495 491 490 490 492 495 504 518 523 518 517 518
186 182 177 173 178 205 181 170 137 136 568 804 326 36 788 120 1100 1165 1250 1219 743 226 217 208 107 97 126 188 285 201 183 234 364 309 329 387 388 412 416 428 436 457 461 465 469 474 480 486 492 497 503 508 511 511 510 509 506 504 505 508 514 521 526 524 515 508 502 498 494 491 490 491 495 502 511 517 512 510 509
184 180 174 171 179 197 172 135 125 125 925 791 107 329 1064 1064 1128 1109 1070 955 626 282 179 214 152 106 122 141 229 172 175 259 326 414 324 388 392 411 433 457 460 464 467 471 476 483 491 498 504 510 517 519 516 513 509 504 499 496 496 498 504 510 516 515 510 505 502 500 496 490 487 487 490 496 505 514 508 505 503
182 178 172 169 173 175 145 126 93 60 916 155 15 1021 1123 650 1007 784 710 678 529 262 151 169 604 588 537 117 118 545 722 529 345 322 379 381 405 420 450 461 466 470 474 477 483 491 499 506 514 522 524 521 515 510 505 501 496 493 492 492 494 497 499 498 495 493 492 491 489 484 481 480 483 490 500 511 504 501 498
178 174 169 168 171 169 127 100 74 755 147 122 1172 1127 879 1089 749 681 629 518 242 184 177 181 493 555 539 140 105 447 852 321 398 320 380 406 420 457 460 466 471 477 483 491 500 509 520 535 545 542 531 520 513 509 505 500 495 491 487 484 483 483 482 481 479 479 480 482 482 480 478 478 483 490 500 509 501 497 496
174 170 163 162 169 138 120 101 491 1107 1061 1295 1077 1107 1033 922 749 614 490 302 233 222 199 223 415 454 482 240 168 764 996 561 246 384 371 421 429 460 464 469 471 474 478 486 496 504 509 514 515 511 506 502 500 496 492 488 483 478 474 472 472 473 474 474 473 474 475 478 479 477 475 476 482 490 500 506 498 494 493
170 163 152 155 154 126 92 32 1231 1536 1498 1329 1120 923 837 818 756 578 266 249 224 265 241 222 212 256 295 309 366 556 596 357 361 319 393 392 427 453 466 473 482 491 502 516 530 542 546 541 528 516 506 498 490 483 479 477 477 477 476 475 472 470 468 467 467 468 470 472 473 471 470 473 480 489 498 502 495 492 492
161 147 140 154 160 123 97 388 1537 1645 1485 1176 958 825 736 694 644 557 302 265 299 295 315 351 363 320 300 292 336 433 455 405 311 384 371 394 399 411 417 420 424 434 448 458 462 464 465 465 464 461 458 456 456 456 458 460 461 462 461 460 459 458 458 458 459 460 460 460 459 458 460 466 475 485 492 497 492 491 491
157 139 133 150 163 135 321 725 1593 1686 1563 1344 1132 944 723 589 455 251 256 286 302 325 352 362 359 350 341 345 365 377 388 393 402 428 448 461 468 477 487 498 511 526 543 560 568 569 568 562 553 544 540 541 548 558 567 570 571 571 571 571 571 570 570 570 569 569 567 562 557 549 538 527 517 508 499 492 490 489 491
172 160 150 149 141 331 438 708 1585 1757 1619 1411 1281 1006 754 578 360 303 303 317 342 369 381 385 388 390 389 390 395 401 408 418 431 452 461 467 475 486 498 513 531 555 571 573 575 575 574 573 571 570 569 569 570 571 572 574 574 575 575 575 574 574 573 573 572 572 572 572 571 570 554 533 517 507 498 492 489 489 492
183 176 171 155 213 354 406 605 1570 1815 1622 1528 1358 1203 930 667 409 365 356 364 368 378 388 394 398 402 403 405 410 416 424 436 452 461 467 473 482 492 505 518 532 549 565 570 571 571 571 570 565 556 552 555 564 570 572 574 575 576 576 576 576 575 575 575 575 575 575 574 572 570 548 525 510 501 496 492 491 491 494
196 182 173 245 405 455 595 1554 751 1736 1812 1530 1439 1392 1112 795 528 486 433 402 381 381 388 394 399 404 407 410 415 423 435 449 459 465 471 478 486 496 507 516 525 530 534 538 541 541 542 541 538 535 536 541 554 570 572 574 576 578 579 579 579 578 578 579 579 578 577 574 572 566 540 517 503 495 492 492 493 494 496
