---
Vertical Velocity & Wind [kt] at 500mb Direction [deg] Valid 1900 NZST ~Z75~(0700Z)~Z~ TUE 6 Jan 2026 ~Z75~[79hrFcst@2119z]~Z~
Model= RASP Region= NZ Grid= d2 Reskm= 2.0 Indexs= 1 69 1 69 Proj= lambert 2000 2000 -35.0000 -42.0000 176.0000 -37.7968 175.7263
Day= 2026 1 6 TUE ValidLST= 1900 NZST ValidZ= 700 Fcst= 79.0 Init= 70 Param= press500 Direction Unit= cm/sec Mult= 1 Min= 287 Max= 308
295 295 295 294 294 294 294 293 293 293 293 293 293 293 293 293 293 293 293 293 296 293 292 292 293 293 294 295 296 296 297 297 297 296 296 297 297 297 298 298 299 300 299 300 301 300 300 301 300 299 299 299 299 299 300 301 302 302 302 300 299 298 297 297 297 297 295 294 294
295 295 295 295 294 295 294 294 294 293 293 293 294 294 294 294 293 293 293 293 296 294 292 292 294 294 295 296 297 297 297 297 297 297 297 297 298 298 298 299 299 300 299 300 301 300 300 300 300 299 298 298 299 299 300 301 302 302 301 300 298 298 297 297 296 297 296 295 296
295 295 295 295 295 295 295 294 294 294 294 294 294 294 294 294 294 294 294 294 294 294 293 293 294 295 296 297 298 298 298 298 298 298 297 298 298 298 299 299 300 300 300 300 300 300 300 299 299 298 298 298 299 300 301 301 301 302 300 299 298 297 297 297 297 297 298 298 297
296 296 296 296 296 295 295 295 294 294 294 294 294 294 294 294 294 294 294 294 294 294 293 293 294 296 297 298 299 299 299 299 299 299 298 299 299 299 299 299 300 300 300 300 300 300 299 299 299 298 297 298 298 300 301 301 300 300 299 298 297 296 297 297 298 299 299 299 299
296 296 296 296 296 296 295 295 294 294 294 294 294 294 294 294 294 294 294 294 294 294 294 294 295 296 298 299 300 300 299 299 299 299 299 300 299 299 299 299 300 300 300 300 299 299 299 299 299 298 297 297 298 300 301 300 299 299 298 297 296 296 297 298 299 299 300 300 299
296 296 296 296 296 296 295 295 294 294 294 294 294 294 294 294 294 294 294 294 294 294 294 295 296 297 299 300 300 300 300 299 299 300 300 300 300 299 299 299 300 301 300 300 299 298 299 299 299 298 298 298 299 299 299 299 298 297 296 295 296 297 298 299 299 300 300 300 300
297 297 297 297 296 296 295 295 295 295 294 294 294 294 295 295 295 295 295 295 294 294 295 295 296 298 300 300 300 300 300 300 300 300 300 300 300 300 300 300 300 300 300 299 298 298 298 299 299 298 297 297 298 298 298 298 297 295 295 295 296 297 298 299 299 300 300 300 300
297 297 297 297 296 296 295 295 295 295 295 294 294 295 295 295 295 295 295 295 295 295 296 297 298 299 300 300 301 301 301 300 300 300 300 299 299 300 300 300 300 300 299 298 298 298 299 299 298 296 296 297 297 298 298 298 296 295 295 295 295 296 297 299 299 300 301 301 301
297 297 297 297 296 296 295 295 296 296 295 295 295 295 295 295 295 296 296 296 296 297 297 298 299 300 300 300 302 302 302 301 300 300 299 299 299 300 301 301 300 299 298 298 298 299 299 298 296 295 296 297 297 298 298 297 296 296 296 295 295 296 297 298 300 301 301 302 302
297 297 297 297 296 296 296 296 296 296 296 295 296 296 295 295 295 296 297 297 298 298 298 299 300 300 300 301 302 302 302 301 300 300 299 299 299 300 301 301 300 299 298 298 299 299 299 297 295 295 296 297 297 298 297 296 296 296 295 295 295 296 298 299 301 301 302 303 302
296 297 297 296 296 296 296 296 296 297 296 296 296 296 295 295 296 296 297 298 299 299 299 300 300 301 301 301 301 301 301 300 300 299 299 298 299 300 301 301 300 299 299 299 299 299 297 295 295 295 296 297 297 297 296 296 297 297 296 296 298 300 301 302 302 302 302 302 302
296 296 296 296 296 296 296 296 296 297 296 296 296 296 295 296 296 297 297 298 299 299 300 300 301 301 301 301 300 300 300 299 299 298 298 298 299 300 300 300 300 299 299 299 298 298 296 295 295 296 297 296 296 296 296 297 298 298 298 299 301 303 303 302 302 301 302 302 302
295 295 295 295 295 295 295 296 296 296 296 296 295 295 296 296 297 297 298 298 299 299 300 300 301 301 301 300 300 300 299 298 298 298 297 298 298 299 300 299 299 299 298 298 297 297 297 297 297 297 297 296 295 295 296 298 299 298 299 301 303 302 302 302 301 301 301 301 302
294 294 294 294 294 295 295 295 296 296 295 295 295 295 296 296 297 297 298 298 299 299 299 300 300 301 301 300 300 300 299 298 298 297 297 298 299 299 299 299 298 297 297 297 297 297 297 298 298 297 297 296 296 296 297 299 299 299 300 301 301 301 301 301 301 301 302 301 302
293 293 294 294 294 294 294 294 295 295 295 295 295 295 295 296 296 297 297 298 298 299 299 299 300 300 300 300 300 300 299 298 298 298 298 299 299 299 298 298 297 296 296 296 297 298 298 298 298 297 296 296 296 297 299 300 299 299 299 300 300 301 301 302 302 302 302 301 302
292 293 293 293 293 293 293 293 294 294 294 294 294 295 295 295 296 296 297 298 298 299 299 299 299 300 300 300 299 299 298 298 298 298 298 299 299 298 298 297 296 296 296 296 297 299 300 299 297 296 297 297 298 299 300 300 299 298 299 300 300 301 302 302 302 303 303 301 301
292 292 292 292 292 292 292 293 293 293 293 294 294 294 294 294 295 296 297 298 298 298 298 299 299 300 300 300 299 298 298 298 297 297 297 298 298 298 297 296 296 295 296 297 299 301 300 298 296 297 298 299 299 299 299 299 298 299 300 300 301 301 301 301 302 302 303 303 303
292 292 292 292 292 292 292 292 292 293 293 293 293 294 294 294 295 296 297 297 298 298 298 299 299 300 300 300 299 297 297 296 296 296 296 297 298 298 297 296 296 296 297 299 301 301 299 297 297 298 299 299 298 298 298 299 299 300 300 300 300 300 300 301 301 302 302 303 303
291 291 291 291 291 291 292 292 292 292 293 293 293 293 293 294 295 296 296 297 297 298 298 299 300 300 300 300 298 297 296 295 295 295 296 297 297 297 296 296 296 297 299 301 302 300 297 296 298 299 299 299 298 298 299 300 300 299 299 299 299 300 301 301 302 302 302 303 303
290 290 290 290 290 291 291 292 292 292 292 292 293 293 293 294 295 296 296 297 298 298 298 299 299 299 299 299 298 296 295 295 295 295 296 296 296 296 296 296 297 299 302 303 301 297 296 297 299 299 299 299 299 299 300 300 300 299 299 299 299 300 302 302 303 303 303 303 303
289 289 289 289 290 290 290 291 291 292 292 292 293 293 294 294 295 295 296 297 298 298 298 298 299 299 298 298 297 296 296 296 295 296 296 295 295 295 295 296 298 301 303 302 299 296 297 298 299 299 299 299 299 300 300 300 300 299 299 299 300 302 302 303 303 303 303 304 303
289 288 288 289 289 289 289 290 290 291 292 292 293 293 293 294 294 295 296 297 298 298 298 298 298 298 297 297 296 296 296 296 296 296 295 295 295 295 295 295 297 301 302 300 298 297 299 300 300 300 299 299 299 300 300 300 299 298 299 300 302 303 303 303 303 303 303 304 303
288 288 288 288 288 288 288 289 289 290 291 292 292 293 293 293 294 295 296 297 297 298 298 298 297 297 296 295 295 295 295 295 295 296 296 296 295 295 295 295 297 300 300 298 297 298 299 300 300 299 299 299 299 300 300 299 298 299 300 301 303 303 303 303 303 303 303 303 303
288 287 287 287 288 288 288 288 289 290 291 291 292 292 292 293 294 295 295 296 297 298 298 297 297 296 295 294 294 294 294 294 295 295 296 296 295 295 294 295 298 300 299 298 297 298 300 300 300 299 298 299 299 299 298 298 298 300 301 303 304 303 303 303 302 302 303 302 303
287 287 287 287 288 288 288 289 289 290 290 291 291 291 292 293 294 295 295 296 297 297 297 296 296 295 295 294 294 293 293 294 294 295 295 295 294 293 294 295 298 300 299 298 297 298 300 300 300 299 298 299 298 298 298 299 299 301 303 304 304 303 303 302 302 302 302 302 303
287 287 287 287 288 288 289 289 289 290 290 290 290 291 292 293 294 295 295 296 296 296 296 296 295 295 294 294 294 293 294 294 295 295 295 294 293 293 293 295 298 300 299 298 298 299 299 299 299 298 299 299 299 299 299 300 301 302 303 304 303 303 302 303 303 303 303 303 303
287 287 287 288 288 288 289 289 289 290 290 290 290 291 292 293 294 295 296 296 296 296 296 295 295 295 294 294 294 294 295 295 296 296 295 295 294 294 295 297 301 302 301 300 300 300 300 299 299 299 300 300 300 300 301 302 302 303 303 303 303 302 302 303 303 303 304 304 304
287 287 288 288 288 289 289 289 290 290 290 290 290 291 292 293 294 295 296 296 296 296 295 295 295 295 295 294 294 294 295 296 296 296 296 296 296 296 298 301 304 305 304 303 302 301 300 300 300 301 301 301 301 301 302 303 303 303 303 303 302 302 303 303 304 304 305 305 305
288 288 288 288 289 289 289 290 290 290 290 290 291 291 292 293 294 294 295 295 295 295 295 294 294 295 295 294 294 295 296 296 296 296 296 296 297 298 300 303 305 306 305 304 301 300 301 301 302 302 302 302 302 302 302 303 303 303 303 303 303 303 303 304 305 305 305 306 305
288 288 289 289 289 289 289 290 290 290 291 291 291 292 292 292 293 293 294 294 294 294 294 294 294 294 294 294 294 296 297 297 296 296 296 297 298 300 301 303 306 307 305 302 299 300 301 302 302 302 302 302 302 302 303 304 304 304 303 303 303 303 304 304 305 305 305 306 306
289 289 289 289 289 289 289 290 290 291 291 292 292 292 292 292 292 293 293 293 293 293 293 293 293 293 293 293 295 297 298 298 298 299 299 300 301 302 302 303 306 307 305 301 299 300 301 301 301 301 301 301 301 302 303 304 304 304 303 303 303 303 303 304 304 304 305 305 305
289 290 290 289 289 289 289 290 290 291 292 292 292 292 292 292 292 292 292 292 292 292 292 292 293 293 293 294 295 297 298 299 301 302 302 303 303 301 301 303 307 308 304 300 300 301 300 299 299 299 299 300 301 302 303 303 303 303 303 303 303 303 303 303 303 304 304 304 304
290 290 290 290 290 290 290 290 291 291 292 292 292 292 292 292 292 292 292 292 291 291 292 292 293 294 294 295 297 298 300 302 303 303 303 302 300 298 300 304 307 306 302 300 300 300 299 299 298 298 298 299 300 301 302 302 303 303 303 303 303 303 303 303 303 303 303 303 303
290 290 290 290 290 290 290 291 291 291 292 292 292 292 293 293 292 292 292 292 292 292 292 293 294 295 296 297 299 301 303 304 304 303 302 300 298 298 301 304 305 303 300 298 299 299 299 298 298 298 298 299 300 301 301 302 303 304 303 303 303 303 303 303 303 303 303 303 303
290 290 290 290 290 290 291 291 291 291 292 292 292 292 293 293 292 292 292 292 292 293 294 295 296 297 298 299 301 303 305 305 305 303 300 299 298 299 301 302 301 300 298 298 298 299 299 299 299 299 299 300 300 301 301 302 303 303 303 303 303 303 303 303 303 303 303 303 303
290 290 290 290 290 291 291 291 291 292 292 292 292 292 292 292 292 292 293 293 293 294 295 296 297 298 299 301 303 304 305 304 303 300 298 298 297 298 299 298 297 297 296 296 297 298 299 299 299 299 300 300 301 301 301 302 303 303 303 303 303 303 303 303 303 303 303 302 302
290 290 290 290 291 291 291 291 292 292 292 292 292 292 292 292 293 293 293 293 294 295 296 297 298 299 300 302 302 303 303 302 300 298 297 296 296 297 297 296 296 296 295 296 297 298 298 299 299 300 300 301 301 301 301 302 302 303 303 303 303 303 303 303 303 302 302 302 302
290 290 290 290 291 291 292 292 292 293 293 293 292 292 292 293 293 294 294 294 295 296 297 298 299 300 300 301 301 301 301 299 298 297 297 297 296 297 297 297 297 296 295 296 296 297 298 299 299 300 300 301 301 301 301 301 301 302 302 302 302 302 302 302 302 302 302 302 301
290 290 291 291 291 292 292 292 293 293 293 293 293 293 293 294 294 294 294 295 296 297 298 299 299 299 299 299 299 299 299 298 298 298 298 297 297 297 297 296 296 295 295 296 296 297 298 299 299 299 300 300 301 301 301 301 301 301 301 302 302 302 302 302 301 301 301 301 301
291 291 291 291 292 292 292 293 293 294 294 294 294 294 294 294 295 295 295 296 297 298 299 299 299 298 298 297 298 298 298 297 297 298 297 297 298 297 297 297 296 295 295 296 297 298 298 298 298 299 299 300 300 301 301 301 301 301 301 301 301 302 301 301 301 301 301 301 300
292 292 292 292 292 293 293 293 294 294 294 294 295 295 295 295 295 296 296 297 298 298 299 299 298 297 297 296 297 297 297 296 296 296 296 296 296 297 297 297 297 296 297 297 298 298 298 298 298 298 299 300 300 301 301 301 301 301 301 301 301 301 301 301 301 301 300 300 300
293 293 293 293 293 294 294 294 295 295 295 295 295 295 295 296 296 296 297 298 298 299 298 298 297 296 296 296 297 297 297 296 295 295 296 296 296 296 297 297 297 297 297 298 298 299 299 298 298 299 299 300 300 301 301 301 301 301 301 301 301 301 301 301 300 300 300 300 300
294 294 294 294 295 295 295 296 296 296 296 296 295 296 296 296 297 297 298 298 298 298 298 297 297 296 296 297 298 298 297 296 294 296 297 298 298 297 297 297 298 299 299 299 300 300 299 299 299 299 300 300 300 301 301 301 301 301 301 301 301 301 300 300 300 300 299 299 300
295 295 295 296 296 297 297 297 297 297 297 296 296 296 296 297 297 298 298 298 298 298 298 297 296 296 297 298 298 298 297 296 297 299 299 299 298 297 297 297 299 300 300 301 301 300 299 299 299 300 300 300 300 301 301 301 301 301 301 301 300 300 300 299 299 299 299 299 300
296 296 297 297 298 298 298 298 298 298 298 297 297 297 297 297 297 298 298 298 298 299 298 298 297 297 298 299 299 299 298 298 300 300 299 297 296 296 297 298 299 300 301 301 300 300 300 300 300 300 300 300 300 301 301 301 301 300 300 300 300 300 299 299 299 299 299 299 299
297 297 298 298 299 299 299 299 299 299 298 298 297 297 298 298 298 298 297 297 298 299 299 298 298 299 299 300 301 299 299 299 300 300 299 298 297 298 298 299 300 301 301 300 300 300 300 301 301 301 300 300 300 301 301 301 300 300 300 300 300 299 299 298 298 298 299 299 300
297 298 298 299 300 300 300 300 299 299 299 298 298 298 298 298 298 298 297 298 299 299 298 298 299 299 300 301 300 300 300 300 300 300 300 300 301 301 301 301 301 301 301 300 300 300 301 301 301 301 301 301 301 301 301 301 300 300 300 300 300 299 299 298 298 298 299 300 300
298 298 299 300 300 300 300 300 300 299 299 299 299 299 299 298 298 298 298 299 299 298 297 298 299 299 299 300 300 301 301 301 299 299 300 302 302 302 302 302 302 301 300 300 300 301 301 301 301 301 301 301 301 301 301 300 300 300 300 300 299 299 298 298 299 299 300 300 301
299 299 300 300 300 300 300 300 300 299 299 299 299 299 299 298 298 298 299 299 299 298 298 299 300 299 299 300 300 301 301 300 300 299 300 301 301 302 303 303 302 301 299 299 300 301 301 301 301 301 301 301 301 301 301 300 300 300 300 299 299 299 298 299 299 300 300 301 301
299 300 300 301 301 300 300 300 300 299 299 299 299 299 299 298 298 299 299 300 299 299 299 300 300 300 300 300 300 299 299 299 299 299 299 300 301 302 303 302 301 300 299 299 300 300 301 300 300 300 300 301 301 301 301 300 300 300 299 299 298 298 298 298 300 301 301 301 301
300 300 301 301 301 301 300 300 299 299 299 299 299 299 299 299 299 299 300 300 300 300 300 300 300 301 301 302 301 300 299 298 298 298 299 300 301 302 302 300 299 298 298 299 299 300 300 300 300 300 300 301 301 301 300 300 299 299 298 298 297 297 297 298 300 300 301 301 300
301 301 301 301 301 301 300 300 299 299 299 299 300 299 299 299 300 300 300 300 300 300 300 300 301 302 302 302 302 301 301 300 300 300 300 301 301 301 300 298 297 297 298 299 299 300 300 300 300 300 300 300 300 300 300 299 298 298 297 296 296 296 296 298 299 299 300 300 300
301 302 302 302 302 301 301 300 299 299 299 299 300 300 299 300 300 300 300 300 300 300 300 301 302 303 303 302 302 302 301 301 301 301 302 302 301 300 298 297 296 296 297 298 299 300 300 300 301 301 301 300 300 300 299 298 297 297 296 295 295 295 296 297 298 298 299 299 299
302 302 302 302 302 302 301 300 299 299 299 300 300 300 300 300 301 300 300 300 300 300 300 301 303 303 302 302 302 301 301 301 301 302 302 301 299 298 297 296 296 296 296 298 299 300 300 300 301 301 300 300 300 299 299 298 297 296 296 295 295 295 296 296 297 297 297 297 297
302 303 303 303 302 302 301 300 299 300 300 300 300 300 300 300 300 300 301 300 300 300 301 302 303 303 303 303 302 301 301 302 303 302 301 299 298 297 297 296 296 297 297 298 299 300 300 300 301 300 300 299 299 298 298 297 297 296 296 296 296 296 296 296 297 297 297 296 296
303 303 303 303 302 302 301 300 300 300 300 301 301 300 300 300 300 300 301 300 301 301 302 303 303 304 304 304 303 302 303 303 303 301 298 297 297 297 297 297 297 298 298 299 300 300 301 301 300 300 299 299 298 298 297 297 297 297 297 297 297 297 297 297 296 296 296 296 295
303 303 303 303 302 302 301 300 300 300 300 301 301 301 300 301 301 300 300 300 301 302 303 303 304 304 304 304 304 304 304 304 302 299 297 297 297 297 297 298 298 299 300 301 301 301 301 301 300 299 299 298 298 297 297 297 297 297 298 298 297 297 297 297 297 296 296 295 295
303 303 303 303 302 301 301 300 300 300 300 301 301 301 301 301 301 300 300 300 301 302 303 303 304 304 305 305 305 304 304 303 301 298 297 298 299 298 298 299 299 300 300 301 302 301 301 300 300 299 299 298 298 297 297 297 297 298 298 298 298 298 297 297 297 296 296 295 295
303 303 303 302 302 301 301 300 300 300 301 301 301 301 300 300 301 300 300 300 300 301 302 303 304 304 305 305 305 304 303 302 300 299 299 300 300 299 299 299 300 300 301 301 301 301 300 300 300 299 299 299 298 298 298 298 298 298 298 298 298 298 298 297 297 297 296 296 295
302 302 302 302 301 301 300 300 300 300 301 301 301 300 300 300 301 300 300 300 301 302 303 303 304 304 305 305 304 303 302 301 300 300 301 302 301 300 300 300 300 300 301 301 301 301 300 300 300 299 299 299 299 299 298 298 298 298 298 299 298 298 298 298 297 297 297 296 295
302 302 302 301 301 301 300 300 300 301 301 301 300 299 299 300 301 300 300 301 303 304 304 304 303 304 304 304 304 303 302 301 301 301 302 302 302 301 301 300 300 300 300 301 301 301 300 300 300 300 300 300 300 299 299 299 299 299 299 299 299 299 299 298 298 297 297 296 296
302 301 301 301 301 300 300 300 300 301 301 300 299 298 299 300 300 301 301 302 304 305 305 304 303 303 304 304 303 302 301 300 301 302 302 302 302 301 301 301 300 300 300 301 301 301 300 300 300 300 300 300 300 300 300 300 300 300 300 300 300 299 299 298 298 297 297 297 296
301 301 301 301 300 300 300 300 300 300 300 300 299 299 299 299 300 301 302 303 304 304 304 304 303 303 304 303 303 302 301 301 301 302 302 302 302 302 301 301 301 300 301 301 301 301 301 301 300 300 300 300 301 301 301 301 301 301 301 301 300 300 299 299 298 298 298 297 297
301 301 301 301 300 300 300 300 300 300 300 299 299 299 299 299 300 302 303 303 304 304 304 303 303 303 303 303 302 302 302 302 302 302 302 302 302 302 302 301 301 301 301 301 301 301 301 301 301 301 301 301 301 301 301 301 301 301 301 301 300 300 300 299 299 299 298 298 298
302 302 301 301 300 300 300 300 300 300 299 299 298 298 299 300 301 302 303 304 304 304 303 303 302 302 302 302 302 302 302 302 302 302 302 302 303 302 302 301 301 301 301 301 301 301 301 301 301 301 301 301 301 301 301 301 301 301 301 301 301 301 300 300 300 299 300 300 300
302 302 301 301 301 300 300 300 300 299 299 299 298 298 299 300 301 303 304 304 304 303 303 302 302 301 301 301 301 302 302 302 302 302 302 302 302 302 301 301 301 301 301 301 301 301 301 301 301 301 301 301 301 302 302 302 302 302 302 302 302 301 301 301 301 301 301 301 301
302 302 301 301 301 300 300 300 299 299 299 298 298 298 299 301 302 303 304 304 304 303 302 301 301 301 301 301 301 301 302 302 301 301 301 301 301 301 300 300 300 300 300 300 301 301 301 301 302 302 302 302 302 302 302 303 303 303 303 303 303 302 302 302 302 302 302 302 302
302 301 300 300 301 300 300 300 299 299 299 298 298 298 300 301 302 303 304 304 304 303 301 299 300 300 300 301 301 301 301 301 298 297 300 300 300 300 300 299 299 299 299 300 300 300 300 301 302 302 302 302 303 303 304 304 304 304 304 304 304 303 303 303 303 302 302 302 302
302 301 301 300 301 300 299 299 299 299 299 298 298 298 301 301 302 303 303 303 303 301 300 299 300 300 300 300 300 300 300 300 298 297 299 299 299 299 299 298 298 298 299 299 299 299 300 301 301 302 302 303 303 304 305 305 305 305 305 305 305 304 304 304 303 303 303 303 302
