---
Vertical Velocity & Wind [kt] at 700mb Direction [deg] Valid 1600 NZST ~Z75~(0400Z)~Z~ TUE 6 Jan 2026 ~Z75~[76hrFcst@2119z]~Z~
Model= RASP Region= NZ Grid= d2 Reskm= 2.0 Indexs= 1 69 1 69 Proj= lambert 2000 2000 -35.0000 -42.0000 176.0000 -37.7968 175.7263
Day= 2026 1 6 TUE ValidLST= 1600 NZST ValidZ= 400 Fcst= 76.0 Init= 70 Param= press700 Direction Unit= cm/sec Mult= 1 Min= 240 Max= 330
276 275 274 273 273 274 274 275 275 275 276 275 276 275 275 275 275 275 275 274 274 275 278 284 287 283 278 280 281 282 283 283 283 283 282 280 277 276 275 265 268 270 275 269 268 268 264 261 263 265 267 269 270 270 272 259 260 253 258 258 255 257 251 251 251 252 250 253 257
274 273 273 273 273 274 274 276 276 277 277 276 275 274 273 274 274 275 275 275 274 276 280 288 291 285 278 279 281 281 282 282 282 281 279 277 274 273 274 264 268 271 278 271 269 269 264 260 264 266 268 271 272 273 276 261 264 254 262 263 262 265 256 254 254 256 251 254 262
273 272 272 272 273 274 275 276 277 277 277 276 274 272 272 274 275 275 276 276 274 276 279 284 284 282 280 280 281 281 281 282 281 279 277 275 273 272 272 270 270 270 271 269 268 268 266 264 265 266 269 271 272 273 275 271 270 264 265 266 269 270 266 259 256 255 253 256 268
273 271 271 272 273 275 276 277 277 278 278 276 273 272 272 274 276 276 277 278 275 273 278 286 286 283 281 282 282 282 282 282 282 280 276 273 270 270 271 272 272 271 271 269 268 268 268 267 267 267 268 269 270 271 274 275 272 268 267 269 271 269 266 260 257 254 255 263 275
272 272 272 273 274 275 277 277 277 277 277 275 274 274 275 278 279 278 277 278 276 277 281 284 283 282 283 284 284 284 284 283 281 280 277 273 270 269 270 272 272 271 271 269 267 267 267 266 266 267 268 269 269 268 269 272 272 272 271 270 266 260 260 254 252 253 260 271 282
273 272 272 273 275 276 278 278 278 277 276 275 275 277 280 280 279 279 276 275 276 281 285 283 281 283 285 285 285 285 285 283 281 279 277 273 269 267 267 269 271 271 269 267 265 264 264 264 266 268 269 270 269 264 256 265 274 275 272 269 263 253 248 253 246 252 266 281 291
273 273 273 274 276 277 278 278 277 277 275 275 276 279 279 278 278 277 275 273 273 278 283 283 283 285 287 285 284 284 284 284 282 279 275 271 268 266 265 267 269 269 267 265 264 264 265 266 267 268 269 270 265 258 254 256 267 271 265 265 264 259 247 254 253 261 277 289 296
274 274 274 275 276 277 277 277 277 276 276 275 276 278 278 279 279 277 277 274 277 275 280 282 284 285 286 284 282 282 284 284 282 279 275 272 269 267 266 266 265 264 264 264 265 267 268 269 269 268 268 267 267 257 248 246 258 265 264 264 265 266 261 262 269 277 291 300 303
274 275 275 276 277 277 277 276 276 276 276 276 276 276 277 279 280 278 278 278 278 279 283 285 284 284 284 283 282 282 283 284 283 282 280 276 273 270 268 265 264 265 266 267 269 270 270 270 270 268 267 264 265 267 253 240 256 270 272 272 271 272 274 280 289 294 305 312 311
276 276 276 277 278 277 276 276 275 275 275 276 276 276 276 280 280 278 277 282 279 286 286 285 284 284 284 283 282 282 281 281 283 284 283 281 278 275 272 270 268 269 270 271 271 271 271 270 269 267 265 262 261 270 272 267 265 275 278 279 278 279 283 291 297 304 314 326 324
277 278 278 278 278 278 277 276 275 274 274 276 276 276 278 279 277 277 280 284 287 287 285 284 284 284 283 283 283 283 281 280 281 283 284 283 281 279 277 275 273 272 272 272 272 271 270 269 267 266 263 262 260 268 276 285 277 270 274 277 278 280 285 289 294 306 315 330 330
279 279 280 279 279 278 277 276 275 275 275 276 277 279 280 278 276 278 282 286 287 288 285 283 282 281 282 283 283 282 281 281 281 283 284 284 282 280 278 277 274 272 271 271 270 270 269 268 266 264 262 262 261 262 268 276 267 261 268 273 276 279 283 288 299 307 315 329 330
280 281 281 280 279 278 277 276 276 276 276 276 277 279 280 279 279 280 282 285 287 287 286 283 281 281 283 283 282 281 281 281 283 283 283 282 281 279 278 276 274 272 270 268 267 268 267 267 266 264 263 263 264 265 269 267 258 258 268 274 277 280 283 294 305 307 314 323 323
281 282 282 281 280 279 278 277 277 277 278 277 278 279 279 280 280 281 282 284 286 288 288 286 284 284 285 285 283 282 282 283 283 282 281 280 279 278 278 276 275 272 269 266 265 266 266 266 266 265 264 265 265 272 278 269 262 265 271 275 279 281 284 296 302 303 309 315 315
282 283 282 281 280 279 278 278 278 279 280 280 279 280 281 280 282 284 286 287 288 289 289 288 287 287 287 286 284 283 283 283 283 281 279 278 277 277 277 276 274 272 269 267 266 265 265 266 266 266 266 267 269 274 277 272 267 267 270 274 278 282 287 295 295 297 302 305 304
283 283 283 282 281 279 279 280 281 281 282 282 282 283 282 278 278 283 288 290 291 289 287 288 289 289 288 286 285 284 284 283 282 280 278 276 274 274 274 274 273 271 270 268 267 265 265 266 267 267 268 271 273 276 275 274 270 265 268 272 276 283 289 295 291 293 295 297 295
283 283 283 282 281 280 281 282 283 283 283 284 284 283 281 276 275 279 284 288 289 288 287 288 290 290 289 286 284 284 283 283 281 279 277 274 273 272 272 272 272 271 270 269 268 267 266 266 267 268 271 275 278 279 280 279 273 272 274 274 276 284 293 298 292 293 292 291 287
283 282 283 282 282 282 283 284 284 284 283 284 283 281 282 282 279 278 281 286 287 287 287 288 289 290 288 286 284 284 283 282 280 278 276 273 272 271 270 270 269 269 270 270 270 270 270 269 269 271 274 279 282 286 287 285 284 284 282 278 278 284 293 298 295 293 291 290 284
283 283 283 283 283 283 284 284 283 283 282 283 283 282 282 284 284 283 283 285 287 287 288 290 290 289 288 286 285 284 282 280 279 277 275 273 272 271 270 268 267 267 268 270 273 274 274 274 273 274 277 282 287 292 292 296 298 294 288 282 280 282 287 291 294 292 288 283 278
282 283 283 283 283 284 284 284 283 283 282 282 283 281 281 282 285 284 282 283 287 290 292 292 291 290 288 288 287 284 281 279 278 276 275 274 273 272 271 270 270 269 269 269 272 275 277 277 277 278 282 287 293 298 301 305 301 293 288 284 280 279 280 281 285 286 284 282 278
282 282 282 283 284 284 285 285 283 283 283 282 282 280 279 279 281 282 284 288 293 295 293 289 289 289 289 288 287 284 282 281 279 277 275 275 274 273 272 272 272 272 271 270 272 276 278 279 280 283 289 294 297 296 295 289 282 281 280 278 277 277 277 274 274 277 280 281 279
282 282 282 283 283 284 284 285 285 284 283 284 283 281 280 281 282 285 289 293 295 291 286 286 288 289 289 287 286 284 282 281 279 277 276 276 275 274 273 270 270 270 271 273 276 278 280 280 283 288 297 300 297 288 280 274 272 272 270 269 270 275 277 270 267 270 274 277 278
282 282 282 282 283 283 284 285 286 285 284 284 283 283 283 284 286 290 292 292 287 282 284 288 290 290 288 287 285 283 282 279 277 277 277 277 276 275 273 271 269 270 271 274 277 278 280 285 289 295 301 296 285 275 271 271 270 268 268 268 267 273 276 268 261 262 267 272 275
281 280 281 282 282 282 283 284 286 286 285 283 282 283 283 284 285 288 288 286 282 283 288 291 292 290 287 285 284 283 282 280 278 279 279 277 276 276 275 274 274 274 275 277 278 280 285 292 294 294 290 282 272 269 270 271 270 269 270 271 269 273 275 269 260 260 265 269 273
281 280 280 281 281 282 282 284 285 286 285 284 283 284 283 283 283 284 284 283 284 287 290 292 292 289 286 285 283 283 282 282 281 281 280 278 277 278 278 278 279 279 279 280 280 283 292 294 289 283 278 272 268 269 269 270 271 272 274 274 275 276 277 274 266 265 268 270 273
281 280 280 281 281 282 282 283 284 285 285 285 285 286 286 285 284 284 285 285 286 288 289 289 288 287 286 285 285 284 284 283 282 281 280 280 279 280 281 281 282 282 282 281 281 290 295 286 278 276 275 271 270 270 270 270 272 274 276 277 281 283 283 282 277 276 276 276 276
281 280 280 281 281 281 282 282 283 284 285 286 286 286 286 286 286 286 286 287 287 287 286 285 285 285 285 285 286 286 285 284 283 282 282 282 282 282 282 283 283 283 282 280 283 293 287 277 274 275 275 274 273 273 274 274 276 277 279 281 286 290 292 291 289 287 283 281 279
281 281 281 281 281 281 281 281 281 282 283 283 283 283 284 285 286 288 289 289 288 286 285 284 284 283 283 284 285 285 285 285 284 284 284 284 284 284 283 283 283 281 280 282 287 290 281 275 276 277 277 276 276 277 279 281 281 281 283 285 290 294 296 297 296 292 287 283 280
281 281 281 281 281 281 280 280 280 280 280 280 281 281 283 286 288 290 290 289 287 285 284 283 283 284 284 283 284 284 285 285 285 284 284 285 285 284 283 283 284 282 281 284 285 282 276 277 281 281 279 279 280 282 285 287 287 286 286 289 293 295 296 294 293 290 286 283 280
282 282 282 281 281 281 280 280 280 280 280 281 282 284 286 288 289 291 290 288 286 285 284 284 283 284 285 284 284 284 284 284 284 284 285 285 285 285 284 286 285 286 284 284 284 276 277 281 285 285 283 283 285 288 290 291 291 289 288 290 293 294 292 289 287 285 283 282 280
281 282 282 282 281 281 280 280 280 281 281 282 284 286 287 288 288 288 287 286 285 284 284 285 284 285 285 285 285 285 284 283 284 285 285 285 285 285 286 289 288 286 285 284 283 277 279 284 287 287 287 287 289 290 291 292 291 289 287 289 290 289 286 284 283 282 281 281 280
281 281 281 281 281 281 281 280 280 280 281 283 284 286 286 286 286 287 287 287 286 286 286 286 285 285 285 285 286 285 284 284 286 287 287 286 286 286 287 288 288 286 285 283 282 281 284 288 290 289 288 288 289 289 290 290 288 286 285 287 288 286 283 281 281 281 281 281 281
281 281 281 281 281 282 282 281 280 280 280 282 284 285 284 284 285 288 291 291 289 288 287 285 284 284 285 285 284 283 284 286 287 287 287 287 287 287 286 285 286 284 284 281 281 283 287 289 289 288 287 287 287 287 287 287 286 285 284 285 286 285 283 282 281 281 281 281 282
281 280 281 281 282 282 282 281 281 280 281 282 284 284 284 284 288 293 294 292 290 288 286 284 283 283 284 283 283 284 285 286 287 287 287 287 287 285 283 284 284 280 282 282 281 281 286 287 287 286 286 285 285 285 285 285 285 285 284 284 285 285 284 284 282 281 281 281 281
281 281 281 281 282 282 282 281 281 281 282 283 284 285 286 288 291 293 290 286 285 284 284 284 284 283 283 283 284 286 286 286 287 287 287 287 287 284 282 282 281 280 283 283 279 280 283 285 286 286 285 284 284 284 284 285 285 286 284 284 285 285 284 284 283 281 281 281 281
281 281 281 282 282 282 282 281 281 282 282 283 283 284 286 289 290 288 283 280 281 283 284 284 283 283 282 283 285 286 286 287 287 287 287 287 287 286 285 284 285 289 286 279 276 280 282 284 285 285 284 284 284 284 285 285 285 285 284 284 284 283 283 282 282 281 281 281 280
281 281 282 282 282 282 282 281 281 282 282 282 282 282 284 286 287 285 282 280 280 282 283 282 282 282 283 284 285 286 286 286 286 286 286 286 286 285 286 288 291 292 284 276 275 279 282 284 285 284 284 283 283 284 285 285 284 283 283 283 282 282 281 281 280 281 280 280 279
282 282 282 282 282 282 282 282 282 282 282 282 282 281 282 283 284 283 282 281 281 281 282 282 282 282 284 285 286 286 286 286 285 285 284 284 283 284 285 289 291 287 279 275 276 280 282 283 283 283 283 283 283 283 283 283 282 281 281 281 281 280 280 279 279 279 279 279 278
282 283 283 282 282 282 282 283 282 282 282 283 283 282 282 282 282 282 282 283 282 283 283 283 283 284 285 286 286 286 285 285 284 283 283 282 282 283 285 287 287 282 276 276 279 282 283 283 282 282 282 282 282 282 282 281 281 280 280 280 280 279 279 279 279 279 278 278 278
283 283 283 283 282 282 283 283 283 283 284 284 285 284 284 283 282 281 282 283 283 283 283 284 284 285 286 286 286 285 284 283 283 282 282 282 282 284 285 283 283 278 275 278 281 283 284 283 282 282 281 281 282 282 281 281 280 280 280 280 279 279 279 279 279 279 278 278 278
283 283 283 283 282 283 283 284 284 285 286 286 286 286 285 284 283 284 284 283 283 283 283 284 284 285 286 286 286 284 283 282 282 282 282 282 283 285 284 283 281 276 277 278 281 283 284 283 282 281 280 280 281 281 281 281 280 280 280 280 280 279 279 279 279 279 279 279 278
283 283 283 283 283 283 283 284 285 286 287 287 287 286 285 285 285 285 284 282 282 283 283 284 284 285 286 286 285 283 282 281 281 282 282 283 285 286 284 283 278 277 278 279 281 282 283 282 281 280 279 279 280 280 280 280 280 281 281 281 281 281 280 280 280 280 280 279 279
283 283 283 283 283 283 283 284 285 286 287 286 284 284 284 285 286 285 283 282 282 283 283 284 284 285 285 284 283 281 281 281 281 282 282 284 286 285 283 280 277 278 280 281 282 282 282 281 280 279 278 278 279 280 280 280 281 281 282 282 282 282 282 281 281 280 280 279 279
282 282 282 282 282 283 284 284 285 286 285 283 283 283 285 286 285 284 283 283 283 283 283 283 284 284 283 282 281 280 280 280 281 282 283 284 284 282 280 279 279 280 281 281 282 283 282 282 280 279 278 279 279 280 281 281 282 282 283 283 282 282 282 282 281 280 280 279 279
281 281 281 281 282 283 283 284 284 284 281 281 282 284 287 288 286 284 283 283 282 282 283 283 282 282 281 280 279 279 279 280 281 282 282 282 281 280 281 282 281 280 281 282 283 283 283 282 281 280 279 280 281 282 282 283 283 283 283 283 282 282 281 281 280 279 279 279 278
280 280 280 281 281 282 282 283 282 281 280 281 282 283 287 287 285 284 283 282 282 281 282 282 281 280 279 278 278 278 279 280 280 281 281 280 281 282 286 286 280 280 281 282 283 284 283 282 282 281 281 282 282 282 283 283 283 283 282 282 281 280 280 279 278 278 278 278 278
280 280 280 280 281 281 281 281 280 280 281 283 284 283 280 279 280 281 282 282 281 281 280 280 279 278 277 277 277 278 279 280 281 281 280 281 282 284 288 286 280 281 281 282 283 283 283 283 283 283 283 283 282 282 282 282 281 281 280 280 279 279 278 278 277 277 277 277 276
279 280 280 280 280 280 280 279 278 279 282 285 284 282 274 271 275 277 279 280 279 279 278 278 277 277 276 276 276 276 277 279 280 280 279 282 284 288 291 283 281 282 282 282 283 284 284 283 283 283 283 283 282 281 280 279 279 278 278 278 278 277 277 277 276 276 276 275 275
279 279 279 279 279 279 279 279 279 281 283 285 281 280 279 276 275 276 277 277 276 276 276 276 275 275 275 275 275 275 275 278 279 280 280 282 285 293 291 282 281 282 283 283 284 284 284 284 283 282 282 281 280 279 278 277 277 276 276 276 277 277 277 277 277 276 275 275 274
279 279 279 278 278 278 278 279 281 284 285 285 280 282 284 281 278 278 277 276 276 275 274 273 273 273 273 273 273 274 275 277 280 281 282 284 289 296 289 282 282 282 283 283 284 284 284 283 282 281 280 279 278 277 277 276 276 276 275 276 276 276 276 276 276 275 274 274 273
279 278 277 277 277 278 279 282 284 285 285 282 280 281 282 280 279 277 275 276 276 275 273 272 272 272 272 272 273 275 278 281 283 283 285 289 295 295 285 283 282 282 282 282 282 283 282 281 280 279 279 278 277 277 276 276 276 275 275 275 275 275 275 275 275 274 274 273 273
277 276 276 276 277 279 281 283 285 285 282 279 278 277 278 278 277 276 276 276 275 273 273 273 275 275 275 277 280 285 289 292 291 288 291 294 296 296 288 284 282 281 281 281 281 281 281 280 279 278 277 277 277 277 276 276 276 275 275 275 274 274 274 274 273 273 273 273 272
275 275 274 275 276 278 281 283 284 283 280 277 275 275 276 277 277 276 277 276 276 277 279 282 283 283 286 291 294 296 298 297 296 298 301 299 300 298 289 281 279 279 279 280 280 280 280 280 279 278 277 277 277 277 277 276 276 275 274 274 274 274 273 273 272 272 272 272 272
273 273 273 274 276 277 279 280 280 277 275 274 274 274 276 276 276 276 278 277 279 284 285 288 287 290 296 300 300 298 296 297 299 302 305 305 304 299 287 278 277 278 279 279 279 280 280 280 279 278 277 277 277 277 277 277 276 275 274 274 274 274 273 272 272 272 272 272 272
273 273 273 275 276 277 276 276 274 272 272 272 273 275 276 275 275 277 278 278 285 286 286 289 289 291 295 296 295 294 293 294 296 299 303 305 305 296 281 275 275 278 279 280 279 280 281 281 280 279 278 277 277 277 277 277 276 275 274 274 274 273 273 272 272 272 272 272 272
274 275 276 277 278 277 275 273 272 271 272 273 274 275 276 276 276 279 279 285 290 287 288 290 289 289 288 287 289 291 292 294 296 299 303 305 298 286 276 274 276 278 280 280 280 280 281 282 281 280 279 278 278 278 278 277 276 275 275 274 274 274 273 273 273 273 272 272 272
276 277 278 279 279 278 276 274 273 273 273 274 275 276 276 276 278 280 283 292 291 286 287 289 290 289 286 285 289 291 292 293 295 299 301 297 287 279 276 276 278 278 279 279 280 281 281 282 281 280 279 279 278 278 278 277 277 276 275 275 274 274 274 273 273 273 273 273 273
276 278 280 280 280 280 279 276 275 276 276 276 276 276 277 278 281 286 291 292 284 283 287 291 293 293 291 292 294 294 293 293 294 294 290 284 279 276 277 278 279 279 278 279 280 280 281 281 281 280 280 279 279 278 278 278 277 276 276 275 275 274 274 274 274 274 273 273 273
276 278 279 279 279 281 281 278 277 278 277 277 278 280 281 283 285 289 287 282 279 282 288 293 297 298 298 298 298 295 293 293 291 287 280 275 274 275 277 279 279 279 278 279 279 280 280 281 281 281 280 280 279 279 279 278 278 277 276 275 275 275 275 274 274 274 273 273 273
277 278 278 278 279 279 278 278 278 278 277 279 282 284 284 285 284 280 276 277 281 284 290 295 299 301 301 301 299 295 293 292 288 281 276 273 273 275 277 278 279 279 279 279 279 280 280 281 281 281 281 280 280 279 279 278 277 276 275 275 275 275 275 275 274 274 273 273 272
277 278 279 279 279 278 276 277 279 280 280 282 284 283 282 280 276 272 273 278 284 288 293 297 299 301 302 301 298 294 292 290 285 279 276 275 275 277 278 280 280 280 280 280 280 280 281 281 281 281 281 280 280 279 278 277 276 275 275 275 275 275 275 275 274 274 273 273 272
278 279 280 282 281 280 280 279 281 282 282 282 280 279 277 276 273 274 276 280 285 290 294 298 299 300 300 299 296 293 290 287 283 279 277 276 277 279 280 281 281 282 281 281 281 281 281 281 281 281 280 280 280 279 278 276 275 275 274 275 275 275 275 275 274 273 273 272 272
278 280 282 284 285 284 285 286 284 282 281 281 279 277 275 273 274 276 279 282 287 291 295 298 300 300 299 297 294 291 288 285 281 278 277 277 279 281 282 282 282 282 281 281 281 282 282 281 281 280 280 279 279 278 277 276 275 275 275 275 275 275 275 275 274 273 273 272 271
279 281 283 285 286 286 288 289 287 283 282 282 279 275 273 272 274 276 279 283 288 292 296 300 301 301 300 298 295 292 289 285 282 279 278 279 281 282 283 283 282 282 281 282 282 282 282 281 280 280 279 279 278 277 277 276 276 275 275 275 275 275 275 275 275 274 273 272 271
281 283 284 285 285 286 286 285 284 284 283 283 279 273 271 272 274 276 279 284 288 293 297 301 302 302 301 299 297 294 291 287 284 281 280 280 282 284 284 284 283 282 282 282 282 282 281 280 279 279 278 278 277 277 277 276 276 276 276 276 276 276 276 276 275 274 273 272 271
282 284 285 285 285 285 282 280 280 282 284 283 278 272 269 270 273 276 280 284 289 294 299 302 302 302 301 300 299 297 294 289 286 283 281 282 284 286 286 285 284 284 283 283 282 282 281 280 278 278 277 277 277 277 277 277 277 276 276 276 276 276 276 276 275 275 273 272 271
283 285 286 285 285 284 280 278 279 283 285 283 277 271 269 270 273 277 280 284 288 295 300 302 301 301 300 300 300 298 295 290 287 284 282 282 284 286 287 285 284 284 284 284 283 282 281 279 278 277 276 276 277 277 277 278 278 277 277 277 277 277 276 276 275 275 274 273 271
282 286 290 286 285 285 281 278 280 286 286 284 275 271 269 270 275 280 282 283 288 295 300 303 300 300 299 300 299 297 294 288 285 281 282 282 285 288 286 287 285 283 285 284 282 281 280 279 276 275 275 276 277 278 278 279 279 279 278 278 278 277 276 276 275 273 272 274 272
282 285 290 286 285 284 281 279 282 287 287 285 276 272 271 271 275 279 282 284 288 294 299 302 299 299 298 298 297 296 293 288 285 283 284 284 286 288 286 287 285 283 285 283 282 280 279 278 275 274 274 275 276 278 279 279 280 280 280 279 279 278 277 277 276 274 273 274 273
