---
Vertical Velocity & Wind [kt] at 850mb Direction [deg] Valid 1500 NZST ~Z75~(0300Z)~Z~ TUE 6 Jan 2026 ~Z75~[75hrFcst@2119z]~Z~
Model= RASP Region= NZ Grid= d1 Reskm= 6.0 Indexs= 1 79 1 99 Proj= lambert 6000 6000 -35.0000 -42.0000 176.0000 -38.5000 176.0000
Day= 2026 1 6 TUE ValidLST= 1500 NZST ValidZ= 300 Fcst= 75.0 Init= 70 Param= press850 Direction Unit= cm/sec Mult= 1 Min= 0 Max= 0
234 233 234 236 241 252 265 275 279 283 288 296 302 306 310 312 314 316 318 318 319 319 320 320 320 320 320 321 321 319 318 319 321 320 315 309 306 308 311 311 312 316 319 321 320 318 316 313 310 308 306 305 305 304 304 304 304 303 303 303 303 303 303 303 304 304 305 306 308 310 314 318 324 329 333 337 339 341 341
232 231 229 230 235 245 256 268 276 281 285 294 304 308 311 312 314 316 317 318 319 319 320 320 321 321 320 320 321 320 317 316 315 313 311 307 306 309 312 312 309 311 314 316 316 313 311 309 307 305 304 303 303 303 303 303 303 302 302 302 302 302 303 303 303 304 304 305 307 309 313 318 324 330 335 338 341 342 343
231 229 229 232 236 244 254 265 275 283 290 297 303 307 311 313 315 317 318 319 319 319 320 320 321 321 321 320 320 318 316 318 317 307 300 298 299 303 305 306 304 304 307 310 310 308 305 304 302 301 301 301 301 301 301 301 301 301 301 301 301 302 302 303 303 303 304 305 307 309 314 320 327 332 336 340 342 344 345
231 229 231 235 240 247 257 267 275 285 295 301 304 307 311 314 316 317 317 317 318 318 319 320 320 321 321 320 319 316 313 316 324 283 259 271 278 278 275 276 280 283 294 306 306 302 300 299 299 299 299 299 299 299 300 300 300 300 299 300 301 303 304 304 304 303 304 305 308 312 319 328 334 337 338 343 345 346 347
232 230 233 239 244 253 263 271 277 283 292 300 304 307 310 312 313 314 314 315 316 317 318 319 320 320 320 319 317 314 309 310 10 221 203 239 246 245 245 250 262 266 291 309 307 303 301 299 298 298 298 298 298 299 299 299 299 299 299 299 301 304 305 305 305 303 304 306 311 320 332 343 347 345 344 347 347 348 348
234 234 239 245 251 258 268 276 282 285 288 296 300 303 305 307 308 310 311 313 314 315 316 317 317 318 318 317 314 312 309 303 315 47 22 307 252 237 239 259 276 283 292 299 301 301 300 299 298 297 297 298 298 299 299 299 299 299 299 299 300 301 302 303 302 301 301 303 309 320 331 341 343 343 344 349 349 349 350
244 245 250 257 261 267 274 282 288 292 292 295 298 300 303 305 306 308 310 312 313 314 315 315 316 316 316 315 313 312 308 302 289 272 300 292 288 287 282 281 283 287 288 293 300 302 302 301 300 299 299 299 299 299 298 298 298 298 298 299 299 300 301 301 300 298 298 302 312 325 336 344 344 344 347 351 351 351 351
259 263 266 270 273 277 281 286 291 294 296 298 300 301 303 304 305 307 308 310 312 313 313 314 314 314 313 312 311 308 304 299 293 279 287 288 288 290 289 288 287 289 292 297 305 306 304 302 301 300 299 299 298 297 297 297 297 297 298 298 298 299 300 299 297 294 295 301 314 328 338 343 343 344 349 353 352 352 352
271 275 278 279 282 284 286 289 291 294 296 298 299 300 302 303 304 306 307 309 310 311 312 312 312 312 311 310 309 306 302 298 294 290 294 295 296 296 295 293 293 294 299 304 310 308 304 302 299 298 298 297 296 294 294 294 295 295 296 296 296 297 298 297 294 291 291 299 315 330 339 342 342 345 350 354 353 353 353
276 280 282 284 285 287 289 291 292 294 295 297 298 299 300 302 303 305 306 308 309 310 311 311 311 310 310 309 307 305 302 298 295 295 298 300 301 301 300 297 296 297 304 308 315 311 304 299 296 295 294 293 292 291 291 291 292 293 293 292 293 294 295 294 290 287 290 301 319 333 340 342 343 346 350 353 354 353 353
279 282 284 285 287 289 290 291 293 294 295 296 297 298 299 301 302 304 305 307 308 309 310 310 310 309 309 308 306 304 302 299 297 298 300 302 303 303 302 300 299 300 308 311 319 314 301 294 291 290 290 289 289 288 288 289 290 290 290 289 289 290 290 287 283 281 288 304 323 335 341 343 343 346 347 352 353 353 353
279 282 284 286 288 289 290 291 293 294 295 296 297 298 299 300 301 303 305 306 307 308 309 309 309 308 308 307 306 304 302 300 299 300 302 303 304 304 303 302 302 304 314 315 324 312 294 286 285 285 285 285 284 284 285 287 288 288 287 286 285 285 284 278 272 274 286 306 325 336 341 343 344 345 343 349 352 353 353
280 282 284 286 288 289 290 291 292 293 294 295 296 297 298 300 301 303 304 306 307 307 308 308 308 308 308 307 305 303 301 300 300 301 303 304 305 305 304 303 304 308 319 321 328 306 285 280 281 282 281 281 281 281 282 284 286 286 286 284 283 281 277 269 264 268 284 306 326 336 341 343 343 342 338 344 350 352 352
280 282 284 286 288 289 290 291 292 293 294 295 296 297 298 299 301 303 304 306 306 307 307 307 308 308 308 307 305 303 302 302 302 303 304 305 306 305 304 304 306 312 322 327 329 298 279 277 277 278 278 279 279 280 280 281 283 283 283 282 280 276 270 264 264 271 286 307 324 334 339 341 340 338 334 341 347 350 351
279 282 284 286 287 288 289 290 291 292 293 294 296 297 298 300 301 303 304 306 306 307 307 307 307 308 308 307 305 304 304 304 305 306 306 306 307 306 306 306 309 316 325 334 323 288 276 274 274 275 276 278 280 281 280 279 278 278 278 278 275 268 262 262 269 280 293 307 320 330 335 337 337 334 332 338 345 348 349
279 281 283 285 286 288 289 290 291 292 293 294 296 297 298 300 302 303 305 306 306 306 306 307 308 309 308 307 306 305 306 307 308 309 308 308 309 308 308 310 313 321 328 338 311 279 274 272 270 272 275 278 280 280 278 275 274 273 274 272 266 258 256 261 272 282 293 304 315 323 330 333 332 330 332 337 343 346 348
278 281 283 285 286 287 288 289 290 292 293 294 296 297 299 300 302 304 305 306 306 306 307 308 309 309 308 307 307 307 309 310 312 312 311 311 310 310 311 314 317 324 328 333 300 270 275 278 277 276 279 281 279 275 272 270 268 269 269 265 257 253 255 262 271 281 290 299 308 316 323 326 327 327 332 336 341 344 346
278 280 282 284 285 287 288 289 290 292 293 294 296 298 300 301 303 305 306 306 306 307 308 309 310 309 309 308 309 310 312 313 314 313 312 311 310 310 315 319 317 318 314 319 286 261 273 298 299 297 298 292 280 269 264 262 261 262 262 257 252 254 260 268 275 281 287 294 301 308 314 318 321 324 330 334 338 341 343
278 280 282 284 285 286 288 289 290 292 293 295 297 299 301 303 304 306 307 307 307 308 309 310 310 310 310 310 311 312 314 314 314 312 311 310 312 314 316 321 317 309 292 301 267 246 273 314 321 332 327 312 279 262 254 250 250 252 253 252 253 258 265 272 278 281 285 290 296 301 307 311 315 320 326 331 334 337 339
278 280 282 284 285 286 288 289 291 292 294 296 298 300 302 304 306 307 308 308 309 310 311 311 310 310 311 313 314 313 314 313 312 311 311 313 321 325 319 311 308 306 288 292 251 251 292 305 292 298 312 304 276 254 245 243 244 246 249 253 259 264 270 275 278 280 283 286 291 296 301 305 309 314 320 327 331 334 336
278 280 282 283 285 286 288 289 291 293 294 297 299 301 303 306 308 309 309 310 311 312 312 311 311 312 315 316 315 313 312 311 311 311 314 319 325 323 315 298 288 296 299 288 242 257 309 320 297 280 279 283 273 258 251 249 247 245 249 257 265 271 276 279 280 280 281 284 288 293 297 302 305 310 315 324 328 331 333
278 280 282 283 285 286 288 290 292 293 295 297 300 302 305 308 310 310 311 311 313 313 313 313 314 316 318 316 313 312 312 312 313 315 319 321 323 309 289 280 278 287 299 247 227 234 315 323 304 290 270 264 261 260 259 254 247 244 248 257 266 275 280 283 283 282 282 283 286 290 296 300 304 307 311 321 325 328 330
278 280 282 283 285 287 288 290 292 294 296 298 301 304 307 310 312 312 313 314 315 316 316 316 317 319 318 315 312 313 314 315 317 320 324 321 312 290 270 268 272 278 258 179 197 171 21 353 332 318 282 252 251 254 256 252 246 241 243 253 265 275 281 284 285 284 282 283 286 290 295 300 303 306 308 318 322 325 328
278 280 281 283 285 287 289 291 292 294 297 299 302 305 309 313 314 315 315 316 317 319 318 318 318 319 319 318 316 317 319 319 319 323 324 312 292 271 262 263 270 263 170 87 150 139 52 45 41 38 43 215 229 238 240 239 234 232 239 254 267 275 280 282 284 284 284 285 287 292 296 300 302 305 307 315 319 323 326
277 279 281 284 285 287 289 291 293 295 297 300 303 307 312 316 317 317 318 319 321 323 321 319 318 324 326 326 324 323 322 322 321 321 309 286 268 256 255 261 267 252 127 97 158 192 323 327 14 16 320 192 177 202 206 210 217 228 246 262 272 276 279 281 283 284 285 287 289 293 297 300 302 305 306 313 317 321 324
277 279 282 284 286 288 290 292 293 296 298 300 304 310 316 319 319 320 321 322 324 325 323 325 330 339 336 331 328 326 323 321 320 312 282 265 253 247 251 257 260 231 116 118 134 354 11 32 238 278 224 181 165 168 183 201 223 243 260 271 276 277 278 279 281 283 285 288 291 295 298 301 302 305 306 312 316 319 322
277 279 282 284 286 288 290 292 294 296 298 301 306 313 319 321 321 322 322 324 326 328 331 336 341 349 341 325 321 322 318 315 311 292 265 255 248 241 248 251 258 255 153 162 11 4 4 330 250 258 263 233 230 226 224 232 245 257 267 274 277 277 276 277 279 282 285 289 293 296 299 302 303 305 306 310 314 317 320
277 280 282 284 286 288 290 292 294 296 298 302 308 316 321 322 322 321 324 326 329 336 343 346 346 345 335 311 306 309 307 302 291 274 260 253 247 246 249 250 252 284 195 183 359 358 332 279 262 267 274 268 262 259 256 255 258 263 268 272 274 274 274 275 278 281 286 290 295 298 300 302 302 304 304 308 312 316 318
278 280 282 284 286 288 290 292 294 296 298 303 311 319 322 322 321 324 328 332 338 348 353 350 334 328 326 305 294 293 291 284 277 269 260 250 242 238 240 242 254 281 249 229 313 321 298 282 278 279 276 272 267 265 263 263 264 265 267 269 269 270 270 272 276 281 286 291 296 299 301 302 302 304 302 306 311 314 317
278 280 282 284 286 288 290 292 294 296 298 304 314 321 322 323 327 331 335 339 345 353 355 340 315 315 317 298 286 280 277 274 274 269 259 247 239 232 225 232 253 262 264 261 292 285 278 280 279 276 273 269 266 264 264 265 265 266 266 266 265 265 265 267 272 279 285 290 295 298 300 301 301 302 300 305 310 313 315
278 280 282 284 286 288 290 292 294 295 298 305 317 324 327 333 337 336 339 341 346 348 345 324 307 302 301 291 285 282 279 274 274 267 261 254 251 238 224 232 234 238 252 219 84 87 268 268 259 255 257 259 262 265 267 268 268 268 268 267 265 263 262 264 268 274 279 285 290 295 298 300 299 300 297 303 308 312 314
278 280 282 284 286 288 290 292 293 295 299 306 326 338 344 346 342 334 332 333 337 340 332 310 299 295 293 290 290 288 284 279 277 272 269 271 276 267 246 240 225 228 219 166 88 73 294 281 268 260 265 268 272 275 277 278 278 277 276 273 269 266 264 264 267 270 273 277 283 290 294 297 297 297 294 301 308 311 314
278 280 281 283 285 287 289 291 292 295 299 312 343 358 7 352 343 331 319 320 326 333 323 307 301 295 287 284 282 282 281 278 276 268 265 270 277 273 253 246 223 212 201 186 126 60 8 2 350 314 307 300 290 285 285 285 285 284 282 278 274 271 268 268 269 269 270 272 276 283 289 293 294 294 291 299 307 311 313
278 279 281 282 284 286 288 289 290 294 299 308 349 48 40 349 323 309 303 309 317 323 314 303 297 287 277 276 277 280 283 278 282 264 254 250 267 270 257 250 227 198 215 217 221 300 333 25 27 342 326 317 303 293 291 290 289 287 283 279 275 272 270 270 270 270 270 270 272 278 284 289 290 290 287 298 307 312 314
277 279 280 281 283 284 286 287 288 290 290 296 270 261 277 280 273 263 270 286 291 291 287 285 284 281 280 281 283 284 283 279 0 0 250 250 257 258 255 252 239 228 240 251 251 289 314 351 30 4 339 335 323 308 303 300 295 290 285 279 274 271 270 269 269 269 269 269 270 275 281 285 285 287 285 299 308 312 314
277 278 279 280 281 282 284 284 285 285 282 290 260 253 261 269 257 237 219 214 220 231 253 271 278 281 282 283 284 283 284 281 272 0 269 253 248 252 247 243 245 248 257 257 259 278 307 333 350 352 344 335 329 323 313 306 300 292 285 279 275 272 269 267 266 267 267 268 270 274 278 280 281 286 286 300 309 313 314
276 277 278 279 280 281 282 282 283 283 284 287 281 270 273 276 268 260 255 253 246 224 249 260 267 274 276 278 280 280 280 277 277 280 278 260 251 250 252 241 240 248 258 264 270 279 290 304 328 338 333 332 334 333 323 312 302 292 284 279 275 272 268 265 263 263 264 267 271 274 275 275 280 290 290 303 311 314 315
276 276 277 278 278 279 280 280 281 282 284 285 283 278 276 276 272 270 273 277 278 274 272 269 269 269 270 271 273 276 274 274 274 275 279 275 266 254 260 264 246 241 260 275 278 280 288 288 285 323 336 334 338 333 325 314 303 293 284 279 274 271 267 263 261 259 259 266 271 271 269 274 285 295 294 305 313 315 316
275 276 276 277 277 278 279 279 280 282 283 284 284 281 279 278 276 274 273 274 274 276 276 276 279 287 288 283 279 277 275 273 272 273 277 277 272 266 265 273 272 258 277 291 287 284 291 280 259 312 352 355 346 334 324 311 299 291 285 281 276 271 265 263 260 254 253 259 262 261 266 276 287 293 294 305 315 317 317
274 275 275 276 276 277 278 279 280 281 282 283 283 283 282 280 278 276 275 274 274 275 276 276 283 292 294 288 283 277 273 271 269 268 269 272 272 268 271 278 279 282 290 292 289 287 292 271 237 295 30 20 5 350 337 321 303 297 296 293 286 277 267 258 252 247 243 240 245 260 270 276 282 287 287 305 317 320 320
274 274 275 275 275 276 277 278 279 280 281 282 283 283 283 283 281 279 278 278 277 277 276 277 286 294 294 289 285 278 274 273 272 267 266 269 273 274 273 275 279 286 289 288 286 284 286 277 238 223 42 24 9 7 25 44 18 343 325 316 306 299 272 215 210 188 187 217 266 272 271 273 276 281 280 307 322 325 324
274 274 274 274 275 276 277 277 278 280 281 282 283 284 284 284 283 281 281 281 281 281 280 282 288 293 295 286 282 280 280 279 276 271 268 270 272 272 271 272 276 282 284 283 277 279 289 291 269 269 329 352 341 342 19 65 46 2 341 348 75 91 93 104 119 142 62 321 305 280 272 272 274 276 273 313 329 331 330
273 274 274 274 275 276 276 277 278 279 281 282 284 285 285 285 284 283 283 284 284 285 284 288 292 291 293 282 278 278 277 275 272 270 269 274 271 271 275 273 276 280 280 277 275 278 286 291 290 288 289 322 331 342 32 21 347 334 320 266 230 254 273 263 270 291 300 306 308 293 285 281 275 272 269 325 336 337 335
273 273 273 273 274 275 276 276 277 279 281 283 285 287 287 286 285 285 286 286 286 287 289 291 296 294 296 281 272 271 272 271 270 269 269 276 267 263 267 277 283 282 278 275 274 277 283 286 287 289 293 298 301 306 310 323 313 318 355 355 287 278 285 276 280 285 291 291 307 329 337 322 290 270 280 336 342 342 340
273 273 273 273 274 275 275 276 277 279 282 285 287 289 289 288 287 287 287 288 288 289 291 292 296 298 308 326 278 269 271 271 270 271 273 274 269 266 270 291 292 284 278 276 276 278 280 282 285 289 294 297 300 298 293 297 300 343 335 325 309 291 288 281 280 278 277 286 0 21 19 13 359 312 316 343 346 346 344
273 273 273 273 274 274 275 276 278 280 283 286 289 291 291 290 289 289 289 290 290 290 292 294 297 303 310 311 285 276 273 272 271 272 271 270 273 278 286 299 297 286 281 281 281 280 280 282 286 289 293 296 297 294 292 286 283 296 312 309 299 288 281 278 277 294 55 77 47 51 45 27 357 334 333 347 349 348 347
273 273 272 272 273 274 274 276 278 281 285 288 290 292 292 292 291 291 291 292 292 291 294 298 300 315 328 312 282 275 273 269 269 269 270 269 271 281 288 288 284 282 281 281 281 281 280 282 285 289 293 296 293 295 294 292 283 279 306 328 310 270 287 286 113 50 61 68 70 109 79 36 353 339 339 349 350 350 349
273 272 272 272 272 273 274 277 280 283 286 289 291 292 292 292 292 292 293 294 295 293 300 301 301 319 341 348 286 274 268 264 265 266 266 265 276 282 283 283 280 278 278 280 282 283 282 284 286 293 293 295 291 296 298 298 285 277 286 301 302 320 332 315 175 18 34 41 81 127 55 49 14 349 345 351 351 350 350
273 272 272 272 272 272 274 277 281 285 288 291 292 293 293 293 292 293 295 296 297 297 308 303 309 328 345 341 312 278 267 265 264 262 263 268 279 286 286 285 281 277 278 284 288 286 282 282 283 295 291 295 288 288 291 289 286 279 279 290 298 306 310 298 272 323 347 17 58 93 36 33 29 9 357 354 351 351 351
272 272 272 271 271 271 274 278 282 286 290 292 293 293 293 292 292 293 295 296 299 304 316 316 319 329 324 273 275 275 272 267 261 260 264 274 283 287 282 278 278 281 281 284 285 282 279 283 273 286 288 291 278 279 281 276 276 275 276 280 281 290 295 286 295 299 302 308 39 63 31 22 21 20 10 359 353 352 352
272 272 271 271 270 270 273 278 283 288 292 293 293 293 293 292 292 293 294 296 299 308 322 314 275 273 273 234 242 260 266 265 261 264 267 274 280 282 275 271 281 287 289 288 286 284 279 280 272 286 292 285 268 272 272 268 267 267 273 270 261 264 269 280 295 302 304 290 308 355 20 23 17 17 13 2 354 352 353
271 271 271 270 269 269 272 278 284 289 293 294 294 293 292 292 292 292 293 295 298 304 306 295 194 216 239 244 239 250 264 268 265 266 270 269 271 275 271 271 276 280 288 285 278 280 280 276 280 285 286 281 265 264 266 264 267 269 272 264 256 255 260 269 297 303 310 304 300 305 332 14 17 16 14 4 354 352 354
271 271 270 270 268 269 272 278 284 290 293 294 294 293 292 291 291 291 291 292 294 297 299 316 182 153 168 224 248 255 267 270 268 267 267 264 265 269 271 271 271 272 280 280 274 275 290 274 281 279 276 277 262 257 258 255 259 261 259 256 260 262 278 287 300 308 315 308 304 306 325 2 17 16 15 5 353 351 354
270 270 270 269 268 268 272 278 285 290 293 294 294 293 292 291 291 290 290 290 290 290 289 280 221 208 182 183 223 242 255 265 265 263 261 260 261 265 270 269 266 269 272 272 269 272 278 273 284 277 267 258 250 253 249 245 252 251 258 259 263 267 286 299 305 308 316 305 301 304 319 355 13 13 11 1 351 350 354
270 270 270 270 268 269 272 278 285 290 293 294 294 293 292 291 290 289 288 288 288 287 284 281 267 254 230 205 222 241 253 256 253 251 250 253 257 261 266 267 265 270 273 263 256 262 273 276 280 274 260 247 240 239 239 236 249 258 260 263 266 274 288 301 309 313 319 310 303 306 311 340 1 5 1 353 348 349 354
270 270 270 270 269 269 272 278 285 290 292 293 292 291 291 290 289 288 287 287 287 285 286 290 319 289 198 200 236 261 259 249 246 245 246 252 261 265 267 269 266 272 277 265 252 255 270 261 255 257 251 240 233 232 234 235 252 259 265 269 272 278 286 297 310 318 319 315 312 315 313 317 332 346 346 342 343 347 354
270 270 270 270 269 269 272 278 285 289 291 291 290 289 289 288 287 286 285 285 285 283 281 279 354 62 141 178 246 282 262 247 246 255 264 273 277 274 270 272 271 276 281 269 251 255 260 250 239 238 239 236 230 228 231 232 250 266 272 273 275 281 288 300 316 324 318 315 321 314 314 308 305 313 317 330 339 345 354
270 270 271 271 269 269 272 278 284 287 289 288 287 287 286 286 285 284 283 283 282 280 274 278 347 52 132 142 179 263 256 247 247 255 268 275 274 270 269 272 272 275 277 266 249 244 241 237 226 230 235 236 228 224 224 228 245 264 274 278 280 286 294 305 318 323 319 320 324 317 316 310 308 306 293 326 337 345 354
270 270 271 271 269 269 272 277 282 285 286 285 285 284 285 285 284 283 282 281 279 275 267 258 38 45 109 80 84 243 248 245 246 257 265 267 267 263 268 271 267 264 264 259 247 239 233 228 222 225 235 238 227 219 219 227 246 267 278 282 286 292 299 309 318 324 329 322 318 315 312 312 321 320 310 331 338 346 355
270 270 271 271 269 269 271 275 280 282 283 282 282 283 284 285 284 284 282 280 276 272 264 247 178 36 67 33 20 278 247 240 247 263 265 265 273 269 266 265 257 247 244 244 237 231 232 231 226 224 233 235 223 215 217 230 250 270 281 284 286 294 302 311 319 325 335 323 310 305 342 345 327 316 316 332 339 347 356
269 269 270 271 270 269 270 273 277 279 280 280 280 282 284 285 286 285 284 281 276 272 263 261 228 282 330 13 358 308 266 250 254 269 277 276 279 274 264 258 250 241 233 230 227 227 236 233 223 219 225 224 210 206 215 234 258 277 285 287 289 296 308 313 319 326 333 315 305 325 349 355 329 321 325 336 342 349 358
268 269 270 271 270 269 270 271 274 276 277 278 280 283 285 287 287 287 286 283 278 276 270 275 249 286 316 12 345 298 277 269 269 274 282 277 270 266 259 255 251 243 235 230 236 236 246 235 216 210 213 209 198 201 216 241 268 284 291 293 295 300 311 315 319 324 328 317 316 326 342 350 323 332 336 339 344 351 0
267 268 270 271 271 270 269 269 271 273 275 277 280 284 286 288 289 289 288 286 284 283 281 275 266 300 327 20 343 277 260 260 270 277 278 269 262 256 252 248 248 244 237 236 247 252 247 228 203 201 207 207 201 207 226 253 277 290 295 298 301 307 313 318 319 323 325 321 320 324 333 352 339 346 342 341 347 355 3
267 268 269 271 272 271 268 267 268 270 273 277 281 284 287 288 289 290 290 290 292 290 287 285 287 319 353 15 326 268 243 243 260 270 267 260 256 253 246 239 239 239 235 232 237 243 230 210 194 198 207 214 216 224 243 265 281 291 297 301 305 310 316 320 321 322 324 323 322 324 327 338 348 347 344 346 352 359 7
266 267 268 270 273 272 268 265 266 268 272 276 280 283 286 288 289 290 292 295 298 298 295 302 291 326 11 3 294 257 234 236 255 264 257 248 250 254 244 232 231 234 233 229 224 220 210 197 192 198 210 221 229 240 255 270 280 289 295 300 305 311 317 320 322 325 326 326 324 323 329 335 346 351 350 353 358 6 14
265 266 267 269 274 273 268 264 264 267 271 275 279 281 284 286 288 291 295 301 305 305 307 307 307 351 20 329 270 245 232 245 258 257 244 240 253 256 248 237 232 231 231 226 217 208 201 192 192 200 212 225 236 248 260 269 276 284 291 298 304 310 316 320 323 325 327 328 327 327 332 339 346 354 355 358 5 14 22
265 265 266 268 274 274 269 265 265 267 271 274 277 279 281 284 289 294 302 308 311 317 319 312 353 15 4 237 243 242 246 270 261 245 238 257 266 260 257 247 237 230 227 221 212 206 203 194 195 202 214 226 236 247 258 265 272 280 288 296 304 312 318 322 326 327 329 330 331 332 335 341 350 359 1 7 15 23 31
264 264 265 267 275 276 271 267 266 269 271 274 275 277 280 285 291 301 311 317 325 332 323 326 36 40 255 211 226 273 295 303 270 250 254 278 272 260 256 251 240 230 225 216 208 206 206 201 202 209 218 227 235 243 251 258 264 272 283 294 305 314 321 326 329 331 332 333 335 338 345 352 359 6 13 20 26 33 40
264 264 264 266 275 277 273 269 269 271 273 274 275 277 281 288 298 312 323 331 348 343 335 11 33 14 232 233 291 345 324 298 287 276 271 267 262 254 250 245 238 232 226 215 207 205 206 207 209 216 223 230 235 240 244 248 251 259 271 289 305 316 323 330 334 337 337 337 339 345 353 2 9 18 28 36 38 44 50
264 264 264 265 274 279 276 272 272 273 274 275 276 278 284 294 306 320 333 348 3 11 31 59 75 305 279 293 334 358 301 259 278 275 263 253 250 249 242 233 232 231 224 212 206 207 209 211 215 220 226 231 235 237 239 239 239 244 259 283 305 319 328 335 340 343 343 343 345 350 360 10 19 28 40 49 50 54 59
265 264 264 265 273 279 278 275 274 275 275 275 276 279 287 299 310 320 338 360 16 42 69 82 133 300 296 306 327 305 229 222 218 227 240 246 240 238 233 223 222 221 214 208 209 213 215 216 219 223 228 232 235 236 234 231 228 232 248 282 310 325 335 342 348 351 351 351 353 358 7 19 30 39 49 58 60 63 66
265 264 264 264 272 279 278 276 275 275 275 274 275 280 289 298 307 314 334 5 26 56 88 96 156 269 282 292 272 242 222 207 195 198 216 230 229 228 223 218 213 210 207 207 212 216 219 220 223 226 231 235 236 235 230 224 220 222 236 279 319 335 344 351 357 1 2 1 3 9 18 29 39 48 57 65 67 70 72
266 265 264 263 270 277 278 276 274 274 273 273 276 281 286 290 295 304 329 358 348 57 95 100 179 230 227 239 254 234 212 200 195 198 215 229 222 208 214 214 213 210 208 211 214 216 219 221 224 229 234 237 238 234 226 218 214 215 226 277 335 349 355 1 7 11 13 14 16 21 29 38 47 56 64 71 73 74 75
266 265 263 263 269 277 278 276 274 272 272 274 277 280 280 280 281 289 338 349 307 313 92 100 217 236 229 236 252 227 209 196 195 205 227 232 225 206 212 206 205 208 211 215 215 217 219 222 225 229 234 236 235 230 222 214 210 209 214 284 360 6 8 11 16 21 24 27 29 33 38 46 54 62 70 75 77 77 77
267 265 263 262 267 276 279 277 274 272 273 276 278 279 278 277 275 276 348 311 332 58 89 116 243 241 232 231 238 217 201 197 198 215 230 236 227 212 212 205 203 208 213 216 216 217 220 223 225 228 230 230 227 222 214 208 205 202 198 55 24 22 21 23 26 30 34 38 42 45 47 52 59 67 73 78 79 79 79
267 265 263 261 266 277 281 278 275 275 276 278 279 279 278 276 276 281 308 291 51 83 86 113 243 238 228 221 225 214 200 198 204 222 236 238 238 216 206 201 201 207 212 214 215 218 220 222 223 224 224 222 217 212 206 201 197 191 176 91 45 37 34 34 36 39 43 48 52 55 55 57 63 70 75 80 81 81 79
268 265 262 260 265 277 281 279 278 278 279 278 278 277 275 274 279 279 276 296 2 61 58 194 239 235 223 211 213 211 201 201 209 236 226 213 257 205 196 192 195 202 208 211 214 216 218 217 217 216 214 212 207 202 196 192 187 178 158 103 64 52 48 47 47 48 52 57 61 63 63 63 66 71 76 80 82 81 78
268 265 262 259 264 278 282 281 281 281 279 276 275 273 274 279 282 270 320 318 342 340 277 236 234 228 211 204 208 207 199 202 208 267 230 243 278 198 192 189 191 197 203 207 210 212 211 209 207 205 203 200 196 192 187 183 177 168 147 106 76 64 60 58 58 58 60 64 68 70 69 68 69 72 77 80 81 80 77
268 264 261 258 265 278 282 282 282 279 275 272 270 272 289 297 288 99 38 35 8 254 231 226 197 186 191 203 212 204 200 200 225 306 240 254 257 192 190 188 191 196 200 203 204 203 201 198 196 194 192 190 187 183 179 175 168 158 137 104 79 68 65 65 65 65 66 68 72 74 74 72 72 73 76 79 79 77 73
268 264 261 259 267 279 282 281 278 273 267 263 262 281 326 320 316 120 122 78 203 211 210 182 158 167 185 201 204 201 203 206 225 301 237 246 206 178 181 184 188 192 194 196 196 193 189 186 183 182 182 181 179 176 172 167 160 148 127 99 78 69 66 66 67 68 68 70 72 74 75 73 73 74 75 76 76 73 67
269 266 262 260 269 278 280 276 269 262 257 252 245 316 19 352 28 101 112 242 209 200 195 184 168 170 181 191 197 202 205 204 280 274 249 205 169 165 172 178 180 182 185 186 185 182 178 175 173 173 174 173 172 170 166 161 153 140 120 97 80 71 68 68 69 69 70 71 72 74 74 73 73 74 74 73 71 67 58
276 271 267 266 274 278 275 268 259 253 249 242 219 129 102 140 76 82 205 208 184 178 183 186 181 178 181 189 198 204 207 190 316 281 200 163 159 162 166 167 168 170 173 175 174 171 168 167 167 168 168 168 166 164 161 156 148 135 117 99 86 78 75 73 73 74 74 75 75 75 75 73 72 72 70 68 64 59 48
297 286 280 276 283 282 273 264 256 250 245 236 211 169 159 153 26 313 240 206 168 172 180 185 186 184 185 190 196 199 199 208 322 169 150 153 157 156 155 153 155 160 163 164 163 161 161 162 163 164 164 163 161 159 156 150 142 130 115 100 90 84 81 78 77 76 76 77 76 76 76 74 72 69 65 61 56 49 37
338 316 305 296 292 288 278 267 259 251 241 224 193 169 195 304 356 304 220 194 181 178 181 184 186 186 186 187 188 193 202 227 285 172 140 141 142 141 139 140 145 151 154 155 154 155 156 158 160 160 159 158 156 153 150 144 137 126 112 100 92 88 85 82 78 76 74 74 75 75 75 74 70 65 58 52 45 37 24
10 351 338 325 305 299 289 278 267 248 213 172 151 173 196 30 13 316 181 178 181 178 181 184 186 185 183 179 176 176 188 205 163 136 125 126 126 126 127 132 138 143 146 148 149 151 153 155 156 156 155 154 151 148 145 140 133 123 111 101 94 91 88 84 80 76 72 70 70 70 70 69 64 57 47 39 32 24 11
24 11 3 354 338 336 328 309 275 221 169 139 132 151 42 52 360 269 192 171 173 176 180 183 185 184 179 170 162 154 152 134 127 122 119 119 119 119 122 128 134 138 141 143 146 148 150 152 153 153 152 150 148 145 142 139 133 124 112 103 98 94 90 85 81 77 73 68 65 64 62 60 54 44 31 24 18 12 2
28 20 17 16 21 18 19 11 307 201 167 155 146 30 43 56 10 181 157 165 165 172 177 182 184 180 170 158 148 137 132 126 122 120 118 116 115 117 121 126 131 135 138 141 143 145 147 149 150 150 149 147 144 143 142 139 133 124 114 106 101 97 93 89 84 80 76 70 64 59 54 48 41 29 15 9 7 4 355
29 25 25 31 39 37 39 44 82 132 145 165 110 21 27 94 38 116 136 153 156 166 174 179 179 169 155 142 133 128 128 125 121 117 113 112 113 117 121 125 129 133 136 139 141 143 145 146 147 146 145 143 142 142 140 137 130 120 111 105 101 99 96 92 89 85 80 74 65 56 46 36 26 15 3 358 358 357 350
29 27 30 37 38 37 36 37 206 201 193 147 78 29 17 200 43 105 131 150 149 158 167 171 164 149 137 131 129 129 125 120 115 110 108 110 113 117 121 124 128 132 135 138 140 141 142 143 143 143 142 141 140 138 135 130 123 114 106 101 99 97 96 93 90 87 82 76 65 52 37 22 10 2 355 352 352 352 347
31 30 33 36 26 19 14 4 282 248 10 69 81 36 21 86 86 97 131 137 144 151 156 154 143 132 128 129 130 127 119 111 107 107 108 111 115 118 121 124 127 131 134 136 138 139 139 140 140 140 140 138 136 132 128 123 116 108 101 97 95 94 93 91 89 85 80 72 59 43 26 10 358 352 350 348 348 349 346
33 35 37 35 22 15 10 6 340 324 6 22 40 32 83 101 96 102 116 129 138 143 142 136 129 124 124 125 127 123 112 104 105 108 111 114 117 119 122 124 127 130 132 134 136 137 138 138 139 138 137 134 131 127 122 116 109 101 95 91 89 89 88 86 82 77 70 60 45 29 14 1 352 348 347 346 347 349 346
37 40 43 41 29 26 23 25 26 17 355 11 54 54 122 104 108 112 123 129 133 134 130 126 121 117 117 121 126 118 104 103 107 111 114 117 118 120 122 124 127 129 132 134 135 137 137 138 137 136 134 130 126 121 114 106 98 92 86 83 82 81 79 74 69 61 52 40 27 15 4 354 348 345 346 347 348 351 348
43 46 48 44 32 30 28 39 48 49 17 4 98 112 116 105 116 116 125 126 126 124 121 118 113 111 115 129 151 121 100 105 109 112 115 117 118 120 122 124 126 129 132 134 136 137 138 137 135 133 130 126 120 112 104 97 90 84 80 77 74 70 66 59 52 43 33 23 15 7 360 352 347 344 346 349 352 355 353
48 51 51 45 32 31 30 41 51 60 50 332 152 115 110 112 115 115 119 118 118 116 114 111 109 109 115 127 133 103 97 103 110 112 114 115 117 118 120 123 125 127 130 132 133 134 134 132 129 127 123 118 111 104 97 91 86 81 76 70 65 59 51 43 33 24 16 10 5 1 357 353 350 349 350 354 357 0 359
53 54 53 47 38 38 37 47 58 44 278 253 220 124 109 107 110 115 116 115 113 111 110 109 110 113 118 119 109 94 95 103 110 113 115 116 118 120 122 124 127 130 133 135 137 136 135 132 128 124 118 112 105 99 93 89 84 77 69 61 52 42 32 20 11 5 1 358 355 353 352 353 354 355 357 359 2 5 5
56 56 55 51 48 49 48 52 70 58 29 112 144 119 101 98 100 104 105 104 103 102 102 103 105 108 108 105 99 96 98 103 107 108 109 110 110 110 110 110 111 112 113 114 114 114 113 112 111 110 108 105 101 96 90 84 77 68 56 44 32 20 11 3 358 355 353 351 350 350 351 352 355 357 0 2 4 7 8
58 57 56 55 57 58 59 61 64 56 51 70 103 101 93 93 95 97 97 97 97 97 98 99 100 101 101 101 100 100 100 101 102 102 102 102 102 101 101 101 102 103 104 104 104 104 103 102 101 100 98 95 91 86 80 74 68 60 50 38 25 14 6 360 355 352 350 348 348 348 349 351 354 357 0 3 6 8 10
60 59 58 57 62 64 66 66 67 64 66 85 101 97 88 91 92 93 94 94 94 95 96 97 97 98 99 99 99 99 98 98 98 97 97 96 96 96 95 96 96 97 97 97 97 96 95 94 92 90 87 83 78 72 66 59 53 45 37 27 17 9 2 357 353 350 348 347 347 347 349 351 354 358 1 4 7 9 10
62 60 60 61 67 70 72 72 73 75 81 93 99 98 92 93 93 93 93 94 94 94 95 95 96 96 97 97 97 97 96 96 95 94 93 93 92 90 89 88 88 87 87 86 85 84 83 81 79 76 73 68 63 56 50 43 36 29 22 15 8 2 357 353 349 347 346 346 347 348 350 354 357 0 3 6 8 10 11
