---
Vertical Velocity & Wind [kt] at 950mb Direction [deg] Valid 1800 NZST ~Z75~(0600Z)~Z~ TUE 6 Jan 2026 ~Z75~[78hrFcst@2119z]~Z~
Model= RASP Region= NZ Grid= d1 Reskm= 6.0 Indexs= 1 79 1 99 Proj= lambert 6000 6000 -35.0000 -42.0000 176.0000 -38.5000 176.0000
Day= 2026 1 6 TUE ValidLST= 1800 NZST ValidZ= 600 Fcst= 78.0 Init= 70 Param= press950 Direction Unit= cm/sec Mult= 1 Min= 0 Max= 0
34 32 33 28 22 14 4 355 345 335 329 325 324 322 322 322 324 326 329 331 334 336 340 344 348 349 346 342 332 322 311 302 298 294 288 281 279 287 304 312 318 327 332 337 341 344 347 349 352 355 358 360 2 4 6 8 10 12 12 13 14 15 15 16 16 16 16 16 16 15 15 14 14 14 13 13 13 13 14
25 34 44 41 25 11 0 352 339 329 324 321 321 319 319 319 319 321 323 325 328 332 336 341 348 351 347 343 336 326 312 302 296 291 288 286 293 306 318 321 319 322 326 330 335 339 342 345 348 351 354 356 359 2 4 7 9 11 12 13 15 15 16 17 17 17 17 16 16 16 15 15 15 14 13 13 13 13 14
344 6 15 15 9 1 351 339 328 319 316 315 314 313 313 314 315 316 318 320 322 326 330 335 343 351 349 345 338 0 317 310 300 292 289 293 304 315 319 316 314 314 316 320 326 331 335 339 343 345 348 350 353 356 359 3 5 8 9 11 13 14 15 16 17 17 17 16 16 16 16 16 16 15 14 13 13 14 14
299 317 328 328 328 333 330 324 315 308 306 307 307 307 308 309 310 311 313 314 316 319 322 325 329 337 347 353 0 0 0 311 303 293 291 295 302 308 308 306 306 304 305 309 316 323 328 333 336 338 339 341 344 347 351 354 357 0 2 5 8 10 12 13 14 16 16 16 15 15 16 17 17 16 14 14 14 14 15
282 298 310 313 307 310 310 311 308 303 301 303 304 305 306 307 308 309 310 311 312 314 315 317 317 319 331 351 356 0 0 0 302 295 292 295 300 304 304 303 303 301 302 305 313 321 328 332 335 335 336 337 341 344 346 350 353 356 358 0 3 6 9 11 13 14 16 16 15 15 15 17 17 16 14 13 14 14 15
276 292 302 307 304 304 305 307 308 306 305 306 306 306 306 307 308 309 310 311 312 313 314 315 316 315 319 329 344 327 0 0 300 299 299 305 310 311 309 307 306 305 305 308 316 326 332 336 338 341 345 349 352 355 359 2 5 8 10 13 14 16 18 19 19 19 19 18 17 16 16 16 16 14 13 13 14 15 15
275 290 298 302 302 302 302 303 303 303 303 305 305 305 306 306 307 308 309 309 310 310 310 310 309 309 308 309 323 336 0 0 0 296 298 303 309 310 307 303 302 301 301 304 312 322 329 333 337 342 348 353 355 358 2 6 9 11 13 14 15 16 17 18 19 19 19 18 17 16 17 17 16 14 13 13 14 15 16
277 288 295 299 300 300 301 301 301 300 301 303 304 305 306 307 307 308 308 309 309 309 308 308 307 305 304 301 304 322 0 0 0 290 296 301 306 309 307 302 301 301 301 305 313 324 330 334 339 347 355 1 5 9 12 15 17 18 19 20 21 20 20 20 20 20 19 18 17 17 17 17 15 14 14 14 14 15 16
279 286 292 295 297 299 299 300 300 300 301 302 303 304 305 306 307 307 307 307 307 307 306 305 303 301 299 296 292 276 249 0 0 284 291 295 298 301 302 301 300 299 300 304 309 317 325 332 338 347 357 4 9 12 15 18 20 21 22 22 22 22 21 20 20 20 19 18 16 16 16 16 15 14 14 15 15 15 16
280 285 289 292 294 296 297 299 299 300 301 302 303 304 305 305 306 306 306 306 306 306 305 303 301 299 296 293 289 281 258 250 0 279 289 292 295 300 305 304 300 298 298 303 308 314 324 332 341 349 360 8 14 17 20 22 23 24 25 25 25 24 23 22 21 21 20 18 17 16 15 14 13 13 14 14 15 16 17
281 284 287 290 292 294 295 297 298 299 300 301 302 303 303 304 304 305 305 305 305 304 303 301 299 296 293 291 287 281 271 259 266 279 286 289 294 302 307 305 300 296 295 299 306 313 321 333 342 348 356 6 13 18 21 23 25 26 27 26 25 24 23 23 22 21 20 19 19 18 16 14 13 14 14 14 15 16 17
281 283 286 288 290 292 294 295 296 297 299 300 300 301 302 303 303 303 304 304 304 303 302 300 297 295 292 289 286 282 276 268 265 279 285 290 293 299 304 303 299 295 293 295 304 314 324 336 346 350 353 360 11 18 22 25 27 28 28 27 26 25 24 23 22 21 20 19 19 18 17 15 15 16 16 15 15 16 17
281 283 285 287 289 291 292 294 295 296 297 298 299 300 301 301 302 302 302 302 302 302 301 299 296 293 290 288 285 282 278 273 269 274 284 289 290 292 296 297 295 292 293 294 300 311 327 340 348 351 349 355 9 18 23 26 28 29 29 28 27 26 25 23 22 21 20 19 19 17 16 15 15 16 16 16 16 16 17
280 282 284 286 288 289 291 292 294 295 296 297 298 298 299 300 300 301 301 301 301 300 299 298 295 292 289 286 284 282 279 276 272 273 281 288 289 288 288 286 285 286 292 297 299 302 330 343 349 353 355 4 17 23 25 28 29 30 29 28 27 26 25 23 22 21 21 20 18 16 15 14 14 14 15 15 16 16 17
279 281 283 285 287 288 290 291 292 294 295 296 296 297 298 298 299 299 299 299 299 299 298 296 294 291 288 285 283 281 279 277 274 273 275 283 287 288 284 277 271 275 284 293 295 288 327 342 346 356 9 21 27 27 27 28 29 30 30 29 27 26 25 23 22 21 21 20 18 16 14 15 15 14 14 15 16 17 17
278 280 282 284 286 287 289 290 291 292 293 294 295 296 297 297 298 298 298 298 298 297 297 295 292 290 287 285 283 281 280 279 277 276 276 281 287 290 286 277 268 267 276 282 286 274 316 338 341 354 12 26 30 29 28 28 29 30 29 28 27 26 24 23 22 22 21 19 17 15 14 15 15 15 14 15 16 17 18
277 279 281 283 285 286 288 289 290 291 292 293 294 295 296 296 296 296 297 297 296 296 295 293 291 289 286 284 282 281 281 281 281 281 282 284 287 287 287 282 272 268 270 268 273 265 309 333 336 342 3 22 30 29 26 27 29 31 29 27 26 25 24 23 23 22 21 19 16 15 14 15 15 16 15 15 16 17 18
276 278 280 282 283 285 287 288 289 290 291 293 293 294 295 295 295 295 295 295 295 295 294 292 290 288 286 284 282 281 281 283 284 284 285 283 275 272 281 285 278 266 259 253 261 281 318 330 335 340 357 17 26 26 25 26 30 31 29 28 27 26 25 24 24 23 21 18 16 15 15 15 16 16 16 16 17 18 18
275 277 279 281 282 284 286 287 288 289 291 292 293 293 294 294 294 294 294 294 294 293 292 291 289 287 285 283 281 281 281 282 283 283 281 275 263 256 273 283 281 266 251 252 274 334 340 340 338 339 352 12 21 24 24 26 30 30 29 28 28 27 26 25 24 23 21 18 15 14 15 16 17 17 16 17 18 18 18
274 276 278 280 281 283 285 286 287 289 290 291 292 292 293 293 293 293 293 293 293 292 291 289 287 286 284 282 281 281 281 281 280 278 275 268 259 247 251 0 0 347 173 243 356 7 12 355 344 343 356 7 15 21 25 27 29 29 29 29 29 28 27 27 25 23 20 17 15 15 15 16 17 17 17 17 18 19 19
273 275 277 279 280 282 284 285 286 288 289 290 291 291 291 292 292 292 292 292 292 291 289 288 286 285 283 282 280 280 280 279 273 268 264 259 253 242 235 0 0 30 113 93 61 31 8 358 356 11 7 1 12 21 25 27 28 29 30 30 30 29 28 27 25 23 20 18 16 15 15 16 17 17 17 17 19 19 19
273 274 276 278 280 281 283 284 286 287 288 289 290 290 290 291 291 291 291 291 290 289 288 287 286 284 283 281 280 277 273 270 266 260 255 252 249 240 225 0 0 0 109 101 80 25 26 30 8 15 13 5 14 22 25 26 28 30 32 32 31 29 28 27 25 23 20 18 17 16 16 16 17 17 17 18 19 20 19
272 274 275 277 279 281 282 284 285 286 287 288 289 289 289 290 290 290 290 290 289 288 287 286 285 283 282 280 278 272 264 260 259 256 251 246 244 240 223 0 0 0 137 126 73 34 88 63 10 7 14 10 12 23 24 27 30 33 34 34 32 30 28 26 25 22 20 18 17 16 16 16 17 17 17 18 19 20 20
272 273 275 276 278 280 281 283 284 286 287 287 288 288 288 289 289 289 289 288 288 287 286 286 284 283 282 280 275 266 256 252 251 251 249 244 240 238 0 0 0 0 0 130 75 23 73 51 36 30 29 22 11 21 23 27 32 36 37 36 34 31 28 26 24 22 20 18 17 16 16 16 17 17 17 18 20 21 20
271 273 274 276 278 279 281 282 284 285 286 287 287 287 288 288 288 288 288 287 286 285 285 285 285 284 282 277 268 255 245 241 240 241 244 242 236 234 229 0 0 0 0 160 353 350 7 23 27 27 32 32 22 20 24 27 34 38 40 38 35 32 29 27 25 22 20 19 17 16 15 15 16 17 17 18 20 21 20
271 272 274 275 277 279 280 282 283 285 286 286 286 287 287 287 287 287 286 285 284 283 283 284 282 278 274 265 252 239 231 231 230 231 235 238 233 228 224 0 0 0 0 287 322 346 10 26 32 32 35 40 33 23 26 28 34 40 43 41 37 33 30 27 25 23 21 19 17 16 15 15 16 17 18 19 20 21 21
270 271 273 274 276 278 280 282 283 284 285 286 286 286 286 286 286 285 283 282 282 281 279 276 273 272 268 257 244 228 220 223 224 223 228 0 232 226 221 0 0 0 0 0 314 9 26 30 33 36 38 43 40 32 31 31 36 40 43 42 39 35 31 27 25 23 21 19 17 16 15 15 16 17 18 19 20 22 21
269 271 272 274 275 277 279 281 283 284 285 286 286 286 286 285 283 282 280 280 280 280 278 273 267 264 260 251 242 223 213 218 221 219 223 231 237 245 262 0 0 0 0 0 341 22 34 33 43 45 46 43 43 41 37 37 40 43 43 42 39 36 32 28 25 22 20 18 17 16 15 15 16 17 18 19 20 21 21
269 270 271 273 275 277 279 281 283 285 286 286 287 286 284 282 281 279 277 277 276 276 274 265 256 252 248 241 237 222 206 214 223 222 0 0 0 309 0 0 0 0 0 0 56 30 20 14 38 48 52 49 47 48 44 44 45 46 44 41 38 35 32 29 25 22 19 17 16 16 15 15 16 17 17 18 20 21 21
268 269 270 272 274 276 278 281 283 285 287 288 287 285 284 281 275 270 271 271 268 266 264 253 249 247 241 232 230 216 198 213 224 0 0 0 0 0 0 0 0 0 0 0 118 51 39 27 41 47 52 53 54 55 52 51 50 48 44 40 36 34 32 29 25 22 19 17 15 15 15 15 15 16 17 18 20 21 22
267 268 269 271 272 275 277 280 283 287 291 293 290 286 284 276 264 259 258 256 255 255 253 248 246 245 236 223 220 208 186 0 0 0 0 0 0 0 0 0 0 0 0 0 122 57 52 47 45 42 46 52 57 60 59 54 53 50 45 39 35 32 31 28 25 22 20 17 15 15 14 14 15 16 17 18 19 21 21
266 267 268 269 271 273 276 279 283 291 299 298 292 285 281 270 257 250 245 244 247 249 248 247 249 249 238 222 199 181 196 0 0 0 0 0 0 0 0 0 0 0 0 0 0 88 56 57 59 50 39 48 56 62 68 61 53 49 47 41 35 32 30 28 25 23 21 18 15 15 15 15 15 16 17 18 19 20 21
265 266 267 267 269 271 273 277 283 296 307 300 286 277 274 264 249 241 236 240 249 256 258 261 264 270 266 262 253 159 0 0 0 0 0 0 0 0 0 0 0 0 0 0 0 0 51 46 63 59 38 37 43 62 80 91 75 53 51 45 38 34 31 28 26 25 22 18 15 14 14 14 15 15 16 17 18 20 21
264 264 265 265 266 268 269 272 279 296 301 0 0 263 193 91 263 269 273 276 280 282 282 283 285 287 286 283 278 0 0 0 0 0 0 0 0 0 0 0 0 0 0 0 0 0 49 73 74 64 40 27 28 60 98 93 89 70 65 56 45 36 31 29 27 27 25 19 15 13 13 14 14 15 16 17 18 19 20
262 263 263 263 264 264 265 265 264 262 0 0 0 253 296 312 311 307 303 300 298 294 290 289 291 292 288 283 275 0 0 0 0 0 0 0 0 0 0 0 0 0 0 0 0 0 0 111 66 40 37 26 29 116 111 79 71 58 52 50 47 37 28 26 26 30 29 20 14 12 12 12 13 14 15 17 17 19 20
261 262 262 261 261 261 260 258 251 232 231 0 254 266 281 291 299 303 304 302 298 292 288 288 289 288 284 281 278 0 0 0 0 0 0 0 0 0 0 0 0 0 0 0 0 0 0 0 0 55 49 20 191 145 107 78 53 34 28 27 31 34 27 24 25 29 27 19 13 11 12 12 12 13 15 16 17 18 20
260 261 260 260 259 258 257 255 249 236 229 239 255 266 275 282 288 293 296 296 293 289 286 286 287 285 281 279 278 280 0 0 0 0 0 0 0 0 0 0 0 0 0 0 0 0 0 0 116 0 96 118 170 167 111 70 31 18 17 17 22 29 30 28 29 29 24 18 12 10 11 12 12 12 14 15 16 18 19
259 259 259 258 257 257 255 253 250 246 244 249 256 263 271 277 282 286 289 291 288 284 281 281 281 279 277 276 276 277 0 0 0 0 0 0 0 0 0 0 0 0 0 0 0 0 0 0 91 106 0 167 166 173 123 50 21 18 21 20 20 26 32 32 33 31 24 17 12 10 11 12 12 12 13 15 16 17 19
258 258 258 256 256 255 254 253 251 249 249 252 256 261 267 272 276 279 282 283 283 281 279 278 275 272 273 274 274 272 269 0 0 0 0 0 0 0 0 0 0 0 0 0 0 0 0 0 81 0 129 150 161 179 152 51 26 24 23 23 20 21 32 34 34 30 24 17 12 9 10 12 12 12 13 14 15 17 19
257 257 256 255 254 254 253 252 252 251 251 252 256 260 265 269 273 275 276 277 279 282 283 279 272 268 269 270 269 267 266 0 0 0 0 0 268 262 0 0 0 0 0 0 0 0 0 0 0 0 0 143 156 169 162 57 31 31 26 23 19 16 18 23 26 24 21 15 10 8 10 12 13 13 13 14 15 16 19
256 256 255 253 253 253 253 252 252 252 252 253 255 258 262 266 270 271 272 271 274 281 283 278 270 267 266 266 264 264 265 268 273 0 0 0 262 260 260 0 0 0 0 0 0 0 0 0 0 0 0 138 155 167 167 58 27 21 17 17 18 17 15 14 13 14 11 9 6 6 10 13 14 14 14 14 15 16 19
255 254 253 252 252 252 252 251 251 252 253 254 255 257 259 262 264 266 266 267 268 273 276 274 269 266 265 264 262 262 262 264 0 0 0 259 258 258 260 265 0 0 0 0 0 0 0 0 0 0 0 0 162 204 274 319 348 9 14 12 12 17 17 15 11 7 0 0 360 4 10 14 15 14 14 14 15 16 19
253 253 252 251 251 251 251 251 251 252 252 253 254 256 257 259 260 261 263 265 263 260 266 268 267 265 264 264 262 261 261 260 0 0 0 255 255 255 255 259 270 280 0 0 0 0 0 0 0 0 0 0 281 327 316 319 322 349 9 12 11 18 18 16 15 6 356 352 353 3 11 16 16 15 14 14 15 16 18
252 252 251 250 249 250 249 250 250 251 252 252 253 254 255 257 258 258 260 262 261 255 254 261 265 263 262 262 262 262 263 262 0 0 0 250 249 250 249 250 255 261 0 0 0 0 0 0 0 0 0 0 0 0 0 0 331 344 357 5 11 20 20 13 8 1 356 348 349 1 12 18 18 15 14 14 15 16 18
251 251 249 248 248 248 248 249 249 250 250 251 251 252 254 255 256 256 257 259 259 256 253 255 260 261 258 259 260 260 261 0 0 0 0 249 246 246 245 241 240 242 0 0 0 0 0 0 0 0 0 0 0 0 0 0 0 0 347 356 9 18 20 12 1 0 356 347 342 355 11 18 18 15 14 13 14 16 18
250 249 248 247 247 247 247 247 248 249 249 249 249 250 251 253 254 254 255 257 257 256 253 252 254 257 256 256 257 255 252 0 0 0 0 252 248 245 245 239 234 233 239 252 0 0 0 27 17 11 0 0 0 0 0 0 0 0 345 352 5 12 9 4 360 1 357 345 329 342 4 14 15 14 13 13 14 16 18
248 248 247 245 245 246 246 246 247 247 247 247 247 248 248 250 251 252 252 253 254 255 252 249 248 249 249 250 253 252 248 248 0 0 0 255 251 243 240 237 233 231 234 247 253 0 259 19 15 9 3 11 0 0 0 0 0 0 0 0 358 7 360 351 351 360 358 341 326 340 357 8 12 12 11 11 13 15 18
247 246 245 244 244 244 245 245 245 245 245 245 244 245 245 247 249 249 248 247 247 253 254 249 243 242 242 244 248 250 248 247 0 0 0 254 252 245 0 236 231 225 226 234 248 294 303 13 19 14 4 10 0 0 0 0 0 0 0 0 351 3 357 344 340 357 359 344 335 346 357 5 10 10 9 10 13 15 18
245 245 244 243 243 243 243 243 243 243 243 242 242 242 242 243 245 246 244 243 239 248 253 249 243 240 237 237 241 246 249 248 0 0 0 253 252 257 268 274 266 249 236 228 232 262 298 355 14 16 9 0 0 19 0 0 0 0 0 0 0 340 359 352 351 360 358 345 342 354 3 7 9 8 8 10 12 14 18
243 243 242 241 241 242 242 242 241 241 241 240 239 239 239 240 242 241 240 237 233 235 246 248 244 240 234 231 234 241 245 247 247 0 250 251 257 267 280 285 284 280 277 264 267 250 344 359 7 13 12 1 8 13 7 0 0 0 0 0 0 0 331 327 338 348 343 339 341 357 7 10 9 7 7 9 12 14 18
242 242 241 239 240 240 240 240 239 239 238 238 237 236 236 237 239 238 236 233 231 227 239 250 241 237 235 229 227 233 239 243 0 243 245 247 257 273 282 282 283 285 285 284 285 294 356 355 0 8 11 5 7 12 9 357 0 0 0 0 0 0 320 313 303 312 319 332 351 6 13 15 10 6 6 9 11 14 18
240 240 239 238 238 238 238 238 237 236 236 235 234 233 234 235 236 235 234 234 237 244 255 251 244 239 235 231 224 224 230 0 0 242 245 247 259 275 281 283 285 284 283 290 296 324 355 359 1 4 9 9 7 9 9 4 0 0 0 0 0 0 320 314 302 307 315 340 5 17 18 18 12 8 7 9 11 13 17
238 238 237 236 236 236 236 235 234 233 233 232 232 231 232 233 234 233 233 237 243 252 253 246 246 242 233 230 228 227 228 235 243 247 251 256 267 276 281 285 285 284 295 319 331 341 352 4 5 5 8 11 8 6 8 9 358 0 348 339 0 0 0 0 305 307 296 352 20 27 25 18 13 10 9 9 10 12 17
236 236 235 233 234 234 234 233 231 230 229 229 229 230 232 232 232 231 232 236 240 241 243 239 244 246 236 226 227 232 234 237 243 251 258 267 274 278 283 285 280 283 320 353 351 346 353 7 7 6 8 11 10 6 8 10 360 349 346 343 0 324 0 0 0 309 290 20 50 51 37 21 13 9 8 8 9 12 16
233 233 232 231 231 232 231 230 228 227 226 226 227 229 231 231 231 230 231 234 235 233 234 232 240 252 252 236 228 231 234 238 244 250 256 263 270 276 282 282 273 273 331 6 358 352 356 3 5 7 7 9 9 5 5 7 3 352 350 346 334 324 319 0 0 0 299 0 80 78 47 19 8 4 3 5 8 11 15
231 230 229 228 229 229 229 227 226 224 223 224 226 229 230 229 229 229 231 233 236 240 247 240 244 263 265 251 238 233 233 237 242 247 252 257 262 269 276 279 0 270 315 359 3 354 350 351 358 4 5 3 1 358 357 1 6 358 354 346 337 329 326 0 0 0 0 0 113 85 46 12 0 356 355 0 5 9 14
227 227 226 225 226 227 226 225 223 222 222 223 225 227 228 227 228 229 232 235 241 248 251 247 252 260 264 251 239 233 233 238 244 248 251 254 256 260 267 276 282 285 311 346 4 0 350 346 349 355 359 357 352 350 351 357 2 359 351 345 342 333 326 320 0 0 0 0 248 140 26 4 358 352 347 355 3 7 13
224 224 222 222 224 225 223 222 221 221 222 223 225 225 225 225 226 228 232 237 242 245 241 237 236 251 261 245 231 229 230 234 241 246 249 251 253 255 262 284 307 312 321 339 358 1 353 347 345 344 350 352 350 348 350 354 355 352 346 344 346 335 326 323 0 0 0 0 0 271 282 343 355 349 342 352 0 6 11
221 220 219 219 222 221 220 219 219 221 222 223 223 223 222 222 224 228 232 236 239 239 235 227 225 233 244 262 235 230 228 226 231 236 244 249 253 258 275 327 337 330 329 337 350 355 352 347 343 339 343 347 348 346 346 345 345 348 348 346 347 349 337 328 326 0 0 0 0 0 288 315 338 347 342 350 359 4 10
217 217 215 216 219 218 216 217 218 220 222 222 222 221 220 221 222 226 230 232 232 233 229 225 225 230 254 289 262 239 234 229 229 235 245 250 257 267 340 7 352 336 329 332 340 344 343 342 341 338 339 344 344 342 340 339 341 346 348 345 348 352 347 330 320 312 0 0 0 0 0 309 327 344 341 347 357 3 8
213 213 211 212 215 213 213 215 217 220 221 221 220 220 219 219 221 224 227 228 228 226 228 230 238 253 267 274 265 241 236 237 238 243 249 252 258 275 2 15 358 340 329 325 327 329 333 338 339 337 337 339 341 340 339 338 339 341 343 345 351 356 351 350 333 306 0 0 0 0 305 303 319 333 334 345 354 1 6
209 208 207 208 210 208 210 213 217 218 219 219 219 219 219 219 221 224 226 228 231 235 243 253 261 261 265 266 263 244 232 238 246 250 253 256 262 283 343 5 351 341 330 320 319 325 331 336 338 338 337 338 339 339 338 337 337 338 342 347 352 359 358 352 350 300 298 0 0 0 0 305 319 324 327 342 353 359 4
205 204 203 203 205 204 208 212 215 216 216 217 218 219 220 220 222 225 228 232 237 248 258 261 257 260 264 264 260 249 237 240 246 250 256 264 281 301 339 348 338 334 324 317 319 323 327 333 338 338 338 338 338 338 337 336 335 338 343 346 349 357 2 356 1 311 309 317 321 0 0 0 315 320 327 344 352 358 3
201 200 199 199 200 201 206 210 212 212 214 216 218 220 221 222 225 228 232 236 242 247 249 248 247 255 262 263 257 246 237 238 240 245 257 278 299 320 342 331 330 331 324 320 320 320 323 329 337 340 340 340 340 338 336 333 333 335 339 344 349 354 0 6 14 325 319 313 310 316 313 312 315 315 330 347 352 357 2
197 196 195 195 196 198 203 206 207 209 213 217 220 221 222 224 227 232 235 239 242 242 240 241 244 251 259 260 252 241 232 233 236 245 273 297 311 328 332 323 322 324 324 322 320 319 321 328 336 341 343 342 340 336 333 331 332 336 340 345 348 352 358 5 13 316 283 303 305 305 311 315 318 315 336 348 351 357 2
193 193 192 191 192 195 200 201 203 207 213 219 222 223 223 226 230 234 237 238 238 237 238 242 245 252 257 254 243 236 230 231 236 259 298 309 311 317 324 317 312 315 319 320 319 318 321 328 336 342 344 343 340 335 331 330 332 336 340 345 348 351 355 0 359 340 315 315 308 308 307 305 308 319 338 349 352 358 3
190 189 188 188 189 192 196 197 200 206 214 221 224 224 225 228 232 234 234 234 235 236 241 247 252 255 256 248 235 230 231 235 254 292 314 318 305 304 306 306 306 309 315 318 317 318 321 329 337 341 344 343 340 335 332 331 333 337 341 346 349 351 353 355 356 351 341 322 303 303 299 302 313 329 345 353 354 360 5
186 186 185 185 186 189 192 194 199 206 215 221 225 226 228 231 233 232 232 231 235 241 247 254 257 255 250 242 233 229 232 252 290 310 318 317 301 301 299 300 303 306 311 314 315 316 320 329 337 341 343 343 340 336 333 332 334 338 342 347 351 354 356 357 356 352 345 339 331 319 314 320 331 342 355 359 357 2 6
182 183 183 182 182 186 190 194 200 208 215 222 226 229 232 234 234 232 232 231 235 243 256 261 260 255 245 237 232 231 238 288 311 311 313 312 298 297 295 298 303 305 309 311 311 313 318 327 335 340 343 343 341 338 336 335 337 340 345 350 354 358 360 1 0 356 350 345 342 340 339 343 349 357 5 4 1 5 9
178 179 180 179 178 182 188 195 202 209 216 223 229 233 237 239 238 236 236 236 240 248 262 268 262 258 245 233 229 231 245 293 308 308 313 314 303 297 295 298 304 306 308 309 308 309 314 323 333 339 342 342 341 339 339 340 342 345 349 353 358 1 4 6 5 1 357 355 354 353 353 357 2 9 12 9 5 9 12
175 176 177 176 174 180 187 195 203 211 218 226 234 239 243 244 244 242 242 243 252 263 270 270 265 259 248 235 228 231 247 277 293 303 314 315 308 305 299 300 303 305 307 308 307 306 311 321 331 337 340 341 341 341 342 345 349 353 356 359 3 6 8 10 10 8 5 4 3 2 4 8 14 19 18 13 10 14 16
171 173 174 173 171 178 185 194 204 213 222 232 241 246 248 249 249 248 246 248 258 272 273 269 267 256 248 240 234 236 249 267 284 298 312 313 315 310 300 301 302 305 307 307 307 305 310 320 329 335 338 340 341 342 346 351 357 2 5 8 11 13 14 15 15 13 11 11 10 10 11 15 21 24 22 17 16 19 21
167 169 171 171 167 174 180 192 205 216 228 240 250 254 253 252 252 249 248 250 261 269 268 260 255 246 241 236 236 244 255 274 289 297 312 316 316 300 300 303 304 305 307 307 308 306 309 318 326 332 336 339 341 344 349 357 5 11 15 18 20 21 21 20 19 17 17 17 18 18 18 21 26 28 24 21 21 24 25
163 166 169 168 163 170 177 192 207 220 235 252 262 260 256 253 251 247 246 252 262 273 273 245 224 235 243 241 251 256 269 289 297 309 314 316 311 299 303 307 308 307 305 307 310 309 310 317 325 331 336 339 342 346 353 2 11 19 23 25 27 27 27 26 24 23 22 24 26 26 25 27 30 30 27 24 26 28 29
160 163 166 166 156 168 177 193 209 226 248 268 271 263 255 250 244 239 239 252 265 288 307 200 220 270 285 280 286 286 278 296 313 327 313 310 305 299 307 312 310 308 306 307 308 309 313 320 327 333 337 341 345 350 358 7 17 25 29 30 30 30 30 31 31 29 29 30 32 32 32 33 34 33 29 28 30 32 33
157 160 163 163 147 165 176 194 211 233 264 281 273 262 252 244 234 231 233 254 266 333 106 181 289 310 313 311 302 307 301 324 344 327 320 308 294 300 310 311 308 306 307 309 311 313 319 326 331 335 339 343 349 356 5 15 24 30 33 33 32 32 32 33 35 36 35 35 35 35 36 37 38 36 32 30 33 36 37
153 156 159 159 138 162 174 194 214 240 278 284 267 256 250 239 222 215 211 213 317 88 132 199 297 312 327 314 306 323 332 355 344 333 335 325 304 304 310 308 304 303 308 313 317 321 327 333 336 338 341 346 354 2 12 21 29 33 36 37 36 35 34 36 39 42 41 39 37 36 37 40 41 40 35 33 36 39 41
150 153 155 155 128 157 169 191 211 241 285 283 258 245 248 235 209 202 169 119 67 155 186 273 294 289 296 308 320 326 328 331 345 339 331 322 309 308 311 306 302 304 311 318 323 329 335 339 341 342 345 351 0 10 19 26 31 34 36 38 39 39 39 40 44 47 46 43 40 38 37 39 42 43 39 36 38 42 44
147 149 152 151 117 149 159 178 191 221 297 288 256 236 250 202 176 169 133 161 164 196 261 300 310 318 326 334 333 334 336 341 345 336 319 313 308 310 311 305 302 308 316 323 329 336 342 346 348 349 352 359 10 20 27 31 32 34 36 39 41 42 43 45 48 50 50 48 44 40 38 38 40 42 41 38 40 44 46
144 146 148 146 108 139 143 155 157 143 336 310 268 234 258 157 145 131 127 134 131 224 286 301 325 15 27 358 342 341 345 353 346 325 301 301 305 311 310 305 307 314 321 329 337 344 352 356 358 360 4 13 25 32 35 36 35 35 37 40 43 45 47 48 50 51 51 49 47 43 40 39 40 42 42 40 42 45 47
141 142 143 141 104 128 124 131 127 84 14 340 281 221 155 120 131 135 138 103 358 239 250 275 28 55 48 17 355 352 1 6 341 309 295 293 303 311 311 308 312 319 328 338 348 356 4 9 12 15 22 32 39 42 42 40 39 38 40 43 46 49 51 51 52 51 50 49 47 45 42 41 42 43 43 41 43 47 49
137 138 139 135 105 116 105 108 100 69 35 15 12 169 150 133 141 159 174 347 331 211 186 103 77 70 48 21 4 3 17 7 327 309 306 303 304 312 314 313 319 326 337 350 0 8 17 26 32 36 41 45 47 46 45 44 42 42 44 46 49 52 54 55 54 52 50 47 45 43 41 41 42 44 44 43 45 48 50
133 134 134 130 104 105 94 94 87 71 62 73 94 118 132 130 137 161 173 351 6 107 88 88 81 71 47 24 16 12 10 347 325 314 316 310 300 312 326 332 337 345 356 9 17 21 28 41 51 53 52 51 49 48 48 47 46 46 48 50 52 54 56 57 57 54 50 46 43 40 38 38 41 44 45 45 47 50 52
130 129 130 125 103 99 90 89 83 80 83 90 94 100 121 132 133 125 106 64 90 81 73 80 74 61 42 31 30 21 349 303 325 339 344 323 304 350 8 13 21 29 32 38 42 39 40 50 59 60 57 53 51 50 50 50 51 51 52 54 55 56 57 58 57 54 50 46 41 38 36 37 40 44 46 47 49 52 53
126 126 126 119 100 96 90 87 84 86 90 91 89 93 113 139 139 89 54 137 123 77 73 76 68 54 39 35 35 21 352 329 343 16 47 69 60 55 47 42 48 56 58 58 61 59 56 59 63 64 60 56 53 52 52 54 55 56 58 58 59 59 59 58 55 52 49 45 42 39 37 38 41 44 48 49 52 53 54
124 123 122 113 97 95 90 87 86 88 88 84 78 74 86 147 156 48 27 154 150 86 78 75 63 49 41 35 20 351 8 49 80 102 120 96 77 73 67 59 62 68 71 72 73 70 67 67 67 66 63 59 57 56 57 58 60 61 62 63 62 61 60 58 56 52 49 46 43 40 39 40 43 47 51 52 54 56 55
122 121 118 109 96 94 90 88 85 84 80 72 63 59 62 137 158 51 23 168 172 106 85 74 61 51 49 45 38 30 29 65 98 119 116 97 85 83 80 74 72 75 77 78 78 76 73 70 69 67 64 62 61 61 62 63 64 65 65 65 64 62 61 59 55 51 48 45 43 41 40 41 44 48 53 55 58 59 58
120 119 115 106 96 95 91 88 84 80 76 72 66 61 62 73 143 41 39 152 169 122 88 73 60 57 56 52 47 40 40 82 110 113 104 96 89 87 85 83 81 80 80 79 79 77 74 72 70 68 66 64 64 65 66 66 66 66 66 66 65 63 61 57 53 49 46 43 42 42 41 42 45 50 55 59 61 63 62
119 117 113 106 97 96 91 87 83 81 82 85 80 73 74 66 58 59 62 117 142 105 87 73 56 62 60 55 51 38 30 130 115 103 96 94 90 88 87 86 85 84 83 81 80 77 75 73 72 70 69 68 68 68 68 67 67 66 66 65 64 62 58 54 50 46 43 42 41 42 42 42 45 51 57 62 64 66 65
119 116 112 104 96 94 89 85 83 84 93 96 90 83 89 88 83 98 89 97 101 87 86 80 69 73 66 59 55 41 42 145 107 97 93 91 90 89 88 87 86 86 85 83 81 79 77 75 74 72 71 70 69 68 67 66 65 64 64 63 61 57 53 48 45 42 39 39 40 41 42 43 46 51 58 64 67 69 69
118 115 111 103 94 93 89 87 86 92 96 91 85 84 101 103 105 100 92 90 89 85 90 93 92 83 75 67 61 51 60 130 100 95 91 88 87 86 86 86 86 85 85 84 82 80 78 76 74 73 72 71 69 67 65 63 61 60 59 57 54 50 45 42 39 37 37 37 40 43 45 47 49 54 60 66 69 71 71
118 115 110 103 96 95 93 91 93 96 90 85 81 89 106 98 99 89 85 87 89 90 95 98 96 88 83 78 74 85 91 110 100 93 90 85 83 82 83 83 83 84 84 83 81 79 77 76 74 73 71 68 65 62 58 56 54 52 50 48 46 44 42 40 38 38 38 39 41 44 47 50 52 56 62 67 69 71 73
118 115 110 104 98 98 97 98 99 97 90 87 89 95 103 93 88 82 83 85 89 92 95 96 94 92 91 91 94 106 103 102 99 94 90 84 82 79 79 79 79 80 80 80 79 77 76 74 72 69 66 62 57 52 48 46 44 42 42 42 42 43 43 42 41 40 40 40 42 44 48 51 54 58 63 68 70 72 73
118 115 110 104 100 99 100 101 100 97 91 89 90 93 92 84 80 79 83 86 88 90 91 91 90 92 96 101 108 107 101 100 96 93 88 83 81 78 76 75 75 75 74 74 73 72 70 68 66 62 58 54 50 47 44 43 42 42 42 43 44 46 47 47 45 44 43 43 44 45 48 52 56 60 65 68 70 72 74
118 115 110 104 100 99 101 99 94 92 88 88 85 83 80 78 81 84 87 89 89 88 88 88 90 92 97 101 102 100 97 96 91 87 83 80 78 76 74 73 72 71 71 70 70 68 66 64 61 59 56 54 53 51 50 50 50 51 52 53 54 55 55 55 52 50 48 47 47 48 50 54 58 62 66 69 70 72 74
119 116 112 107 104 101 101 96 90 87 87 87 84 79 74 76 82 87 89 90 90 88 87 87 90 93 96 97 95 95 95 93 89 87 85 84 83 81 80 80 79 80 80 80 79 77 75 73 70 68 65 64 62 61 61 61 63 65 67 67 68 67 66 63 59 56 54 53 53 54 55 58 62 65 68 70 71 72 74
120 117 113 109 106 102 98 92 87 86 85 85 84 81 78 79 82 84 86 88 89 89 88 88 89 89 90 90 90 90 91 91 91 90 90 90 89 88 87 87 86 86 86 86 85 83 82 80 77 75 73 71 69 68 68 69 72 74 75 75 75 74 72 69 66 63 62 61 61 61 63 64 66 68 70 71 72 73 74
122 118 114 109 107 102 97 90 85 84 83 84 84 83 80 81 82 83 86 88 89 89 89 88 88 88 89 88 89 89 90 91 91 91 91 91 90 89 88 87 86 85 85 84 82 81 80 78 76 74 73 72 70 70 70 72 74 75 76 76 76 75 74 72 69 68 66 66 66 66 66 67 69 70 71 72 73 73 74
124 121 117 111 109 103 96 89 84 82 82 84 84 84 83 84 84 84 86 88 89 90 89 88 88 88 88 88 89 89 90 90 90 90 90 89 88 87 86 85 83 82 81 80 79 78 76 75 74 73 72 72 72 71 72 73 74 75 76 76 77 76 76 74 73 72 71 70 70 69 70 70 71 71 72 73 73 74 74
