---
Vertical Velocity & Wind [kt] at 850mb Direction [deg] Valid 1900 NZST ~Z75~(0700Z)~Z~ TUE 6 Jan 2026 ~Z75~[79hrFcst@2119z]~Z~
Model= RASP Region= NZ Grid= d2 Reskm= 2.0 Indexs= 1 69 1 69 Proj= lambert 2000 2000 -35.0000 -42.0000 176.0000 -37.7968 175.7263
Day= 2026 1 6 TUE ValidLST= 1900 NZST ValidZ= 700 Fcst= 79.0 Init= 70 Param= press850 Direction Unit= cm/sec Mult= 1 Min= 0 Max= 360
297 301 303 304 300 297 293 289 285 283 282 289 291 294 297 299 300 298 296 293 286 286 287 287 289 299 308 317 320 322 320 318 315 309 306 307 311 312 305 310 307 286 273 277 277 262 261 276 272 265 265 263 263 265 271 275 274 271 271 272 264 266 267 267 267 271 276 280 279
304 311 307 308 303 300 295 291 286 283 281 288 288 292 295 299 301 300 299 297 290 292 295 294 294 303 313 321 325 326 326 325 322 314 309 305 303 302 292 300 301 280 273 285 291 283 279 291 284 272 268 263 261 262 269 274 274 269 269 270 262 265 267 267 266 269 273 276 276
310 316 309 308 306 303 298 293 288 284 282 283 286 289 293 296 298 299 298 298 297 300 303 306 307 311 318 325 329 331 332 333 330 323 315 304 298 294 292 292 295 289 282 285 289 290 290 290 285 276 269 261 258 259 267 272 272 268 266 266 265 266 267 267 268 269 270 271 271
314 320 310 308 307 304 299 294 289 286 285 285 287 289 291 294 296 298 299 299 300 304 309 313 316 318 325 331 334 337 341 343 342 337 331 318 303 290 288 278 292 291 287 287 288 288 286 282 278 272 266 259 254 253 261 270 269 267 266 265 265 266 267 267 267 267 267 267 268
318 322 311 309 309 307 302 296 292 291 290 290 290 290 291 293 297 299 300 303 306 309 313 319 322 327 334 337 340 345 350 353 352 352 349 341 319 293 284 269 272 287 291 290 285 279 274 271 270 266 261 255 250 250 258 266 267 266 265 264 263 264 265 265 265 265 265 265 265
323 326 313 311 311 309 305 299 295 295 296 297 295 293 293 295 299 300 302 307 312 314 319 326 334 341 345 348 353 357 360 1 0 3 5 8 5 333 306 281 271 277 282 280 273 268 265 263 263 261 257 252 249 248 258 263 264 265 264 263 261 260 261 262 262 262 262 262 263
333 336 315 312 312 310 307 302 299 299 303 305 303 300 299 302 306 308 310 315 318 321 327 334 342 345 347 355 3 5 5 6 8 12 14 13 8 356 333 300 279 270 271 268 264 262 261 262 260 256 252 249 247 247 259 264 265 266 267 265 262 260 259 260 260 260 260 261 262
344 345 317 313 313 312 308 303 301 303 309 312 311 310 309 312 318 320 322 323 324 326 331 340 347 349 355 6 13 14 11 11 12 16 18 20 20 15 3 323 268 261 260 258 257 257 259 261 258 252 254 258 254 250 261 267 268 269 269 267 264 262 260 259 259 258 259 260 261
343 341 319 313 313 314 312 306 304 308 314 319 321 320 317 317 321 324 327 328 329 332 336 346 354 360 9 19 21 24 22 19 20 21 22 22 22 19 13 348 271 254 252 253 255 258 262 263 260 256 260 265 265 256 262 268 269 268 267 265 264 263 261 259 258 257 258 258 259
349 348 323 316 313 317 319 311 308 314 318 324 329 327 323 322 322 324 327 329 333 338 343 352 2 10 17 25 28 31 31 29 29 29 28 28 27 23 17 2 303 268 263 265 268 271 272 272 271 269 265 262 266 256 264 269 270 269 267 265 264 263 261 259 257 256 256 256 258
2 2 328 319 315 321 322 316 315 319 323 328 331 330 325 322 322 325 328 330 334 341 346 351 358 7 14 21 30 34 36 37 37 36 35 35 35 34 32 26 1 319 301 298 297 295 291 287 284 282 270 254 247 241 268 273 273 270 268 265 263 262 260 257 255 255 254 254 255
15 14 330 321 318 327 325 321 323 327 329 333 334 332 328 323 322 325 328 330 332 336 340 342 346 353 1 7 15 25 32 36 38 39 38 38 37 35 32 23 5 342 329 322 315 309 302 297 291 287 280 263 249 255 277 277 274 270 267 265 262 260 258 256 254 253 252 252 253
29 26 331 322 322 332 332 330 333 337 339 340 338 335 330 325 323 326 329 330 330 333 335 337 338 340 345 349 354 2 11 19 25 27 27 25 22 15 6 356 344 333 327 322 316 310 304 300 295 290 286 278 274 274 283 279 276 272 266 264 261 258 256 255 254 252 251 251 252
28 34 335 327 329 339 344 343 344 348 349 347 343 338 334 330 329 331 333 333 332 334 336 338 339 339 339 340 342 343 346 353 3 8 8 6 0 352 345 340 334 328 325 320 312 306 301 299 296 292 290 287 291 286 282 275 273 270 266 262 259 256 254 254 253 251 249 249 250
18 28 340 338 343 352 357 355 356 359 357 355 350 345 341 339 338 340 340 339 337 338 339 341 342 342 341 340 339 336 333 334 342 349 352 354 352 348 343 339 335 332 329 322 311 301 297 297 295 293 290 288 294 289 278 266 265 265 264 261 258 256 253 252 252 251 248 247 247
356 13 347 352 2 8 5 3 8 9 4 1 357 351 347 346 348 348 346 341 339 338 338 340 342 343 343 343 343 339 332 326 326 330 334 339 345 345 343 340 339 336 333 324 309 297 294 297 297 295 293 291 289 281 274 259 256 259 261 261 258 257 255 252 252 250 246 244 244
335 355 352 2 14 22 15 13 16 16 11 4 359 354 350 349 348 346 342 337 334 333 332 334 338 342 344 346 347 344 337 326 319 320 323 329 339 343 344 344 343 340 334 324 310 298 296 297 298 297 295 290 279 270 266 259 255 257 259 261 259 258 258 255 253 250 247 244 244
331 354 356 11 22 32 27 20 20 21 14 6 359 354 350 347 342 337 333 328 327 328 328 329 334 339 345 351 353 348 341 333 325 323 326 335 342 346 348 348 347 344 339 328 316 303 298 296 293 288 282 277 269 260 257 257 256 257 259 261 260 259 259 257 254 252 249 246 246
333 344 355 13 27 32 35 27 24 25 20 10 3 359 355 350 342 335 328 323 323 326 326 327 333 342 352 0 0 355 351 349 346 346 349 352 353 352 352 352 351 348 343 332 321 308 294 284 275 269 267 267 266 260 257 257 257 256 257 260 261 260 259 258 256 254 252 251 250
315 310 332 4 23 27 32 31 25 24 22 12 7 5 1 357 350 341 330 322 323 327 328 330 336 351 4 8 12 8 8 10 11 11 7 3 359 357 356 355 353 349 344 333 320 300 267 255 259 262 264 267 269 266 260 257 256 254 254 256 259 260 259 259 258 256 255 254 252
307 297 313 345 9 15 22 24 24 15 16 7 1 359 358 359 356 349 338 327 324 329 334 337 344 4 9 19 27 20 19 19 19 15 11 8 4 1 359 357 354 350 343 327 304 272 255 249 254 261 264 267 270 269 264 259 256 253 251 252 254 256 258 258 258 257 256 256 254
301 291 302 322 346 358 6 7 10 5 6 1 355 351 349 353 356 356 349 337 327 328 336 347 354 7 12 19 29 28 22 20 20 17 16 14 10 6 2 358 354 347 337 305 278 250 241 248 256 262 264 266 269 270 267 263 260 256 253 252 252 253 254 255 256 256 256 256 255
301 293 304 313 331 344 350 346 353 352 353 347 346 345 343 344 350 355 356 348 337 330 330 338 349 3 17 27 33 31 25 21 20 20 22 20 16 12 6 360 351 336 316 276 248 249 252 255 259 263 264 266 268 269 267 264 262 259 256 253 253 252 252 253 254 256 256 256 256
310 311 314 313 324 325 329 331 332 337 337 333 333 337 339 337 340 346 352 351 345 336 328 326 323 332 358 21 28 27 25 22 19 21 24 24 22 18 12 4 346 314 261 269 256 258 266 262 260 262 264 264 265 266 266 264 262 260 258 255 253 253 253 253 254 255 255 255 256
347 24 337 330 336 332 330 325 324 331 335 334 331 332 336 335 331 331 335 339 341 339 334 331 323 314 317 352 15 19 21 23 21 22 26 27 26 22 17 7 334 280 254 270 272 265 261 261 262 262 263 263 263 264 263 262 261 260 259 257 255 255 255 254 255 255 254 254 255
18 51 337 330 337 336 332 325 324 332 340 338 334 333 334 334 330 324 320 320 325 331 332 334 335 322 304 307 347 7 16 22 25 25 27 30 30 26 20 2 310 273 279 272 271 265 264 264 264 263 262 261 262 262 261 259 258 258 258 257 257 256 256 256 256 255 255 255 255
11 46 328 325 330 332 332 327 325 331 341 342 339 335 333 333 331 327 319 311 309 315 323 330 336 336 320 298 317 357 12 18 25 27 29 31 34 32 22 323 287 288 276 267 265 263 263 263 263 263 262 261 261 260 260 257 256 256 255 255 256 256 256 256 255 255 255 255 255
313 328 314 318 323 328 330 327 324 329 341 346 344 340 336 334 332 330 323 313 304 302 314 328 335 337 335 319 315 357 9 13 22 27 29 33 37 38 28 278 218 258 266 260 261 263 264 264 264 263 262 261 260 259 259 256 253 253 253 253 254 254 255 255 254 254 254 254 253
297 300 307 316 321 326 327 324 322 330 342 348 348 345 341 336 334 332 326 317 306 297 309 329 338 337 341 345 345 7 7 7 13 22 30 37 42 45 30 265 229 252 265 254 259 265 267 266 264 262 261 260 259 258 257 256 253 251 251 251 252 253 254 254 253 253 252 252 252
293 295 304 315 321 324 325 323 322 332 344 349 349 348 346 341 336 333 329 320 310 299 310 330 340 341 346 350 344 355 3 3 4 18 35 43 50 54 17 271 244 268 262 248 257 263 264 264 263 262 262 261 259 257 256 256 254 251 250 250 250 251 252 253 253 252 251 250 250
292 295 302 311 319 323 324 323 324 334 346 350 350 350 349 346 341 336 331 324 314 304 318 335 344 351 351 351 348 351 5 10 9 19 38 51 61 70 67 280 264 273 251 248 258 259 261 262 262 262 262 261 259 257 255 254 254 253 250 249 249 250 251 252 251 251 250 249 248
296 299 303 309 317 322 324 324 326 335 347 351 351 351 351 351 347 342 336 328 320 314 331 340 349 0 4 7 16 20 17 21 22 25 27 43 66 79 100 131 269 261 251 252 258 259 262 263 262 261 260 259 258 257 255 253 253 254 252 250 248 248 248 249 249 249 249 248 247
306 310 305 309 316 322 324 326 329 336 346 350 350 351 352 354 353 348 341 335 329 334 344 346 354 0 6 15 26 28 26 30 31 29 19 10 45 107 157 184 219 254 254 252 256 257 260 262 262 261 259 258 256 255 254 253 250 251 253 252 249 247 246 247 248 248 248 247 246
304 306 306 310 317 323 326 327 332 337 344 347 349 350 352 356 358 355 349 346 348 356 355 351 354 358 360 359 6 18 27 32 34 32 27 21 6 298 255 230 217 244 254 254 255 254 256 259 258 258 258 257 255 254 253 253 251 246 249 251 251 249 247 247 247 247 246 245 245
302 304 306 311 318 324 327 328 333 339 343 345 347 350 352 356 0 2 1 3 10 6 3 360 355 354 355 358 5 20 29 33 36 35 31 29 35 41 335 255 242 243 253 255 255 255 252 254 253 253 254 254 254 253 253 252 253 248 246 247 248 248 247 247 247 246 245 244 243
302 303 307 311 318 325 328 329 335 340 343 343 347 350 351 355 1 7 13 20 13 4 4 5 2 1 6 11 15 21 27 33 39 38 31 20 12 97 243 259 271 256 252 252 253 252 249 250 249 248 249 249 250 251 251 251 252 250 246 245 246 246 246 245 245 244 244 243 242
300 301 307 312 318 324 328 331 336 342 345 344 348 350 349 352 359 10 20 23 10 4 4 3 3 8 16 20 20 22 25 31 40 39 27 352 283 241 232 244 268 255 251 250 250 247 247 247 247 246 246 246 247 248 248 248 249 249 247 245 245 245 244 243 243 243 242 242 242
304 305 308 311 316 322 327 332 338 343 345 345 349 349 348 349 355 9 24 28 21 17 12 5 2 6 12 18 21 23 25 33 43 42 323 247 243 219 206 220 236 243 245 246 246 244 243 243 245 245 244 244 244 245 245 245 245 246 246 244 244 244 243 243 241 241 241 241 240
305 306 308 311 314 319 326 331 336 341 344 344 348 349 348 347 350 7 30 40 37 33 25 16 11 11 14 18 27 36 39 47 91 168 160 162 191 208 202 214 227 235 240 242 244 244 242 242 242 242 241 241 241 241 242 243 243 243 243 242 242 242 242 242 240 240 239 239 239
307 307 309 311 314 318 324 328 331 337 344 345 348 350 349 347 346 359 23 37 40 42 39 31 21 13 12 17 31 50 60 150 183 164 146 142 165 187 198 219 228 231 237 243 245 244 242 241 241 241 240 239 239 239 239 240 241 240 240 240 240 240 240 240 239 238 238 237 237
308 309 310 312 314 318 322 326 326 332 342 347 350 352 353 353 351 360 25 43 47 50 49 37 22 10 3 359 10 82 181 194 174 158 157 166 189 203 218 231 232 232 238 244 244 243 242 242 243 242 240 238 237 237 238 238 239 239 238 238 237 238 238 237 237 236 236 236 235
309 310 312 314 316 319 322 325 322 325 335 346 352 353 356 2 5 7 27 45 48 49 45 25 6 355 351 339 273 231 229 212 173 162 166 181 210 235 242 245 240 236 239 241 241 241 242 243 243 241 239 237 237 236 237 237 237 238 237 236 236 236 236 235 235 234 234 234 233
311 312 314 316 318 322 324 326 320 318 322 335 352 354 357 8 11 0 4 25 31 27 13 349 337 334 330 306 263 273 288 278 203 163 138 177 219 243 248 246 243 241 238 238 240 241 241 241 241 239 237 236 235 235 235 236 236 237 236 235 234 234 234 234 233 232 232 231 231
314 314 317 319 322 325 328 329 324 316 308 310 346 355 354 353 352 350 345 354 3 355 336 322 319 320 312 290 292 324 289 281 231 212 214 230 232 237 239 236 234 236 235 237 239 240 240 239 237 235 234 233 233 233 233 234 235 236 236 235 233 233 232 232 232 231 230 229 228
317 318 321 324 327 330 333 334 332 321 305 287 317 350 347 314 259 297 341 350 352 338 313 304 306 299 285 286 293 295 239 257 245 240 261 267 249 232 228 223 222 227 232 235 237 238 237 236 233 231 231 231 231 231 231 232 233 234 234 233 232 231 230 230 230 229 228 227 226
320 322 326 329 331 333 334 335 339 332 313 291 284 338 346 316 252 242 262 306 332 317 296 283 286 277 276 275 259 233 201 195 262 267 272 263 240 234 224 212 217 225 230 233 234 235 234 233 230 228 228 229 230 230 230 230 231 232 232 231 229 228 228 228 228 227 225 224 223
323 325 331 335 336 334 331 333 343 345 327 307 281 322 350 335 264 241 246 257 277 279 277 269 274 270 295 270 219 208 182 183 282 272 264 244 234 236 222 207 216 221 224 226 227 228 228 228 227 227 227 228 228 228 228 229 229 229 229 229 227 225 225 225 225 224 223 222 221
326 329 335 341 341 333 326 327 342 351 342 322 302 304 342 347 291 247 248 255 264 267 268 267 277 281 314 297 217 235 250 291 282 267 257 230 218 227 219 202 209 217 222 221 219 220 222 223 224 226 227 228 227 226 226 226 226 226 226 225 225 224 224 224 223 222 221 220 219
331 333 339 346 344 332 323 319 325 336 339 333 317 294 297 338 323 265 253 254 259 264 276 282 301 311 321 311 263 258 280 268 275 268 269 242 201 213 215 199 199 211 221 219 214 214 217 220 222 225 227 227 226 224 224 223 223 223 222 222 223 223 223 223 222 221 221 220 218
334 335 340 345 342 332 322 314 310 315 319 324 321 298 272 296 329 303 270 257 256 259 275 296 315 320 323 318 286 269 264 227 268 262 259 246 209 210 212 191 193 204 217 216 211 211 215 218 220 223 225 226 225 223 221 221 220 219 218 219 220 221 222 222 221 220 219 218 216
332 331 339 342 339 331 320 310 305 312 320 321 320 302 267 265 291 315 312 278 258 261 277 303 317 322 330 341 350 347 193 209 248 246 245 234 217 212 207 187 190 200 210 212 207 207 211 215 217 219 221 222 222 220 219 217 216 214 213 214 217 219 220 220 219 218 217 216 214
340 339 340 339 336 329 317 307 301 310 325 330 328 304 274 260 273 309 325 314 290 298 307 315 325 340 355 3 8 25 187 224 226 232 232 219 210 210 201 186 192 199 205 206 203 203 206 209 211 213 216 218 217 216 215 213 211 209 208 210 213 215 217 217 217 216 214 213 212
344 343 342 338 333 327 316 306 299 309 326 338 333 317 291 263 260 284 324 338 349 347 343 350 24 28 25 22 23 31 220 226 220 222 217 203 205 206 198 192 197 201 203 202 200 200 202 204 206 208 211 213 212 211 209 207 204 203 204 206 209 211 213 214 213 212 211 210 209
347 347 345 340 334 327 318 308 300 311 330 339 336 328 304 276 261 268 315 331 341 353 0 22 45 57 57 61 88 165 204 215 213 210 200 193 199 202 198 197 201 203 202 200 202 203 204 206 207 207 207 207 206 205 202 200 198 199 201 203 206 208 209 210 209 209 208 208 207
350 350 349 344 337 330 324 313 302 308 320 328 334 330 315 295 281 277 306 310 314 345 28 62 72 82 92 113 135 164 192 202 202 198 190 188 195 197 195 198 202 203 202 200 203 206 207 208 208 206 203 201 200 199 197 195 194 195 198 200 203 205 206 206 206 206 206 205 204
353 353 352 349 344 338 332 318 304 301 301 302 311 318 320 310 299 299 310 296 300 338 52 93 96 102 115 129 142 161 182 195 194 191 188 186 192 197 195 197 204 205 197 194 201 204 205 205 204 202 198 195 193 193 192 190 190 192 195 198 200 202 203 203 203 203 203 203 202
356 356 357 354 351 343 335 321 304 293 287 283 284 291 316 343 330 320 320 306 319 341 67 102 109 111 122 133 145 160 177 189 189 187 185 181 190 198 196 197 204 197 193 194 198 200 199 199 198 196 193 191 189 188 186 185 184 187 191 194 197 199 200 200 201 201 201 201 200
0 2 2 359 353 341 329 315 295 279 275 276 278 290 322 5 13 19 21 0 5 50 80 101 118 119 126 137 148 162 176 184 186 187 184 180 184 191 192 187 167 178 180 187 193 192 191 192 192 191 189 188 186 185 182 180 179 181 186 190 194 196 197 198 199 199 199 198 197
3 2 1 356 347 329 313 293 267 255 260 271 282 328 31 47 47 50 49 41 54 76 91 117 132 131 133 140 152 165 176 183 187 187 184 182 183 184 186 183 148 125 155 178 188 188 186 187 188 186 185 183 183 183 181 177 175 176 181 186 190 193 194 195 196 197 197 196 195
6 3 356 349 336 307 279 254 236 233 247 263 17 53 67 71 55 49 49 53 62 83 113 134 140 141 141 146 156 167 176 183 184 183 179 179 182 180 174 172 135 131 153 171 183 186 185 185 185 184 181 179 179 180 179 176 173 173 177 182 186 189 191 192 193 194 194 194 193
13 5 344 331 314 265 230 218 217 222 235 223 89 80 86 90 80 67 63 57 63 85 113 134 143 147 149 153 160 169 175 181 178 175 173 174 178 173 161 154 147 143 152 165 177 182 183 183 182 181 179 177 177 177 176 174 172 171 173 177 181 185 187 189 190 191 192 192 191
8 351 325 303 272 220 206 204 207 212 210 159 111 97 100 111 111 90 67 56 61 77 102 129 143 149 154 159 165 171 175 178 173 168 168 171 172 161 143 139 136 141 149 160 170 177 180 181 179 178 177 176 175 174 173 171 170 170 171 173 177 180 184 186 188 189 189 190 190
7 338 289 236 209 198 196 200 204 206 195 160 132 119 121 128 115 83 57 48 53 72 98 126 143 151 157 162 166 170 174 173 169 169 170 171 165 147 138 139 129 140 154 162 167 173 177 179 178 177 176 175 174 173 171 168 168 168 169 171 174 177 180 183 185 186 187 188 188
340 299 248 207 190 189 192 198 203 201 190 173 158 149 143 135 115 72 52 55 64 81 99 124 144 153 159 163 167 171 172 169 167 170 171 167 157 144 140 144 132 138 155 164 169 172 175 178 177 176 175 174 174 173 171 168 168 169 169 170 172 175 177 180 182 184 185 186 187
266 256 226 196 188 191 193 196 199 198 192 184 176 171 165 161 158 127 95 102 102 101 105 123 143 156 162 164 165 167 168 166 165 167 172 169 158 148 143 146 150 159 167 169 170 171 174 177 177 175 174 173 173 172 172 170 170 170 170 171 172 174 175 178 180 182 183 184 185
243 235 212 194 190 191 195 200 203 200 192 185 180 176 172 170 169 160 151 136 123 116 117 128 142 155 163 166 167 168 167 164 162 163 163 160 153 146 141 143 149 160 167 169 170 171 173 175 175 174 173 172 172 172 172 171 170 169 170 170 171 172 174 176 178 180 181 182 182
241 231 201 188 188 192 198 203 204 201 195 189 184 180 176 170 164 164 154 133 121 117 122 132 146 157 165 168 169 170 168 164 159 159 156 151 144 140 138 143 150 161 167 169 170 171 172 173 174 173 172 172 172 172 172 171 170 169 169 170 170 171 173 174 176 178 179 180 180
229 212 201 186 186 192 199 204 206 205 202 196 192 188 185 178 173 170 143 119 107 112 116 137 152 160 166 170 171 171 169 164 152 152 152 144 136 134 133 146 154 166 168 169 170 170 170 171 172 172 172 172 172 172 172 171 170 169 169 169 170 171 172 173 174 176 177 177 178
230 217 201 188 189 194 200 207 211 212 210 207 204 200 194 188 186 182 146 96 89 103 115 145 160 166 169 171 172 173 170 165 149 143 142 135 131 130 131 145 153 165 166 167 168 169 168 169 170 170 171 172 172 172 172 171 170 170 169 170 170 171 171 172 173 174 175 176 176
