---
Vertical Velocity & Wind [kt] at 850mb Direction [deg] Valid 1800 NZST ~Z75~(0600Z)~Z~ TUE 6 Jan 2026 ~Z75~[78hrFcst@2119z]~Z~
Model= RASP Region= NZ Grid= d1 Reskm= 6.0 Indexs= 1 79 1 99 Proj= lambert 6000 6000 -35.0000 -42.0000 176.0000 -38.5000 176.0000
Day= 2026 1 6 TUE ValidLST= 1800 NZST ValidZ= 600 Fcst= 78.0 Init= 70 Param= press850 Direction Unit= cm/sec Mult= 1 Min= 0 Max= 0
252 252 250 250 252 258 265 270 271 274 281 290 297 302 309 314 318 321 322 323 324 324 324 324 324 323 322 321 319 317 316 316 316 317 316 315 314 315 316 315 312 311 309 308 306 305 305 304 303 303 302 301 300 299 298 297 295 295 294 294 294 293 293 292 292 292 292 292 293 294 295 297 301 305 311 317 324 329 333
253 251 247 246 246 250 256 263 269 274 278 292 306 310 314 317 320 322 324 325 326 326 326 325 325 324 322 321 319 317 315 314 313 312 312 311 310 310 311 309 306 304 303 302 302 301 301 301 301 300 300 299 298 297 296 295 294 293 292 292 292 292 291 291 291 290 290 290 291 291 292 294 298 303 310 317 324 330 334
254 250 247 245 245 248 253 259 266 274 284 295 304 310 315 319 322 324 326 327 327 327 327 327 326 325 324 322 320 317 315 315 313 312 310 307 304 303 304 303 302 300 299 299 299 300 299 299 299 298 298 297 296 294 293 292 291 290 289 289 289 289 288 288 288 288 289 289 290 290 290 291 295 301 309 318 325 331 336
254 250 247 245 243 245 250 254 259 270 292 304 308 312 317 321 324 325 326 327 328 328 328 327 327 325 325 324 322 319 316 321 323 325 319 311 306 304 303 300 300 299 299 300 301 301 300 299 299 298 297 296 293 291 289 288 286 285 284 284 284 284 284 284 285 286 288 290 292 292 290 289 292 299 312 321 327 333 337
253 248 244 245 243 245 251 254 256 262 292 311 314 317 320 322 323 325 326 327 328 329 328 327 326 325 325 324 321 318 317 340 67 59 57 18 341 325 317 311 315 321 317 308 304 303 302 301 301 300 298 295 292 290 288 286 284 282 281 280 279 279 280 280 281 283 288 292 294 292 289 288 292 301 319 330 331 335 339
251 243 239 243 243 245 256 264 268 266 275 305 312 314 317 319 321 323 325 326 327 327 327 326 325 324 323 322 319 317 312 304 288 51 58 324 310 305 299 294 294 295 293 302 304 305 305 305 305 304 301 298 295 293 291 289 288 286 283 281 280 280 280 279 279 283 287 290 291 289 285 284 290 303 323 335 334 337 340
13 237 231 240 241 246 261 282 286 285 283 300 311 314 317 319 321 323 324 325 327 327 326 325 324 323 322 320 319 316 312 308 305 152 275 304 305 303 300 295 293 294 296 305 308 308 308 308 307 304 301 299 297 295 293 291 289 287 284 282 280 280 278 277 278 282 286 288 287 282 275 275 282 303 325 337 336 338 341
350 332 291 257 240 252 275 299 304 301 300 305 311 314 316 317 319 321 323 324 326 326 325 324 323 321 320 319 316 314 309 304 296 271 295 307 309 308 306 303 301 303 307 313 314 312 311 309 307 304 302 301 299 297 295 292 290 287 284 281 279 278 276 275 276 280 283 283 279 272 265 267 277 308 328 337 336 339 341
292 297 294 292 290 290 292 297 300 302 302 305 308 311 314 316 318 320 322 323 325 325 325 323 322 320 319 317 315 312 308 303 298 294 304 310 311 310 307 305 305 308 312 316 317 315 313 311 308 306 305 303 301 298 295 292 288 284 282 279 277 276 275 274 275 278 279 277 271 263 257 264 277 312 326 334 335 338 341
283 287 289 288 287 288 290 293 295 298 300 303 307 310 312 315 317 319 321 323 324 324 324 322 321 319 317 316 314 311 307 303 300 300 306 311 311 310 308 305 306 310 315 319 320 318 314 311 309 308 306 304 301 298 295 291 286 282 280 278 276 274 274 274 275 275 273 268 261 253 251 261 278 308 319 334 335 337 340
280 283 286 287 288 289 290 292 295 297 300 303 306 309 312 314 316 318 320 322 323 323 323 322 320 318 317 315 313 310 307 304 302 303 307 310 310 309 307 306 308 313 319 322 322 318 313 312 311 309 305 301 298 296 293 290 285 281 278 276 275 274 274 273 273 270 265 258 248 241 242 255 278 309 322 336 335 336 338
278 281 284 287 288 290 291 293 296 298 301 303 306 309 311 313 316 318 319 321 322 322 322 321 319 318 316 314 312 310 307 305 304 304 307 310 309 308 307 306 309 316 324 325 323 319 314 312 311 305 299 296 295 292 290 288 285 282 279 276 274 273 273 271 269 264 257 247 236 230 231 243 273 310 321 331 333 335 337
277 280 283 286 288 290 292 294 296 298 300 303 305 308 310 313 315 317 319 320 321 321 321 320 319 318 316 314 311 309 307 306 305 305 306 309 309 308 307 307 309 317 326 327 324 320 315 311 306 299 294 294 295 293 288 285 283 282 279 276 273 272 270 267 263 257 248 235 225 221 224 234 260 303 311 325 330 333 335
276 279 282 285 287 289 291 293 295 297 300 302 305 307 309 312 314 316 318 319 320 320 320 320 319 318 316 313 311 309 308 307 306 305 306 307 308 308 307 308 310 318 326 327 326 319 315 310 302 296 294 296 299 298 292 286 281 279 277 274 272 269 266 261 254 247 236 224 215 215 223 239 262 296 303 324 329 333 334
275 278 281 284 286 288 290 292 294 296 299 301 304 306 309 311 314 316 318 318 319 319 319 320 319 317 315 313 311 310 309 308 307 306 306 306 307 307 308 309 312 317 325 328 330 319 313 308 300 297 298 302 305 304 298 290 282 277 273 271 269 266 260 253 245 235 224 213 208 211 223 245 273 300 310 328 330 332 333
274 277 280 282 285 287 289 291 293 295 298 300 303 305 308 311 313 316 317 318 318 318 319 319 319 317 315 313 312 311 311 309 308 306 305 305 306 307 310 312 314 318 325 329 335 320 308 303 299 302 307 308 308 305 300 293 285 278 272 267 263 257 250 241 233 223 212 204 204 212 227 250 276 304 313 327 329 331 332
273 276 279 281 284 286 288 290 292 294 297 299 302 305 308 311 313 315 316 317 317 318 319 319 319 317 315 314 313 312 311 310 308 306 305 305 306 308 312 314 315 319 324 328 335 322 297 294 298 311 319 312 306 302 301 298 290 280 272 262 253 243 234 225 218 208 200 198 204 218 238 266 285 309 311 324 328 330 332
273 276 278 281 283 285 287 289 291 294 296 299 301 304 307 310 313 315 316 316 317 318 319 319 319 317 316 315 314 313 311 309 308 306 304 304 306 309 313 316 320 323 325 326 329 306 281 293 304 316 326 315 306 302 303 302 296 283 267 253 239 225 216 209 202 194 191 195 206 226 253 283 296 311 309 322 327 330 331
273 276 278 281 283 285 287 289 291 293 296 298 301 304 307 310 313 314 315 316 316 317 318 319 319 318 317 316 315 312 310 308 307 306 304 304 307 310 313 319 327 328 326 322 307 285 284 313 324 331 335 324 309 306 308 305 296 278 255 236 219 207 199 192 186 183 187 199 218 243 268 290 297 308 304 318 326 329 330
274 276 278 281 283 285 286 288 291 293 295 297 300 304 307 310 313 314 315 315 316 317 318 319 319 319 319 317 315 312 309 307 306 305 305 305 307 309 316 327 331 323 327 321 292 264 302 341 356 7 357 328 306 317 323 313 289 259 229 206 191 182 177 173 174 180 192 211 237 262 277 290 292 302 295 313 324 328 330
274 276 278 281 283 285 287 288 291 293 295 297 300 304 307 310 313 314 314 314 315 316 318 318 319 320 320 319 316 312 309 306 304 305 307 306 310 313 318 331 326 326 342 328 283 262 316 353 8 17 12 340 288 322 336 325 249 192 172 164 160 157 158 162 171 185 206 232 254 270 279 288 288 297 288 312 324 328 329
274 277 279 281 283 285 287 288 290 292 294 297 300 304 307 310 313 314 314 314 315 316 317 318 319 321 322 320 316 312 309 306 303 304 307 309 316 318 322 332 303 317 347 346 271 301 319 332 358 17 24 25 249 235 257 234 180 146 145 145 145 146 152 161 176 198 224 248 264 275 280 288 287 295 285 311 324 328 329
275 277 279 281 283 285 287 289 290 292 294 297 300 304 307 311 313 314 313 313 314 315 316 317 318 322 323 320 316 313 310 307 303 303 307 313 321 323 322 317 255 271 312 261 327 330 328 324 1 24 27 36 8 236 241 222 193 158 149 148 148 150 156 167 185 210 235 256 269 279 283 289 286 293 282 310 324 329 330
275 277 280 282 284 285 287 289 290 292 294 297 300 304 308 312 314 314 313 313 314 315 314 316 317 321 322 320 316 313 312 310 307 306 309 314 322 326 312 278 230 222 217 233 7 17 1 312 313 348 17 40 21 318 246 220 201 181 165 160 159 161 167 177 194 216 238 257 270 280 283 288 284 291 279 310 325 329 330
275 278 280 282 284 285 287 289 290 292 294 297 301 305 309 313 314 313 312 313 315 315 314 315 316 322 323 321 316 314 316 318 316 312 312 317 321 326 306 248 229 217 215 246 299 301 298 262 306 344 355 18 25 18 240 208 200 194 185 177 174 174 178 187 201 219 238 255 268 278 281 286 282 291 279 312 326 330 330
276 278 280 282 284 286 287 289 291 292 295 297 301 305 311 315 315 312 311 312 314 316 315 316 318 324 325 324 320 317 320 324 323 316 314 319 323 325 284 227 223 223 214 248 276 261 254 237 310 327 317 315 348 14 121 181 193 199 200 197 191 186 187 194 206 222 238 253 265 274 278 284 281 291 281 314 327 331 331
276 278 280 283 284 286 287 289 291 292 295 298 301 307 313 316 314 312 310 311 314 316 316 317 320 329 330 330 327 322 321 321 321 316 315 322 325 318 233 229 233 234 217 235 275 264 248 259 292 313 308 291 287 302 72 129 163 179 190 195 192 188 190 200 213 227 240 252 262 270 274 281 279 290 281 316 328 332 331
276 278 280 283 284 286 287 289 291 293 295 298 302 309 316 317 314 311 310 310 312 314 315 316 323 333 338 335 329 322 317 312 314 313 317 325 312 259 221 226 230 238 236 248 281 266 253 267 288 302 304 291 277 268 263 182 144 153 161 170 180 189 200 212 223 233 243 251 256 263 268 276 276 290 281 316 329 332 332
276 278 280 282 284 285 287 289 291 293 295 298 304 313 319 318 314 311 309 308 307 309 312 318 330 340 343 336 328 321 313 303 305 305 311 309 262 231 221 219 225 230 239 255 285 280 260 265 286 298 299 294 286 273 262 249 217 180 173 180 192 204 216 225 233 239 244 248 250 256 261 271 274 288 280 315 329 333 333
276 278 280 282 283 285 287 289 291 292 294 298 306 316 320 318 314 312 308 305 303 306 312 323 337 345 345 333 322 312 305 296 295 291 296 281 252 218 196 201 224 236 239 251 274 292 267 268 291 304 306 307 303 294 278 263 251 237 221 214 216 221 227 234 239 243 245 245 245 249 255 265 269 285 279 313 329 334 333
276 278 280 282 283 285 286 289 291 292 294 298 308 319 322 319 315 311 308 306 305 309 319 330 341 347 337 324 312 291 294 291 283 274 272 269 255 245 218 205 217 243 252 250 260 284 267 243 274 322 319 320 321 315 300 284 266 253 244 237 233 233 235 238 242 244 245 244 243 245 249 258 263 279 276 311 329 335 334
275 277 279 281 282 284 286 288 290 291 293 297 312 324 325 321 317 314 314 315 316 321 327 333 343 348 324 312 302 283 289 286 272 267 266 266 260 253 246 242 247 261 262 254 253 264 227 171 146 1 344 346 347 336 323 316 297 269 254 247 243 240 239 240 242 242 242 242 241 242 245 252 257 273 272 308 329 335 335
275 277 279 280 281 283 285 287 288 290 293 298 318 330 327 326 325 323 322 322 322 325 328 328 334 333 301 288 284 282 293 288 273 269 260 247 239 241 243 244 248 245 245 246 241 228 183 151 115 6 0 6 2 345 342 347 340 311 278 261 252 246 242 240 239 238 238 238 238 240 243 249 252 266 266 306 329 336 336
274 276 278 279 280 282 283 285 286 289 292 298 333 338 333 340 340 330 319 313 317 321 324 329 336 325 282 259 257 271 284 270 255 253 243 228 221 230 236 231 228 213 222 230 233 217 190 165 128 349 326 338 353 347 347 355 351 334 310 287 270 257 247 241 238 236 235 236 236 237 239 244 247 260 258 306 331 338 337
273 275 277 278 279 280 282 283 284 285 284 286 326 309 322 332 331 318 303 304 316 334 345 348 345 348 330 279 252 262 264 268 0 0 245 227 220 228 232 213 198 205 216 221 229 228 216 214 222 295 291 313 336 1 2 7 2 346 323 306 285 268 254 244 238 236 236 235 233 231 232 237 240 253 249 308 335 340 339
273 274 275 276 278 279 280 281 281 282 280 285 295 293 310 315 314 310 303 307 323 339 343 348 358 1 358 324 243 255 264 271 270 0 264 229 214 222 254 254 195 212 224 228 231 238 234 240 249 271 291 315 348 42 40 36 31 17 351 325 289 271 258 247 238 234 235 232 228 222 221 227 231 249 243 314 339 343 341
272 273 274 275 276 278 279 279 280 281 283 287 287 285 291 295 297 297 295 297 303 312 318 322 331 344 359 9 201 215 250 253 253 259 263 256 252 248 273 289 274 247 223 235 258 258 249 245 250 269 294 321 3 48 57 55 62 58 54 44 330 278 266 253 241 234 233 230 224 214 210 217 223 250 241 322 343 346 344
271 272 273 274 275 277 278 278 280 282 284 286 286 286 287 289 290 290 288 287 289 293 294 296 301 309 327 350 11 190 213 233 243 256 260 256 259 268 274 280 271 263 264 268 277 269 255 251 256 272 283 303 356 30 52 55 45 43 50 64 52 10 313 273 249 236 231 226 218 207 199 208 221 258 238 327 346 349 347
270 271 272 272 274 275 277 278 279 281 284 286 287 287 287 287 287 286 286 286 289 290 292 294 297 298 299 309 322 276 213 225 235 249 254 252 254 262 269 273 273 278 285 292 288 275 266 266 269 273 276 291 352 20 33 28 22 34 51 58 49 42 14 306 262 241 226 216 207 195 186 200 221 264 236 331 348 351 349
269 270 271 271 273 274 276 278 279 281 283 285 287 288 288 287 285 285 285 286 287 286 286 294 300 297 291 287 295 296 261 236 233 238 248 243 226 240 254 262 268 276 285 288 288 284 281 274 270 260 261 288 340 14 13 12 19 31 42 50 51 53 49 18 253 231 215 206 196 179 161 176 219 276 249 334 350 353 351
268 269 270 270 272 273 275 277 279 280 282 284 287 288 288 287 285 283 284 286 287 285 284 294 299 294 289 286 296 299 289 260 242 236 232 217 168 215 241 253 264 273 277 278 280 285 285 269 260 242 249 266 357 10 2 351 353 11 35 44 50 61 72 76 117 187 181 187 159 118 102 85 253 286 265 339 351 354 353
267 268 269 270 271 272 275 277 279 279 281 283 286 288 288 287 285 283 283 285 286 286 285 293 295 291 288 289 300 299 287 270 254 243 228 169 145 187 227 242 254 263 271 274 273 279 280 260 249 242 247 242 358 358 342 327 327 339 9 30 44 61 73 75 87 96 104 118 90 76 62 30 312 304 273 347 352 354 353
266 267 268 269 270 272 274 276 278 279 280 282 284 286 286 286 285 283 283 284 285 287 287 290 289 289 290 291 304 304 292 273 259 256 246 239 204 178 195 224 237 247 258 265 266 267 267 251 241 241 243 225 322 321 313 313 329 328 342 7 18 33 65 75 72 62 77 92 73 60 44 31 17 3 336 348 352 354 354
266 267 268 268 269 271 273 276 277 278 279 281 283 284 284 284 284 283 283 283 285 287 289 290 286 288 292 293 302 303 293 273 257 259 264 257 253 239 233 242 249 248 250 255 260 260 255 237 283 326 327 318 320 316 308 307 314 307 303 331 3 3 5 21 36 42 56 77 58 34 22 18 9 1 345 345 351 354 354
265 267 267 268 269 271 273 274 276 277 279 280 281 281 281 281 282 282 283 284 285 287 290 291 287 285 291 294 300 297 290 272 259 270 282 274 270 266 260 266 264 254 249 254 261 260 256 254 284 314 324 324 322 316 302 291 291 302 293 278 291 322 338 349 5 12 13 349 335 343 349 352 351 350 343 343 349 353 354
266 267 267 268 269 270 272 273 274 276 278 279 280 280 279 279 280 281 282 284 285 288 291 291 288 284 287 289 297 296 288 277 270 279 286 275 266 267 262 258 250 243 244 253 258 259 254 257 266 275 294 309 309 307 301 290 293 317 318 290 279 290 331 332 359 8 354 347 337 337 340 342 345 345 340 340 348 352 353
266 267 267 268 269 270 271 272 273 274 276 277 278 278 278 278 279 280 282 284 285 287 291 291 287 286 284 281 291 301 294 283 274 277 295 277 252 257 265 255 242 240 251 261 254 260 251 257 265 265 270 288 297 295 302 303 293 304 316 296 274 270 333 343 20 16 14 14 17 31 3 345 341 340 335 336 346 351 352
266 267 267 268 269 270 270 271 271 272 273 275 276 277 277 278 278 279 281 284 285 287 292 290 287 287 283 280 288 301 298 288 274 276 313 297 241 248 264 262 253 251 258 269 258 259 259 268 278 279 278 289 297 293 299 301 294 294 307 294 271 273 322 4 32 24 41 27 33 26 352 343 338 337 331 333 344 349 351
267 267 267 268 269 270 270 270 270 270 271 272 274 276 277 278 279 280 281 285 286 286 292 290 287 288 285 284 291 295 294 287 282 302 334 321 263 264 269 266 260 259 260 267 259 267 264 270 279 282 287 293 296 292 293 291 291 297 298 295 281 266 283 333 4 349 331 316 319 318 320 326 334 333 327 332 344 348 350
267 267 267 267 268 269 269 269 268 268 268 270 273 275 277 279 279 280 281 285 286 287 289 287 286 287 286 284 284 286 287 290 289 321 14 19 292 274 271 267 265 265 263 266 264 272 269 268 276 281 285 292 292 284 282 282 280 284 283 288 279 269 285 296 309 316 313 321 334 338 336 331 325 325 321 331 343 347 349
266 267 267 267 268 268 269 268 267 266 267 269 271 274 277 278 279 280 281 284 286 288 286 287 289 286 286 288 283 283 285 297 294 309 329 334 291 272 267 265 268 271 270 274 272 269 275 273 274 277 276 284 286 277 274 276 274 275 276 282 276 273 278 304 323 324 319 324 333 334 333 328 313 313 310 327 341 345 347
266 266 266 266 267 268 268 267 266 265 266 268 271 273 276 277 278 280 281 284 286 288 287 292 296 295 293 295 298 297 291 305 309 311 303 288 277 269 266 265 268 270 274 280 277 271 277 276 271 268 267 272 275 269 267 270 272 273 275 279 277 278 268 271 300 316 324 330 334 333 329 323 305 298 291 320 338 343 346
265 265 265 265 266 267 267 266 265 265 266 268 270 273 275 276 277 279 281 283 286 289 289 297 303 308 305 303 307 308 307 314 342 339 297 269 263 263 268 269 268 265 269 273 268 263 266 270 268 264 263 263 266 263 261 266 268 271 270 275 281 288 285 268 252 312 325 325 326 327 319 313 299 293 277 313 335 341 345
264 264 264 265 266 266 266 265 264 264 265 267 270 272 274 276 277 279 281 284 286 290 293 303 310 317 308 308 307 308 313 330 344 354 304 248 248 259 271 274 271 265 264 262 258 256 258 263 265 263 260 259 263 262 261 265 269 266 263 271 280 293 291 282 242 240 317 317 318 317 305 297 287 295 273 314 335 340 344
263 263 263 264 265 266 266 265 264 264 265 267 269 272 274 275 276 278 281 285 288 292 297 309 320 326 312 314 315 318 327 343 8 27 34 282 261 275 279 276 273 267 263 262 259 256 254 257 261 263 260 260 262 262 264 265 266 264 260 262 270 283 286 281 268 246 290 314 314 309 299 296 283 299 273 316 336 341 344
262 262 262 263 265 266 266 265 264 263 264 266 269 271 273 275 276 278 282 285 289 292 298 310 326 326 323 329 326 332 349 8 26 38 37 12 344 317 289 278 275 267 261 262 259 253 249 248 254 260 262 263 262 260 262 262 263 264 257 254 259 271 281 283 278 272 271 298 306 304 299 303 293 307 273 317 336 341 345
260 261 261 262 264 266 267 266 264 263 264 265 268 270 273 275 277 279 282 285 288 290 298 309 326 354 355 351 341 342 357 4 3 357 350 340 329 313 293 279 275 265 255 254 255 251 247 243 247 256 261 263 262 262 264 265 264 262 255 254 258 267 281 286 288 288 281 271 292 305 305 308 298 308 262 317 336 342 345
258 259 260 261 264 267 268 266 264 262 263 264 267 270 273 275 277 279 282 284 285 287 295 303 318 5 17 11 358 347 351 353 350 338 309 312 311 298 286 275 266 259 250 246 248 249 248 243 240 248 256 260 260 259 262 264 262 259 254 250 254 267 281 291 294 293 293 281 264 311 306 303 297 313 231 323 338 342 346
256 258 259 260 264 267 268 266 263 261 262 263 266 270 273 276 277 279 281 283 284 286 293 293 303 310 351 357 354 349 350 352 355 5 352 326 310 286 273 265 259 255 250 246 244 245 246 245 239 243 252 257 255 253 257 259 256 252 249 243 243 261 282 293 293 291 296 298 316 344 298 298 294 314 212 329 338 343 346
255 256 258 259 263 267 268 265 262 260 260 263 266 270 273 276 278 280 282 284 285 287 290 290 296 290 328 337 341 348 359 0 353 8 18 2 312 275 264 259 257 255 253 249 246 248 248 250 246 243 248 253 251 249 254 257 251 244 240 238 239 254 280 290 291 291 297 301 311 9 7 295 290 319 305 331 337 342 347
254 255 257 258 263 266 267 264 261 259 260 262 266 270 274 277 279 282 284 288 289 291 291 292 285 296 324 333 332 333 350 360 328 334 352 333 292 271 263 261 258 256 253 249 247 248 248 248 250 246 246 247 244 245 253 254 243 235 231 234 244 260 276 285 289 292 298 296 299 318 332 291 293 329 321 330 337 342 347
252 254 255 257 262 265 265 262 259 258 259 262 266 271 275 278 281 285 289 293 295 298 296 297 293 300 322 337 334 317 323 3 27 275 276 270 281 272 264 262 260 257 252 249 246 244 244 244 246 246 247 244 238 240 249 249 235 226 225 233 250 268 276 281 286 292 297 299 304 310 315 280 304 329 313 325 335 342 348
251 252 254 256 260 264 264 261 259 258 259 262 266 271 276 280 284 289 294 299 301 303 302 300 301 304 320 338 344 327 312 20 55 88 208 261 277 269 260 258 256 255 253 248 244 242 240 239 240 242 247 243 231 232 241 238 224 215 218 234 255 271 276 278 284 292 298 302 304 307 313 320 316 318 302 320 334 343 350
250 251 253 254 259 262 262 260 258 258 259 262 267 272 277 283 289 294 300 303 306 307 306 304 304 309 322 331 346 355 19 39 39 34 354 284 270 261 257 253 249 248 248 245 241 237 233 231 232 236 247 239 223 222 226 218 207 205 214 235 257 269 275 279 286 293 299 300 302 304 304 312 317 310 303 321 337 347 355
249 250 251 252 257 261 262 260 259 258 259 262 267 274 280 287 293 298 303 307 310 311 310 307 304 310 323 328 338 5 35 41 30 7 321 275 255 251 253 249 244 242 241 240 236 231 227 224 224 231 242 230 212 210 207 198 194 199 216 238 256 266 272 280 289 297 300 300 301 304 307 309 313 314 317 330 342 354 4
248 249 250 251 255 260 261 261 260 259 260 263 269 276 284 291 296 300 304 310 316 318 315 311 307 315 322 322 332 15 39 37 21 336 284 253 236 240 249 248 243 238 236 234 230 225 220 219 220 227 233 215 202 198 192 188 191 203 222 241 253 261 268 279 290 298 302 303 303 306 311 315 318 321 325 336 349 4 18
248 248 249 249 253 258 261 263 263 262 262 266 273 280 287 293 296 300 305 314 325 326 322 317 309 322 326 320 334 19 36 24 343 278 251 235 220 230 245 246 242 236 231 226 222 219 215 215 217 224 219 201 193 191 190 192 200 213 228 240 249 256 264 277 290 298 302 304 306 308 313 320 326 329 334 346 2 21 34
248 248 248 249 252 256 261 265 265 265 266 270 277 284 289 292 295 300 308 322 335 334 331 328 320 333 334 328 347 23 28 338 270 239 226 219 218 226 232 233 233 229 222 217 214 212 208 210 214 216 206 194 191 192 195 202 212 222 232 239 244 250 261 275 287 296 302 305 308 311 316 323 331 336 343 359 21 38 50
248 249 249 249 251 255 260 266 268 268 270 275 280 285 288 290 294 301 315 330 345 345 342 339 337 341 332 332 0 35 32 257 228 211 211 213 215 222 216 215 217 215 210 207 206 204 201 204 208 206 197 192 192 195 201 210 219 227 232 235 238 245 257 272 284 293 301 306 309 313 321 331 341 350 1 22 44 56 63
249 250 250 250 251 254 259 266 269 270 272 276 280 283 286 288 294 305 320 333 345 351 351 345 340 339 333 338 1 24 303 236 204 198 206 211 209 208 200 202 204 202 199 198 198 197 196 198 199 196 192 191 193 198 207 216 223 228 229 230 233 243 257 272 283 293 302 308 313 321 332 345 358 15 30 50 63 71 74
251 251 251 251 252 254 257 264 268 270 272 275 278 280 283 286 295 307 321 332 341 349 355 351 347 348 349 2 15 22 335 217 200 198 202 208 201 181 185 194 196 195 192 191 191 191 191 190 189 188 188 189 193 200 210 219 225 227 226 226 231 243 260 276 288 297 306 314 323 337 353 7 21 42 60 71 77 80 81
252 253 253 253 254 254 255 260 265 267 269 272 275 278 280 285 297 310 320 328 334 340 353 353 349 354 24 51 42 57 49 216 202 198 197 204 202 173 175 188 191 192 190 189 187 185 183 182 182 183 185 188 193 201 210 218 223 224 223 223 229 245 264 281 292 302 311 326 350 13 28 38 48 65 79 84 85 86 86
255 255 255 255 256 254 253 255 260 263 265 269 272 275 278 286 301 312 319 325 330 326 324 324 320 159 114 355 317 17 86 207 206 198 199 204 189 166 176 178 187 192 191 188 184 181 180 179 179 181 184 189 195 201 208 215 219 219 217 218 226 245 266 284 296 306 318 354 43 56 61 67 73 80 86 91 91 90 89
259 259 258 258 258 254 250 251 256 259 262 265 268 270 275 287 304 311 315 323 331 328 297 266 294 179 233 245 252 259 237 185 202 200 201 194 159 163 174 176 181 187 190 188 183 179 179 180 181 183 187 192 197 202 207 211 214 213 211 212 221 240 265 285 298 311 331 21 63 73 76 80 84 86 90 95 95 93 90
263 262 261 260 259 254 248 248 252 256 258 260 262 265 271 288 307 307 307 315 319 332 295 248 262 229 233 225 240 263 256 198 203 205 201 184 151 156 171 178 179 181 184 185 182 179 180 182 185 187 191 195 199 203 205 207 206 205 205 208 216 234 259 281 298 315 346 39 69 76 77 79 82 86 92 98 98 95 91
267 265 264 262 260 253 246 245 249 253 254 254 256 259 270 295 310 307 299 297 283 294 289 253 237 217 216 210 218 254 246 206 201 204 197 177 167 167 169 175 176 174 177 180 179 178 180 183 186 190 193 197 200 202 202 199 197 196 199 205 214 228 249 273 296 321 10 63 76 75 73 75 79 85 94 101 100 97 91
271 268 266 264 259 250 242 242 247 250 250 250 251 256 275 306 318 301 303 282 262 261 265 281 240 223 220 201 200 212 207 197 197 199 191 174 181 187 177 173 174 172 172 174 174 176 179 183 186 189 193 196 199 199 196 191 187 187 192 200 211 223 239 267 302 337 46 79 80 74 71 71 75 82 93 102 101 96 90
274 270 267 264 257 246 238 239 244 246 246 246 247 254 287 308 307 282 306 275 252 246 241 275 253 195 213 197 189 191 188 188 192 192 181 179 194 200 187 176 173 171 169 170 172 175 179 182 185 188 191 194 195 194 190 184 181 181 186 195 204 211 220 242 306 2 56 75 77 73 70 69 70 75 87 100 99 95 88
277 271 267 264 254 240 233 236 240 243 244 244 247 256 293 294 310 264 278 283 263 252 241 356 58 167 187 183 179 178 179 183 186 180 173 183 203 211 193 178 172 170 169 170 173 176 179 182 185 187 189 190 190 187 182 178 177 179 185 192 198 199 194 183 155 74 60 64 67 69 70 70 68 69 76 95 96 91 83
282 274 268 263 247 232 229 233 237 240 243 245 250 264 283 259 332 264 268 301 285 250 237 357 106 161 171 173 173 173 175 178 179 170 160 185 205 212 190 175 170 169 170 172 174 176 179 181 184 185 185 184 181 178 175 173 175 179 185 192 196 195 184 166 143 111 82 67 64 67 71 73 72 69 68 89 89 83 73
290 279 271 264 240 227 226 231 235 238 241 245 248 264 258 128 41 350 289 308 283 222 193 102 128 146 159 166 168 170 174 178 179 176 182 206 209 198 178 170 168 168 169 171 173 175 177 180 181 180 178 175 172 170 169 170 173 178 183 189 194 196 188 169 145 123 106 92 79 73 72 72 70 66 62 78 76 68 55
305 289 278 267 238 228 228 231 232 231 233 236 236 250 218 97 76 339 302 277 262 178 153 122 130 140 151 159 163 168 175 178 177 186 228 221 194 175 169 168 167 166 167 169 171 173 174 174 173 171 169 167 166 166 166 169 172 176 179 183 187 191 189 177 152 133 122 113 101 85 72 64 58 53 48 61 52 42 30
323 305 291 274 242 234 234 234 226 215 215 215 207 177 122 129 105 346 312 234 166 155 139 127 132 138 146 153 160 167 171 166 170 193 211 192 172 165 165 165 163 163 164 167 168 168 168 166 165 164 163 162 162 163 165 168 171 173 176 179 183 184 182 175 159 139 123 112 100 84 68 55 43 35 32 38 24 16 8
340 325 309 287 252 242 240 230 211 198 197 194 181 162 145 143 339 351 108 148 142 149 137 131 132 138 144 151 157 162 162 159 165 179 176 169 162 160 160 158 158 160 162 163 163 162 161 159 158 158 158 158 159 161 164 167 169 172 176 180 182 179 174 169 162 149 116 81 67 61 54 46 33 21 17 17 5 0 354
353 342 328 304 266 249 236 218 199 187 181 174 163 153 163 170 318 355 125 138 143 146 138 134 134 138 143 149 153 157 161 166 165 164 161 158 154 153 153 153 154 156 157 157 156 155 153 153 153 153 154 155 157 160 163 166 169 173 177 179 180 178 176 170 161 147 120 66 36 29 29 28 21 11 6 1 354 352 347
5 356 345 327 290 257 231 211 189 171 163 156 145 159 176 175 23 32 127 144 146 145 139 138 140 142 144 147 151 156 162 168 167 162 156 150 146 145 146 147 149 150 150 149 148 148 147 147 148 150 151 154 156 159 163 166 170 174 177 177 176 175 173 169 160 148 103 32 24 20 16 12 7 1 356 349 347 347 343
15 8 359 351 334 280 235 203 178 164 158 154 152 163 169 160 20 64 147 151 148 144 142 143 146 146 146 148 151 157 160 163 161 156 148 142 139 139 141 142 143 143 143 143 142 143 143 144 146 148 151 154 157 160 163 166 170 173 175 174 171 167 163 157 145 111 29 5 3 4 3 359 354 351 348 342 342 343 341
21 15 7 356 339 293 252 193 163 161 163 162 169 166 143 120 90 146 155 149 146 144 144 146 148 147 147 148 151 153 153 152 150 146 140 136 134 136 137 138 139 139 139 139 139 140 141 142 144 147 150 153 156 159 162 165 168 171 172 169 162 154 147 142 127 58 23 11 4 358 352 345 340 339 341 336 337 340 339
26 21 13 359 337 295 273 216 174 163 163 171 177 160 148 147 141 147 143 141 142 143 144 145 146 146 146 147 148 148 146 144 141 137 134 132 132 134 135 136 136 136 135 136 137 138 139 141 144 147 150 153 155 158 161 164 166 168 166 161 153 146 140 133 105 42 18 8 359 351 343 336 333 332 335 331 334 338 337
32 28 22 9 348 311 295 237 194 171 169 179 177 168 152 143 107 121 134 138 141 141 141 142 142 143 142 142 143 143 141 137 134 132 131 130 131 132 132 132 132 132 132 133 135 137 139 141 144 146 149 152 154 157 160 163 164 162 158 152 146 140 134 124 97 46 16 1 350 342 336 332 330 329 331 326 331 337 337
38 37 32 23 4 330 314 256 207 186 171 172 170 142 115 122 111 124 133 137 139 138 138 138 140 140 139 138 138 138 136 133 130 130 130 130 130 129 129 129 128 129 131 133 135 137 139 142 144 147 149 151 154 156 159 160 158 154 149 144 140 134 127 116 91 45 12 355 343 337 334 331 330 327 327 324 331 337 338
47 46 45 37 16 344 307 250 212 195 183 168 151 105 118 125 126 131 136 136 136 135 134 135 137 137 133 130 130 133 132 129 127 127 128 128 127 126 125 125 126 128 130 133 135 137 140 142 144 146 148 149 151 153 154 153 150 146 143 140 137 132 125 113 81 35 6 350 340 336 335 333 330 327 325 324 333 341 342
56 57 56 49 30 17 270 217 196 192 195 181 142 108 130 132 134 134 137 136 135 134 134 134 135 133 130 128 132 139 128 124 124 124 125 125 124 124 124 125 127 130 133 135 136 138 140 141 142 143 144 145 146 147 146 145 143 142 141 139 138 136 131 114 68 22 357 344 337 335 333 331 327 327 328 330 341 349 351
65 66 65 57 41 38 86 186 186 166 158 146 130 128 133 128 130 130 132 131 131 131 131 132 133 133 132 135 143 149 128 121 120 121 123 123 123 123 124 125 128 130 132 134 135 136 137 139 140 141 143 144 144 143 141 139 138 138 139 140 142 141 135 103 28 356 343 335 330 328 327 325 324 327 334 340 351 359 3
70 71 71 64 49 45 50 76 96 135 165 169 158 139 130 126 127 129 130 129 129 130 130 131 132 134 137 145 152 146 124 116 116 118 120 121 123 124 127 129 132 134 136 136 137 137 137 137 137 137 136 135 132 130 128 128 130 135 140 147 154 163 194 324 332 332 329 326 324 323 323 324 327 333 343 352 2 9 15
74 74 73 70 66 67 70 86 104 122 149 156 151 139 125 120 120 122 123 124 124 124 125 126 128 130 134 137 137 130 122 118 118 119 120 122 123 125 126 128 130 131 132 133 134 135 136 138 139 140 141 141 140 139 138 138 138 141 146 150 156 314 325 325 324 324 325 325 327 329 332 337 344 350 358 4 10 16 23
75 75 74 73 75 78 84 96 114 132 144 146 142 133 124 121 121 121 122 122 122 122 122 123 124 125 126 127 126 124 122 121 121 121 121 121 122 122 123 124 125 126 127 128 129 130 132 133 135 136 138 139 139 139 139 138 136 132 126 105 25 351 341 336 332 330 329 330 332 334 338 342 348 354 1 9 15 20 27
76 75 74 72 76 80 87 97 115 135 144 145 141 133 124 123 121 120 120 120 120 120 120 121 121 121 122 122 122 121 121 120 120 119 119 118 118 118 119 120 120 121 122 123 124 125 126 128 129 131 134 135 136 136 136 134 129 112 85 40 8 354 346 341 336 332 331 332 333 335 339 343 349 356 4 12 19 24 30
76 75 75 74 77 79 85 96 116 137 146 147 143 139 131 126 122 120 120 119 119 119 119 119 119 119 119 119 118 118 117 116 115 115 114 113 113 113 113 114 114 114 115 116 117 118 120 121 123 126 128 130 130 127 117 91 69 51 35 19 4 352 342 334 328 325 325 328 331 335 340 346 354 1 10 18 25 30 33
