---
OvercastDevelopment Potential [m] Valid 1800 NZST ~Z75~(0600Z)~Z~ TUE 6 Jan 2026 ~Z75~[78hrFcst@2119z]~Z~
Model= RASP Region= NZ Grid= d2 Reskm= 2.0 Indexs= 1 69 1 69 Proj= lambert 2000 2000 -35.0000 -42.0000 176.0000 -37.7968 175.7263
Day= 2026 1 6 TUE ValidLST= 1800 NZST ValidZ= 600 Fcst= 78.0 Init= 70 Param= zblcldif Unit= m Mult= 1 Min= -1866 Max= 333
-1660 -1075 -1071 -1069 -1084 -1116 -1172 -1216 -1237 -1249 -1249 -1230 -1220 -1221 -1238 -1258 -1280 -1304 -822 -858 -880 -960 -559 -543 -927 -475 -872 -882 -870 -848 -873 -899 -926 -902 -910 -868 -862 -823 -693 -413 -225 -177 -152 -136 -110 -55 -65 -93 -82 -68 -6 0 2 4 3 -3 1 -62 -144 -1417 -196 -226 -397 -911 -737 -899 -605 -605 -288
-1644 -1600 -1567 -1015 -1013 -1027 -1061 -1112 -1178 -1194 -1200 -1201 -1197 -1203 -1212 -1230 -1252 -1275 -1286 -806 -879 -950 -546 -539 -910 -447 -440 -449 -434 -872 -852 -852 -893 -862 -849 -820 -830 -730 -571 -281 206 -217 -197 -182 -138 -87 -97 -157 -94 -112 -70 -5 12 14 24 12 8 -51 -3 145 258 240 -701 -570 -692 -473 -532 -639 -279
-1648 -1631 -1603 -1017 -1020 -1031 -1037 -1096 -1059 -1071 -1071 -1096 -1132 -1162 -1180 -1196 -1217 -1236 -1226 -1264 -835 -915 -525 -537 -913 -453 -452 -451 -426 -401 -388 -823 -816 -802 -766 -739 -672 -653 -352 -227 210 -228 -220 -206 -164 -117 -107 -169 -173 -168 -128 -17 20 -485 -461 -472 23 -48 -44 44 157 76 -550 -752 -454 -544 -319 -388 -457
-1115 -1105 -1674 -1113 -1118 -1120 -1099 -1064 -985 -1479 -857 -893 -971 -1066 -1107 -1118 -1138 -1163 -1182 -1197 -740 -832 -900 -510 -480 -454 -457 -457 -427 -361 -340 -299 -249 -164 -89 -102 -539 -388 -175 -176 -183 -264 -272 -284 -189 -151 -177 -195 -195 -200 -684 -655 -458 -548 -441 -445 92 -149 -376 -181 -134 -206 -243 -398 -607 -304 -285 -315 -447
-1204 -1202 -1198 -1206 -1201 -1199 -1765 -1681 -1550 -1466 -1216 -1322 -812 -917 -980 -1024 -1049 -1071 -1109 -1114 -1149 -737 -825 -893 -465 -877 -442 -462 -433 -375 -283 -208 -37 -94 -179 -166 -157 55 -136 -143 -200 -307 -325 -277 -230 -212 -194 -221 -216 -205 -775 -807 -818 -784 -643 -453 6 -648 -547 89 -230 -478 -360 -504 -408 -360 -289 -300 -333
-1280 -1274 -1258 -1246 -1241 -1240 -1798 -1762 -1693 -1560 -1440 -1346 -746 -753 -801 -823 -939 -977 -1003 -1027 -1073 -675 -762 -825 -838 -842 -878 -481 -492 -447 -402 -342 -172 151 186 235 -201 -192 -334 -364 -385 -431 30 31 42 -343 -288 -232 -137 -51 -59 -624 -631 -645 -168 -4 -572 -489 -434 -399 -446 -582 -312 -352 -433 -361 -297 -277 -310
-1331 -1323 -1313 -1315 -1303 -1280 -1831 -1797 -1732 -1702 -1730 -1153 -1072 -803 -703 -710 -705 -818 -858 -910 -959 -1057 -669 -740 -765 -797 -842 -442 -451 -385 -364 -271 -112 -71 -9 -34 -47 -142 -127 -114 -539 -39 -2 40 89 105 125 -277 -294 -301 -262 -414 -550 -702 -868 -921 -888 -720 -624 -622 -327 -719 -698 -366 -441 -344 -293 -261 -280
-1375 -1377 -1378 -1365 -1337 -1293 -1833 -1791 -1730 -1714 -1769 -1795 -1156 -1134 -1149 -791 -757 -762 -771 -783 -899 -956 -1020 -627 -705 -759 -798 -873 -479 -464 -458 -406 -413 -534 -436 -279 -234 -217 -192 -601 -106 -46 -37 -28 -27 -4 -2 9 -386 -405 -489 -450 -520 -694 -1081 -969 -684 -685 -668 -375 -421 -437 -405 -386 -448 -362 -615 -563 -253
-1395 -1421 -1412 -1389 -1349 -1300 -1812 -1753 -1731 -1740 -1792 -1730 -1716 -1169 -1236 -1287 -1280 -1163 -929 -887 -847 -834 -867 -548 -616 -725 -765 -841 -470 -526 -544 -598 -642 -623 -428 -254 -191 -148 -577 -573 -28 -43 -13 35 -400 -414 -405 -364 -370 -364 -823 -333 -394 -846 -826 -702 -741 -706 -697 -754 -478 -485 -417 -661 -378 -683 -618 -585 -265
-1448 -1447 -1430 -1398 -1353 -1310 -1269 -1774 -1716 -1687 -1765 -1818 -1787 -1762 -1219 -1251 -1270 -1311 -1376 -1395 -1262 -979 -888 -485 -604 -632 -724 -785 -375 -463 -529 -585 -579 -423 -311 -223 -157 -147 -581 -73 -36 39 -354 -309 -319 -348 -339 -310 -357 -344 -797 -758 -300 -737 -1051 -707 -711 -726 -739 -765 -470 -441 -382 -639 -686 -675 -648 -612 -611
-1455 -1445 -1412 -1387 -1365 -1326 -1819 -1789 -1679 -1662 -1736 -1758 -1737 -1743 -1790 -1243 -1265 -1313 -1369 -1409 -1419 -1386 -683 -562 -563 -593 -643 -692 -740 -383 -476 -499 -474 -401 -353 -310 -231 -671 -690 -193 -504 -379 -374 -295 -307 -326 -312 -282 -250 -230 -670 -656 -621 -634 -394 -1115 -708 -729 -752 -775 -466 -424 -696 -682 -749 -717 -656 -621 -624
-1443 -1428 -1401 -1379 -1365 -1257 -1818 -1726 -1687 -1668 -1677 -1695 -1685 -1720 -1780 -1243 -1280 -1329 -1362 -1379 -1367 -1343 -1337 -769 -1174 -631 -628 -671 -715 -804 -880 -471 -478 -455 -423 -347 -192 -623 -203 -178 -6 -416 -365 -317 -303 -301 -277 -254 -235 -222 -675 -631 -557 -580 -130 -1155 -742 -759 -738 -452 -472 -415 -698 -724 -776 -754 -707 -629 -627
-1401 -1408 -1372 -1362 -1328 -1258 -1777 -1704 -1664 -1648 -1676 -1674 -1667 -1707 -1777 -1230 -1272 -1337 -1387 -1378 -1342 -1302 -1320 -1335 -1288 -1198 -673 -644 -713 -791 -837 -841 -342 -347 -331 -245 -704 -712 -724 -260 -288 -144 -432 -283 -678 -605 -557 -528 -550 -600 -606 -590 -543 -526 -489 -1111 -913 -699 -683 -718 -414 -710 -700 -742 -467 -446 -710 -633 -618
-1366 -1375 -1345 -1311 -1280 -1222 -1735 -1661 -1627 -1612 -1618 -1620 -1629 -1653 -1127 -1183 -1239 -1333 -1374 -1371 -1341 -1298 -1304 -1321 -1298 -1252 -709 -714 -742 -773 -736 -411 -351 -312 -736 -705 -707 -742 -372 -537 -693 -592 -505 -661 -462 -942 -865 -766 -719 -755 -745 -1305 -1389 -1287 -1272 -884 -1013 -936 -655 -652 -693 -748 -738 -721 -432 -428 -707 -633 -620
-1317 -1320 -1269 -1273 -1246 -1204 -1719 -1657 -1642 -1583 -1556 -1552 -1556 -1614 -1110 -1182 -1231 -1306 -1358 -1352 -1312 -1294 -1285 -1273 -1256 -1253 -748 -767 -775 -786 -749 -643 -647 -718 -734 -756 -779 -381 -462 -525 -478 -214 -391 -213 -359 -382 -877 -731 -1262 -1252 -1352 -1355 -1313 -1184 -1001 -974 -198 -656 -673 -644 -688 -716 -715 -708 -446 -453 -413 -678 -627
-1287 -1286 -1274 -1265 -1235 -1198 -1124 -1116 -1657 -1602 -1037 -1045 -1052 -1074 -1096 -1205 -969 -1238 -1263 -1281 -1287 -1276 -1257 -1250 -1269 -783 -817 -826 -863 -716 -968 -239 -595 -547 -664 -719 -835 -464 -506 -504 -404 -604 -341 -533 -731 -620 -1258 -1254 -1278 -725 -868 -1380 -1338 -1177 -955 -1030 -197 -782 -688 -726 -704 -408 -422 -421 -478 -463 -425 -378 -658
-1207 -1216 -1234 -1242 -1238 -1230 -1193 -1194 -1177 -1064 -1099 -1157 -1191 -1209 -1215 -1202 -1169 -1154 -1156 -1167 -1179 -1193 -1206 -1211 -717 -751 -775 -764 -693 -553 -555 -567 -618 -616 -684 -328 -402 -492 -495 -436 -769 -547 -726 -955 -741 -733 -772 -786 -802 -1031 -971 -1488 -1444 -1251 -562 -1108 -665 -645 -594 -723 -444 -454 -478 -453 -467 -483 -445 -408 -680
-1221 -1226 -1233 -1296 -1310 -1326 -1341 -1333 -1261 -1236 -1193 -1302 -1372 -1405 -1213 -1356 -1248 -1203 -1170 -1124 -1066 -1079 -1104 -611 -616 -660 -688 -684 -685 -700 -733 -773 -410 -371 -357 -364 -389 -395 -363 -748 -552 -293 -67 -404 -323 -826 -810 -272 -324 -451 -452 -413 -497 -1029 -786 -946 -578 -908 -873 -584 -493 -473 -456 -443 58 16 -453 9 -694
-1252 -1247 -1272 -1362 -1401 -1433 -1455 -1458 -1448 -1388 -1323 -1357 -1435 -1473 -1469 -1404 -1341 -1255 -1247 -1205 -1141 -1138 -1121 -611 -666 -708 -752 -778 -868 -1006 -1010 -941 -532 -517 -477 -405 -364 -244 -117 -424 -239 75 -257 -167 -683 -677 -648 -648 -660 -911 -562 -953 -807 -566 -582 -552 -896 -913 -896 -493 -520 -449 -399 19 78 42 -447 -428 -702
-1254 -1278 -1330 -1427 -965 -994 -1114 -1068 -1074 -1042 -1455 -1416 -1409 -1435 -1441 -1400 -1379 -1386 -858 -852 -820 -797 -718 -707 -809 -879 -464 -537 -577 -585 -1080 -1017 -508 -487 -472 -409 -354 -236 -587 -390 -56 -306 -181 -1020 -456 -617 -673 -695 -439 -569 -578 -473 -524 -437 -653 -667 -911 -920 -627 -585 -709 -421 -353 -346 -386 -1 -406 -406 -695
-1282 -1320 -1405 -971 -1050 -1098 -1188 -1220 -1212 -1218 -1464 -1086 -969 -1459 -1448 -1448 -1450 -923 -908 -873 -859 -845 -819 -830 -919 -530 -613 -405 -437 -752 -723 -1098 -527 -426 -497 -482 -779 -452 -606 -431 185 -203 -87 -60 -33 -653 -653 -37 -482 -480 -356 -348 -557 -449 -697 -652 -654 -654 -636 -600 -633 -716 -621 -600 -633 -641 -5 -52 -660
-1309 -1392 -943 -1041 -1108 -1144 -846 -865 -1301 -1327 -1576 -1232 -1111 -1036 -1007 -1486 -1481 -988 -996 -979 -942 -909 -858 -862 -923 -1005 -672 -475 -508 -817 -745 -1082 -585 -694 -898 -845 -1373 -1359 -1261 -573 -231 -107 -77 -91 -148 232 -430 -364 -162 -393 -347 -334 -573 -528 -434 -693 -671 -682 -586 -498 -497 -688 -615 -570 -575 -578 17 3 -7
-1341 -1417 -957 -1060 -1105 -1146 -864 -909 -1309 -1422 -1596 -1259 -1160 -1076 -1047 -1046 -1229 -1137 -1360 -971 -998 -958 -910 -870 -900 -968 -611 -717 -794 -768 -1089 -495 -760 -710 -778 -1267 -1367 -1366 -1299 -454 -171 -103 -117 -201 223 -814 -264 -415 -357 -339 -351 -345 -307 -530 -446 -696 -619 -594 -525 -437 -496 -640 -574 -520 -505 -513 -515 40 -536
-1406 -1427 -958 -1046 -1101 -1074 -1203 -1301 -1289 -1622 -1356 -1173 -1101 -1054 -1051 -1040 -953 -1392 -1368 -1408 -939 -953 -939 -885 -904 -967 -1027 -1077 -1125 -1115 -988 -814 -257 -754 -862 -822 -1329 -1287 -1068 -1163 -18 46 112 274 -713 -311 -407 -350 -360 -388 -375 -340 -564 -497 -470 -709 -596 -556 -511 -441 -487 -612 -543 -491 -460 -452 -441 -445 -467
-928 -1435 -1475 -1004 -1058 -1055 -1090 -1190 -1231 -1297 -1186 -1102 -951 -956 -1043 -1079 -1074 -1000 -938 -1385 -1375 -921 -939 -888 -940 -1011 -1022 -1007 -997 -967 -880 -863 -325 -299 -668 -759 -1187 -966 -911 -652 -744 -476 -30 211 -473 -351 -321 -336 -331 -333 -371 -354 -572 -484 -466 -710 -620 -569 -519 -442 -466 -548 -488 -446 -799 -797 -775 -772 -791
-1441 -1463 -1480 -1482 -1520 -1526 -1543 -1618 -1631 -1637 -1077 -918 -849 -694 -738 -1006 -1067 -1082 -1048 -992 -929 -876 -881 -903 -952 -1014 -990 -957 -930 -909 -462 -444 -880 -833 -774 -746 -582 -570 -466 -421 -201 -763 -660 -476 -421 -325 -284 -298 -300 -303 -349 -369 -559 -451 -741 -694 -647 -586 -513 -428 -441 -505 -433 -785 -748 -744 -741 -739 -738
-988 -1496 -1474 -1459 -1475 -1486 -1478 -1502 -1526 -1555 -1086 -1094 -1110 -1163 -1123 -858 -741 -996 -1053 -1052 -1047 -976 -893 -883 -963 -1011 -985 -961 -490 -508 -494 -420 -797 -820 -823 -752 -950 -450 -649 -1318 -76 -993 -772 -637 -440 -352 -523 -542 -272 -239 -286 -301 -484 -413 -731 -709 -668 -577 -502 -414 -412 -787 -764 -743 -715 -710 -706 -706 -709
-1032 -1506 -1474 -1448 -1438 -1421 -1425 -1426 -1433 -1465 -1563 -1121 -1150 -1170 -1197 -1204 -1157 -970 -758 -790 -971 -946 -918 -928 -490 -516 -503 -485 -436 -328 -240 -166 -584 -663 -767 -629 -572 -71 -337 -1528 -1545 -1032 -691 -392 -437 -354 -529 -522 -508 56 53 -443 -403 -715 -419 -437 -682 -550 -488 -411 -781 -749 -722 -702 -679 -674 -672 -675 -683
-1018 -1499 -1480 -1451 -1414 -1414 -1425 -1425 -1411 -1421 -1495 -1044 -1097 -1127 -1147 -1160 -1163 -1165 -1144 -1035 -387 -249 -259 -46 -64 -185 -409 -345 -268 -206 -86 -502 -435 -445 -443 -648 -11 -402 -410 -1099 -1608 -1448 -974 -385 -388 -285 -504 -470 -454 56 75 -676 -673 -691 -397 -423 -701 -563 -485 -448 -871 -743 -694 -673 -651 -650 -651 -658 -670
-1507 -1498 -1480 -1432 -1412 -1407 -1420 -1431 -1412 -1385 -1454 -1525 -1060 -1091 -1105 -1118 -1125 -1135 -1147 -1148 -1153 -677 -429 -322 186 140 64 -51 -251 -431 -433 -337 -679 -531 -644 -257 -147 -244 -176 -1485 -1453 -1377 -712 -612 -401 -521 -470 -425 -411 70 -362 -635 -636 -646 -665 -646 -642 -566 -501 -485 -855 -778 -694 -656 -638 -637 -641 -651 -667
-1478 -1453 -1436 -1419 -1410 -1399 -1414 -1421 -1408 -1362 -1417 -1499 -1043 -1071 -1068 -1060 -1070 -1086 -1111 -1128 -1149 -709 -720 -666 -546 -128 -96 118 -263 -359 -1011 -753 -666 -871 -665 -267 -138 -263 -78 -1606 -1363 -1327 -947 -547 -458 -499 -460 -403 -391 -385 -348 -573 -593 -616 -658 -624 -536 -488 -495 -874 -834 -780 -707 -647 -649 -634 -643 -661 -682
-1458 -1440 -1428 -1413 -1401 -1394 -1409 -1404 -1383 -1326 -1372 -1474 -1030 -1050 -1037 -998 -993 -1006 -1041 -1092 -1125 -1142 -698 -698 -655 -242 -213 -8 136 156 -503 -606 -471 -899 -636 206 -193 -584 -122 -1513 -1431 -1358 -259 -444 -257 -254 -478 -385 -373 -373 -653 -547 -596 -624 -664 -699 -631 -560 -500 -893 -830 -787 -732 -680 -657 -640 -653 -672 -696
-1444 -1429 -1418 -1407 -1393 -1400 -1402 -1381 -1311 -1308 -1343 -1420 -1510 -1534 -1514 -1455 -1457 -1444 -938 -1000 -1042 -1060 -613 -639 -640 -273 -199 -34 152 -147 31 -471 -574 -559 53 333 -45 -1639 -1409 -1541 -1525 -1307 -285 -463 -213 -284 -479 -393 -337 -656 -643 -580 -601 -614 -681 -783 -783 -674 -580 -486 -844 -801 -747 -698 -690 -681 -669 -685 -713
-1417 -1410 -1404 -1388 -1389 -1405 -1384 -1311 -1282 -1275 -1304 -1354 -1415 -1485 -1486 -1460 -1435 -1435 -1445 -972 -1022 -1027 -1050 -594 -622 -246 -663 -292 -597 -399 -588 -189 -14 74 -476 -1247 121 -1866 -1730 -1517 -1625 -1106 -722 -425 -398 -297 -521 -400 -595 -581 -612 -603 -593 -588 -685 -431 -548 -756 -589 -835 -831 -809 -762 -727 -740 -740 -731 -743 -771
-1383 -1374 -1367 -1361 -1383 -1404 -1351 -1293 -1252 -1225 -1257 -1291 -1376 -1124 -1640 -1081 -1103 -1308 -1415 -1465 -988 -1007 -1024 -1005 -584 -609 -656 -617 -570 -439 -703 -425 -265 -178 -1245 -1407 81 -1169 -1502 -1483 -1382 -834 -489 66 -406 -363 -543 -340 -475 -453 -557 -534 -471 -525 -599 -659 -427 -694 -494 -793 -785 -793 -767 -765 -786 -784 -778 -788 -803
-1393 -1387 -1378 -1372 -1350 -1392 -1335 -1291 -1211 -1185 -1198 -1216 -1325 -1048 -1550 -1547 -1158 -1225 -1282 -1357 -1428 -946 -988 -1000 -566 -565 -552 -521 -478 -358 -286 -386 -424 -520 -777 -261 -1774 -1827 -1385 -1352 -1515 -785 -241 98 25 93 57 97 -464 -430 -512 -493 -410 -469 -535 -551 -575 -602 -488 -809 -793 -800 -780 -797 -818 -815 -806 -823 -824
-1395 -1384 -1383 -1380 -1364 -1345 -1330 -1288 -1192 -1189 -1202 -1209 -1264 -1046 -1507 -1098 -1189 -1204 -1220 -1222 -1279 -824 -891 -959 -541 -508 -917 -436 -437 -463 -445 -909 -869 -739 -882 -722 -1287 -1390 -1406 -1351 -975 -598 -314 118 82 -20 -453 -624 -539 -479 -517 -504 -400 -857 -468 -483 -483 -506 -489 -835 -802 -795 -790 -827 -838 -833 -825 -863 -845
-1377 -1381 -1386 -1387 -1373 -1368 -1325 -1287 -1205 -1195 -1199 -1194 -1235 -1217 -1170 -1188 -1236 -1233 -1223 -1188 -1151 -680 -750 -837 -897 -894 -863 -820 -995 -1100 -1100 -1128 -1055 -1115 -1106 -1095 -1200 -776 -769 -1325 -726 -514 120 199 108 -564 -451 -690 -603 -548 -509 -490 -773 -846 -817 -837 -852 -856 -856 -833 -805 -796 -804 -897 -897 -891 -882 -876 -863
-1362 -1377 -1390 -1394 -1380 -1375 -1353 -1323 -1222 -1210 -1195 -1190 -1222 -1241 -1236 -1236 -1266 -1272 -1246 -1215 -1157 -1134 -583 -655 -735 -757 -749 -741 -828 -1067 -1133 -1127 -1130 -1316 -1196 -1092 -979 -1404 -1251 -991 -725 -275 86 108 9 -500 -414 -704 -629 -550 -498 -886 -740 -850 -824 -841 -846 -837 -834 -826 -834 -880 -895 -902 -889 -888 -878 -873 -865
-1368 -1385 -1399 -1401 -1389 -1385 -1376 -1365 -1292 -1210 -1184 -1168 -1224 -1246 -1251 -1251 -1269 -1293 -1287 -1267 -1223 -1150 -1111 -600 -673 -707 -713 -706 -724 -745 -968 -1082 -1126 -1138 -1137 -1082 -863 -817 -963 -929 -353 80 114 47 -336 -464 -708 -652 -591 -561 -534 -924 -846 -938 -893 -945 -917 -844 -866 -871 -892 -894 -902 -905 -888 -883 -872 -864 -858
-1384 -1400 -1410 -1412 -1402 -1396 -1397 -1402 -1365 -1229 -1227 -1244 -1257 -1256 -1253 -1254 -1256 -1281 -1300 -1289 -1285 -1241 -1183 -609 -626 -657 -678 -679 -643 -563 -635 -763 -746 -941 -872 -811 -1039 -717 -984 -333 -242 70 -153 -404 -557 -467 -734 -673 -640 -616 -577 -952 -832 -904 -861 -941 -903 -892 -917 -912 -910 -905 -913 -907 -889 -882 -870 -862 -857
-1411 -1418 -1421 -1423 -1413 -1407 -1404 -1424 -1182 -1666 -1195 -1249 -1264 -1268 -1264 -1248 -1248 -1269 -1291 -1314 -1328 -1326 -1289 -712 -626 -648 -681 -723 -730 -687 -652 -555 -582 -628 -1001 -1069 -1013 -936 -907 -595 -56 -63 -223 -619 -537 -829 -787 -756 -720 -679 -650 -998 -916 -893 -910 -931 -955 -942 -930 -922 -927 -924 -913 -904 -890 -882 -871 -863 -858
-1435 -1432 -1433 -1433 -1425 -1417 -1398 -1408 -1388 -1303 -1217 -1239 -1255 -1260 -1264 -1258 -1201 -1212 -1282 -1336 -1380 -884 -875 -814 -789 -494 -550 -586 -643 -728 -680 -874 -776 -1031 -1079 -1079 -1045 -947 -872 -308 -126 -207 -390 -598 -555 -858 -844 -821 -761 -682 -651 -632 -1020 -624 -910 -989 -969 -959 -947 -931 -932 -940 -923 -899 -889 -884 -876 -869 -863
-938 -1449 -1442 -1439 -1432 -1418 -1390 -1387 -1457 -1396 -1339 -1253 -1243 -1249 -1248 -1249 -1222 -1207 -1231 -1286 -867 -914 -927 -897 -862 -805 -745 -571 -411 -364 -619 -429 -584 -1038 -1080 -1126 -1088 -984 -872 -706 -207 -345 -354 -612 -570 -590 -893 -814 -758 -680 -648 -1027 -1011 -1002 -1009 -989 -978 -970 -952 -935 -939 -945 -937 -912 -888 -883 -876 -870 -864
-950 -1458 -1446 -1439 -1431 -1413 -1382 -1371 -1398 -1406 -1379 -1351 -1257 -1222 -1208 -1222 -1213 -1193 -1230 -1285 -841 -896 -922 -925 -890 -891 -840 -799 -177 -509 -276 -615 -1068 -1102 -1138 -1312 -1184 -1043 -872 -730 -308 -523 -582 -608 -594 -589 -886 -810 -757 -683 -648 -1027 -1008 -996 -988 -979 -975 -969 -954 -942 -945 -947 -938 -923 -898 -882 -874 -868 -863
-958 -1462 -1447 -1434 -1420 -1401 -1368 -1340 -1344 -1366 -1400 -1375 -1327 -1246 -1163 -1163 -1157 -1178 -1225 -1270 -807 -890 -951 -961 -945 -877 -996 -849 -402 -185 -716 -686 -1105 -1095 -1314 -1400 -1116 -1069 -796 -741 -500 -471 -524 -577 -619 -901 -864 -807 -728 -690 -649 -1031 -1005 -987 -982 -971 -968 -966 -951 -944 -949 -948 -938 -926 -909 -878 -869 -863 -859
-962 -1462 -1443 -1424 -1407 -1380 -1333 -1289 -1269 -1288 -1379 -1393 -1355 -1295 -1238 -1166 -1134 -1108 -1139 -1185 -744 -854 -546 -1006 -967 -889 -490 -613 -613 -798 -798 -704 -1120 -1120 -1187 -1133 -1156 -275 -500 -586 -792 -809 -811 -591 -937 -878 -844 -787 -759 -730 -714 -669 -1017 -986 -974 -963 -962 -959 -945 -941 -947 -946 -935 -926 -912 -882 -866 -861 -857
-963 -1459 -1436 -1413 -1384 -1337 -1278 -1276 -1269 -1250 -1282 -1389 -1384 -1347 -1276 -1178 -1111 -1075 -1100 -1154 -704 -827 -536 -1006 -968 -484 -656 -590 -594 -897 -851 -770 -758 -728 -790 -782 -542 -252 -221 -826 -840 -843 -798 -850 -922 -860 -834 -774 -761 -752 -728 -693 -1042 -1003 -975 -957 -955 -950 -937 -935 -941 -939 -931 -924 -910 -885 -864 -859 -856
-1479 -1453 -1426 -1399 -1354 -1290 -1288 -1275 -1265 -1249 -1260 -1350 -1398 -1372 -1287 -1192 -1082 -1067 -1105 -628 -702 -779 -889 -905 -323 -561 -614 -538 -967 -943 -902 -590 -550 -541 -455 -565 -523 -473 -476 -761 -955 -913 -552 -713 -992 -855 -825 -753 -755 -745 -727 -699 -656 -1018 -979 -953 -948 -942 -931 -930 -934 -932 -927 -922 -909 -885 -864 -859 -856
-972 -1449 -1423 -1393 -1340 -1296 -1292 -1279 -1267 -1259 -1276 -1349 -1419 -1401 -1293 -1267 -1187 -1152 -724 -811 -677 -808 -869 -318 -511 -511 -557 -1051 -1008 -698 -668 -624 -1055 -955 -509 -516 -476 -774 -771 -436 -459 -693 -601 -563 -623 -893 -812 -758 -753 -742 -726 -702 -661 -1018 -982 -951 -943 -936 -927 -927 -928 -926 -923 -920 -907 -883 -861 -857 -854
-1001 -1450 -1429 -1403 -1352 -1304 -1296 -1289 -1282 -1280 -1134 -1152 -1213 -1228 -1231 -1365 -790 -844 -510 -536 -893 -895 -473 -368 -678 -649 -1088 -770 -747 -699 -658 -1096 -1091 -1187 -548 -468 -819 -703 -767 -874 -495 -701 -650 -630 -901 -867 -804 -778 -755 -741 -724 -698 -654 -1010 -982 -956 -943 -932 -925 -924 -923 -921 -917 -914 -902 -880 -855 -852 -850
-1029 -1486 -1439 -1391 -1405 -1311 -1304 -1284 -1301 -1299 -1140 -1145 -1159 -1221 -1260 -1263 -985 -565 -618 -634 -533 -56 -456 -663 -631 -1021 -1059 -1033 -971 -682 -643 -1097 -675 -918 -551 -852 -583 -717 -750 -877 -916 -438 -669 -699 -901 -887 -828 -774 -749 -733 -717 -690 -1037 -1012 -988 -963 -946 -933 -924 -920 -917 -914 -911 -906 -895 -874 -847 -844 -843
-1035 -1507 -1445 -1395 -1358 -1397 -1304 -1289 -1105 -1112 -1141 -1292 -1166 -1250 -785 -1269 -773 -1144 -731 -624 -88 -160 -728 -736 -698 -1079 -1086 -769 -727 -677 -650 -883 -908 -923 -891 -1039 -945 -872 -783 -780 -837 -410 -677 -640 -583 -883 -805 -765 -743 -716 -695 -665 -632 -1009 -988 -967 -950 -935 -922 -914 -910 -908 -904 -897 -887 -867 -839 -838 -838
-1048 -1007 -1475 -1406 -1373 -1324 -1393 -1109 -1105 -1115 -1280 -1224 -1331 -1283 -803 -1294 -810 -856 -856 -346 -90 -491 -905 -905 -1094 -1068 -1068 -760 -713 -663 -809 -831 -868 -885 -865 -957 -905 -812 -813 -631 -840 -403 -669 -580 -547 -844 -797 -767 -735 -699 -681 -659 -1028 -1002 -983 -965 -950 -934 -917 -906 -903 -902 -897 -890 -879 -859 -834 -834 -834
-1057 -1011 -1480 -1443 -1409 -1420 -1422 -1118 -1308 -1296 -1281 -1207 -1206 -1271 -1277 -1294 -656 -677 -775 -351 -310 -346 -602 -639 -698 -1070 -1026 -973 -909 -644 -801 -838 -941 -971 -866 -971 -885 -758 -708 -1209 -817 -391 -665 -589 -823 -821 -793 -768 -727 -699 -679 -655 -1021 -991 -971 -957 -946 -931 -910 -898 -897 -897 -891 -883 -870 -849 -830 -831 -830
-1082 -1040 -996 -1459 -1246 -1377 -1210 -1149 -1112 -1365 -1495 -1457 -1218 -1247 -1250 -1070 -651 -747 -821 -650 -505 -475 -396 -784 -702 -1058 -970 -916 -876 -814 -830 -867 -1072 -816 -802 -746 -807 -909 -671 -761 -554 -408 -679 -592 -852 -810 -782 -751 -716 -696 -675 -651 -1016 -982 -960 -947 -940 -927 -904 -892 -891 -891 -884 -877 -861 -834 -828 -829 -828
-1109 -1073 -1336 -1295 -1261 -1416 -1230 -1183 -1117 -1112 -1546 -1586 -1127 -1144 -1008 -961 -996 -701 -769 -729 -748 -638 -994 -670 -679 -1015 -952 -880 -836 -799 -839 -861 -861 -849 -893 -811 -767 -1060 -928 -339 -632 -410 -408 -588 -829 -764 -744 -727 -706 -686 -666 -642 -1010 -976 -953 -939 -934 -922 -902 -888 -885 -881 -874 -867 -848 -827 -828 -829 -828
-967 -1441 -1390 -1335 -1286 -1256 -1246 -1222 -1160 -1113 -1435 -1484 -1114 -1155 -1096 -1071 -1074 -748 -738 -643 -554 -578 -651 -692 -662 -998 -922 -856 -825 -805 -852 -778 -824 -888 -559 -885 -811 -644 -574 -375 -372 -385 -662 -564 -772 -732 -724 -712 -695 -678 -658 -632 -1000 -971 -949 -934 -928 -918 -901 -886 -876 -867 -855 -844 -826 -828 -830 -831 -829
-991 -954 -1428 -1376 -1328 -1285 -1268 -1252 -1223 -1183 -1426 -1443 -1083 -1130 -1183 -1067 -1062 -668 -786 -902 -874 -809 -640 -672 -629 -963 -892 -841 -821 -816 -876 -1045 -830 -557 -628 -578 -830 -681 -359 -276 -396 -637 -608 -820 -722 -708 -704 -695 -685 -671 -652 -625 -992 -966 -947 -931 -924 -915 -899 -879 -859 -842 -820 -820 -827 -829 -831 -832 -830
-1010 -979 -939 -1028 -1368 -1324 -1301 -1276 -1258 -1258 -1476 -1219 -1175 -1162 -1215 -1012 -1043 -1100 -1158 -1193 -702 -555 -685 -642 -581 -929 -873 -831 -822 -862 -893 -919 -930 -605 -621 -544 -416 -431 -273 -216 -233 -598 -513 -729 -690 -695 -688 -681 -674 -663 -646 -1018 -984 -961 -944 -928 -921 -910 -887 -850 -836 -826 -823 -826 -830 -833 -835 -835 -832
-1012 -988 -959 -919 -1410 -1366 -1344 -1319 -1302 -1324 -1345 -1320 -1288 -1270 -1254 -1278 -1002 -998 -1017 -660 -554 -741 -708 -629 -972 -925 -881 -863 -871 -903 -931 -940 -902 -516 -512 -489 -342 -115 -132 -319 -442 -520 -771 -691 -684 -680 -672 -665 -659 -650 -633 -1004 -974 -953 -938 -924 -912 -902 -855 -848 -840 -837 -834 -835 -834 -838 -840 -837 -831
-1012 -993 -967 -929 -899 -1393 -1375 -1369 -1355 -838 -833 -831 -862 -856 -827 -1009 -937 -1126 -643 -794 -516 -782 -700 -645 -992 -950 -918 -906 -915 -938 -966 -981 -929 -514 -469 -345 34 -98 -127 -249 -402 -540 -752 -699 -673 -665 -653 -647 -642 -633 -1016 -989 -964 -947 -934 -919 -896 -898 -855 -849 -845 -845 -845 -844 -842 -843 -842 -837 -829
-1000 -984 -959 -929 -908 -876 -863 -867 -858 -864 -853 -876 -896 -904 -999 -954 -543 -656 -665 -612 -849 -783 -712 -646 -999 -971 -946 -933 -946 -985 -1015 -637 -613 -543 -437 -33 -145 -126 -119 -480 -387 -539 -763 -701 -668 -656 -644 -636 -629 -1018 -997 -976 -958 -945 -934 -916 -875 -928 -857 -852 -849 -849 -850 -851 -850 -847 -841 -835 -825
-983 -973 -960 -935 -913 -871 -858 -871 -882 -889 -899 -934 -959 -624 -828 -468 -758 -695 -653 -913 -871 -823 -762 -663 -1006 -988 -983 -977 -995 -1031 -678 -677 -605 -531 -481 -239 -204 -318 -310 -460 -647 -489 -754 -696 -668 -651 -637 -624 -1015 -1003 -985 -966 -953 -944 -934 -913 -869 -862 -857 -854 -850 -849 -851 -854 -854 -849 -839 -831 -819
-974 -976 -967 -943 -908 -880 -871 -895 -914 -930 -934 -633 -543 -688 -755 -768 -920 -875 -694 -618 -880 -822 -788 -738 -1067 -1040 -1024 -1024 -653 -699 -737 -699 -633 -256 -268 -354 -208 -312 -272 -438 -601 -799 -741 -688 -665 -646 -631 -1017 -1004 -992 -978 -964 -953 -943 -929 -905 -871 -864 -859 -855 -851 -849 -848 -851 -852 -846 -835 -824 -810
-970 -974 -969 -947 -914 -904 -914 -934 -954 -958 -624 -841 -977 -717 -786 -775 -740 -871 -725 -624 -884 -863 -788 -749 -709 -682 -1072 -688 -718 -753 -788 -430 -368 -365 -331 -380 -193 -292 -499 -659 -567 -765 -718 -682 -662 -639 -621 -1006 -995 -983 -972 -961 -950 -939 -921 -893 -870 -866 -861 -857 -853 -850 -847 -848 -846 -839 -827 -815 -798
-1078 -1061 -1036 -1060 -1079 -648 -674 -699 -533 -552 -709 -605 -574 -558 -537 -800 -796 -712 -685 -932 -900 -867 -825 -791 -740 -718 -724 -766 -794 -492 -532 -495 -412 -413 -401 -195 -434 -256 -414 -634 -868 -741 -703 -671 -651 -630 -1012 -998 -988 -977 -967 -957 -946 -934 -911 -876 -871 -866 -862 -858 -854 -849 -845 -843 -837 -829 -815 -801 -781
-1039 -999 -1035 -598 -595 -541 -582 -628 -405 -242 -483 -754 -633 -664 -588 -592 -539 -777 -697 -917 -872 -854 -842 -833 -790 -755 -792 -847 -552 -568 -589 -542 -448 -455 -182 -229 -387 -403 -645 -623 -790 -722 -689 -661 -642 -621 -1004 -990 -981 -971 -962 -952 -941 -926 -894 -877 -873 -868 -863 -859 -854 -848 -841 -835 -828 -818 -802 -785 -759
-986 -1011 -1023 -648 -590 -572 -126 -173 -570 -739 -576 -550 -602 -622 -582 -528 -588 -794 -614 -883 -861 -854 -835 -845 -840 -831 -864 -593 -638 -623 -345 -320 -511 -445 -240 -205 -378 -668 -652 -829 -773 -711 -677 -649 -631 -1011 -994 -981 -974 -965 -955 -945 -931 -912 -882 -879 -875 -870 -865 -860 -853 -846 -838 -829 -820 -806 -783 -760 -743
