---
Cu Cloudbase (Sfc. LCL) [m] Valid 1500 NZST ~Z75~(0300Z)~Z~ TUE 6 Jan 2026 ~Z75~[75hrFcst@2119z]~Z~
Model= RASP Region= NZ Grid= d2 Reskm= 2.0 Indexs= 1 69 1 69 Proj= lambert 2000 2000 -35.0000 -42.0000 176.0000 -37.7968 175.7263
Day= 2026 1 6 TUE ValidLST= 1500 NZST ValidZ= 300 Fcst= 75.0 Init= 70 Param= zsfclcl Unit= m Mult= 1 Min= 306 Max= 2219
1326 1308 1290 1272 1249 1240 1239 1236 1228 1214 1216 1228 1254 1289 1334 1389 1440 1488 1525 1572 1625 1671 1712 1743 1762 1768 1787 1786 1789 1795 1802 1799 1786 1753 1735 1733 1742 1748 1762 1776 1795 1814 1827 1849 1882 1931 1954 1956 1939 1939 1946 1972 1989 2004 2011 2025 2042 2051 2062 2070 2100 2114 2145 2197 2219 2214 2193 2183 2173
1287 1274 1262 1247 1235 1225 1222 1217 1212 1202 1203 1213 1233 1265 1309 1366 1422 1474 1525 1575 1624 1673 1722 1742 1757 1768 1771 1766 1766 1756 1770 1769 1747 1723 1711 1710 1718 1739 1753 1768 1786 1810 1829 1854 1880 1912 1925 1910 1901 1885 1888 1912 1947 1974 1992 1998 2013 2030 2054 2062 2070 2077 2092 2118 2133 2132 2129 2127 2122
1242 1233 1226 1217 1210 1205 1205 1204 1203 1205 1209 1218 1232 1265 1298 1349 1405 1458 1529 1575 1623 1682 1712 1731 1740 1746 1745 1738 1737 1736 1742 1747 1748 1720 1707 1706 1697 1735 1751 1766 1786 1811 1835 1855 1879 1896 1898 1875 1874 1874 1879 1901 1935 1960 1978 1977 1983 1988 2007 2009 2020 2027 2028 2012 1996 1996 2024 2041 2044
1192 1186 1183 1180 1179 1180 1182 1190 1205 1225 1245 1251 1254 1272 1298 1333 1383 1435 1505 1581 1630 1665 1687 1694 1703 1706 1702 1693 1693 1700 1715 1729 1717 1738 1724 1720 1742 1747 1749 1767 1788 1814 1848 1853 1882 1891 1863 1849 1848 1851 1863 1890 1940 1949 1976 1954 1947 1933 1930 1917 1940 1961 1963 1879 1791 1806 1884 1925 1935
1152 1149 1151 1154 1156 1159 1168 1179 1209 1192 1447 1309 1190 1272 1324 1351 1334 1376 1453 1523 1572 1617 1636 1653 1664 1670 1666 1656 1655 1670 1693 1717 1736 1744 1750 1755 1753 1753 1749 1756 1781 1812 1848 1883 1901 1891 1868 1826 1824 1841 1861 1884 1928 1935 1899 1883 1910 1938 1844 1834 1872 1892 1919 1734 1550 1662 1776 1826 1817
1124 1130 1138 1146 1155 1164 1175 1192 1218 1236 1268 1292 1296 1319 1272 1241 1339 1427 1498 1596 1659 1685 1727 1738 1735 1700 1630 1606 1620 1664 1697 1738 1740 1736 1735 1731 1727 1735 1722 1780 1830 1829 1878 1843 1807 1822 1835 1865 1898 1934 1924 1937 1937 1766 1798 1897 1920 1819 1761 1815 1881 1909 1903 1624 1390 1516 1672 1721 1683
1116 1124 1134 1143 1150 1159 1169 1188 1214 1248 1261 1287 1317 1331 1283 1353 1464 1502 1468 1456 1494 1550 1594 1637 1628 1559 1546 1630 1683 1753 1752 1727 1716 1717 1727 1702 1706 1726 1780 1813 1816 1771 1790 1764 1806 1845 1883 1907 1933 1956 1964 1949 1768 1467 1794 1866 1862 1758 1734 1728 1771 1759 1800 1383 1187 1335 1574 1602 1545
1111 1119 1129 1138 1147 1157 1166 1185 1213 1254 1273 1287 1350 1371 1317 1365 1401 1349 1207 1291 1365 1478 1590 1623 1601 1584 1621 1686 1738 1730 1693 1709 1726 1700 1725 1734 1752 1772 1776 1767 1766 1785 1779 1806 1834 1890 1925 1950 1977 1995 1970 2017 1717 1441 1648 1693 1701 1638 1643 1613 1644 1659 1793 1632 1147 1263 1465 1507 1406
1141 1150 1160 1163 1165 1171 1181 1198 1221 1264 1280 1336 1387 1373 1354 1345 1344 1357 1381 1392 1382 1409 1516 1554 1596 1621 1630 1632 1635 1645 1662 1675 1669 1660 1694 1720 1750 1766 1766 1773 1797 1790 1802 1856 1893 1918 1945 1962 1985 1995 1988 1997 1608 1462 1519 1562 1650 1618 1587 1553 1551 1563 1633 1523 1240 1238 1363 1376 1277
1202 1219 1225 1218 1210 1210 1213 1246 1248 1266 1280 1305 1322 1349 1364 1364 1367 1386 1402 1388 1371 1414 1502 1596 1672 1700 1690 1663 1663 1714 1707 1704 1693 1727 1747 1764 1763 1750 1755 1781 1777 1796 1816 1874 1916 1947 1982 2009 2045 2055 2067 2002 1609 1524 1646 1646 1563 1530 1519 1499 1510 1556 1548 1441 1293 1248 1243 1228 1150
1232 1251 1280 1259 1254 1245 1265 1260 1264 1278 1280 1273 1276 1207 1198 1237 1254 1267 1284 1303 1330 1379 1451 1522 1572 1581 1568 1610 1670 1710 1733 1740 1732 1762 1735 1707 1693 1708 1743 1779 1812 1835 1844 1891 1930 1964 2007 2033 2066 2069 2082 1980 1615 1572 1543 1512 1466 1442 1445 1483 1505 1511 1498 1445 1204 1166 1243 1173 1074
1246 1278 1300 1278 1273 1289 1267 1260 1254 1261 1246 1138 1176 1115 1183 1236 1236 1209 1255 1329 1376 1434 1502 1557 1591 1604 1595 1614 1639 1666 1680 1677 1672 1675 1679 1697 1728 1761 1790 1813 1823 1829 1839 1900 1952 1996 2039 2058 2083 2083 2089 1986 1473 1380 1515 1362 1355 1339 1363 1438 1459 1456 1464 1233 1194 1202 1176 1159 1039
1233 1251 1273 1260 1256 1281 1270 1256 1252 1240 1162 1203 1206 1193 1199 1205 1186 1226 1314 1363 1324 1325 1436 1535 1589 1625 1671 1774 1783 1798 1796 1767 1740 1737 1755 1814 1815 1819 1828 1833 1837 1901 1955 1994 2026 2049 2065 2074 2084 2091 2075 2064 1616 1391 1385 1404 1385 1328 1337 1376 1410 1399 1399 1247 1274 1283 1216 1139 1049
1208 1221 1235 1247 1248 1232 1225 1218 1212 1203 1178 1164 1149 1162 1177 1177 1222 1311 1356 1350 1338 1418 1535 1619 1680 1736 1780 1822 1829 1842 1829 1770 1793 1820 1878 1900 1871 1859 1855 1857 1889 1972 2026 2049 2053 2060 2071 2081 2084 2088 2070 2073 1873 1615 1429 1431 1445 1398 1306 1297 1333 1253 1219 1254 1393 1380 1284 1186 1048
1157 1173 1194 1184 1175 1169 1167 1166 1165 1177 1144 1154 1154 1166 1180 1227 1307 1363 1325 1304 1376 1467 1532 1576 1608 1651 1727 1788 1792 1783 1688 1656 1714 1772 1845 1902 1903 1874 1868 1891 1966 2013 2030 1977 1993 2023 2052 2069 2072 2075 2023 2045 2003 1950 1661 1418 1574 1501 1241 1191 1229 1286 1335 1358 1299 1286 1226 1153 1042
1090 1105 1109 1110 1128 1118 1112 1114 1118 1133 1140 1156 1181 1206 1256 1299 1314 1300 1307 1412 1522 1579 1605 1634 1659 1638 1649 1685 1718 1755 1725 1813 1828 1835 1851 1870 1883 1920 1977 2005 1967 1958 1953 1953 1966 1996 2020 2030 2046 2049 2045 2048 1904 1874 1657 1375 1480 1298 1092 1028 1114 1172 1226 1189 1100 1199 1156 1114 1022
1044 1056 1060 1067 1066 1064 1063 1064 1068 1083 1096 1121 1029 1017 1113 1278 1305 1287 1303 1371 1455 1515 1548 1565 1600 1672 1749 1803 1850 1890 1903 1901 1875 1854 1818 1784 1790 1837 1889 1914 1929 1979 1996 1986 1966 1966 1981 1990 2001 1970 1994 1999 1932 1884 1581 1267 1222 715 726 745 1003 1087 1154 1231 1125 1134 1123 1086 1012
1005 1024 1032 1043 1043 1063 1054 1045 1044 1049 1045 1045 1002 835 829 1057 1106 1287 1319 1367 1452 1534 1584 1594 1585 1614 1676 1745 1804 1838 1845 1837 1791 1771 1773 1786 1804 1828 1856 1873 1887 1881 1906 1942 1997 2063 2086 2080 2068 2057 2048 2034 1921 1840 1493 1004 736 734 702 727 870 1042 1124 1149 1119 1090 1071 1058 1009
968 1006 1027 1046 1043 1047 1052 1047 1035 1006 997 1006 1036 1059 1119 1227 1260 1270 1330 1379 1419 1489 1564 1624 1673 1702 1714 1726 1757 1805 1824 1809 1750 1716 1705 1715 1729 1738 1745 1777 1809 1877 1974 2046 2061 2047 2033 2019 2010 1973 1983 1977 1953 1888 1524 764 756 686 665 693 732 999 1095 1099 1055 1054 1040 1026 1014
952 983 1005 1025 1036 1063 1064 1069 1020 1014 1010 1024 1052 1100 1192 1307 1369 1348 1341 1394 1440 1513 1626 1738 1820 1864 1875 1869 1836 1804 1804 1811 1799 1776 1759 1759 1736 1733 1715 1711 1726 1791 1889 1978 2022 2040 2042 2039 2033 2027 2024 2006 1930 1861 1646 1031 769 791 755 747 795 952 1080 1082 1021 1019 1008 1001 1005
943 974 997 1017 1032 1045 1066 1048 1000 1017 1012 1025 1055 1124 1246 1342 1371 1381 1371 1408 1492 1543 1600 1674 1745 1797 1830 1853 1854 1825 1793 1759 1760 1744 1728 1720 1660 1636 1654 1683 1683 1702 1742 1805 1884 1947 1981 1994 1995 1988 1955 1940 1848 1834 1630 1273 881 891 853 818 841 884 1080 1046 924 950 956 964 983
926 957 983 1008 1024 1039 1061 1086 1062 1062 1026 1002 1045 1156 1275 1344 1385 1421 1458 1510 1584 1637 1668 1703 1749 1779 1806 1855 1889 1877 1845 1801 1781 1761 1748 1741 1700 1700 1726 1759 1787 1778 1759 1799 1904 1997 2044 2057 2049 2030 2009 1864 1737 1660 1491 1340 1028 940 928 923 974 1009 1008 976 971 967 953 962 954
920 949 974 1000 1020 1033 1085 1090 1057 1060 1041 1060 1094 1126 1137 1188 1497 1604 1426 1410 1471 1514 1553 1591 1643 1719 1816 1899 1936 1935 1915 1883 1850 1825 1811 1807 1778 1783 1756 1731 1752 1823 1855 1856 1894 1953 1991 2006 1989 1860 1751 1655 1622 1461 1302 1307 1285 1064 985 995 1092 1105 1088 1053 1022 1003 971 948 931
917 950 969 993 1011 1056 1056 1076 1047 1007 1009 998 995 1014 1067 1077 1186 1329 1423 1466 1478 1487 1502 1532 1595 1662 1731 1791 1832 1853 1855 1846 1835 1822 1806 1801 1801 1812 1820 1790 1767 1804 1832 1881 1948 2006 2030 1984 1805 1521 1440 1449 1408 1311 1272 1262 1279 1298 1227 1122 1078 1062 1035 1024 1000 997 958 933 912
918 943 970 986 1002 1027 1035 1039 1037 980 968 988 1060 1113 1133 1154 1234 1354 1423 1476 1519 1522 1531 1612 1720 1794 1826 1845 1867 1888 1899 1897 1895 1892 1883 1875 1881 1906 1904 1849 1854 1864 1884 1911 1944 1982 1871 1579 1357 1277 1300 1321 1285 1240 1203 1212 1255 1285 1161 1108 1076 1061 1040 1025 991 971 943 919 900
924 944 964 982 995 1010 1019 1021 1012 981 959 983 1033 1088 1136 1144 1169 1309 1421 1438 1481 1571 1603 1596 1645 1717 1769 1805 1831 1851 1863 1864 1859 1870 1906 1924 1907 1904 1896 1860 1841 1812 1822 1919 2022 1943 1482 1229 1175 1175 1201 1224 1213 1194 1204 1219 1226 1263 1185 1114 1055 1027 1042 1029 976 955 926 901 884
936 954 981 988 993 1003 1009 1012 1011 1002 967 977 1007 1062 1090 1076 1161 1349 1479 1512 1508 1536 1570 1596 1648 1723 1810 1880 1921 1941 1953 1956 1935 1903 1902 1943 1977 1996 1985 1920 1895 1889 1888 1940 1953 1526 1191 1142 1117 1111 1141 1177 1171 1156 1162 1175 1187 1218 1197 1108 1040 1035 1019 1006 959 935 906 880 862
946 967 990 996 999 1003 1010 1015 1019 1030 1027 1021 1033 1117 1184 1201 1238 1343 1457 1540 1592 1629 1665 1709 1759 1810 1871 1912 1921 1921 1926 1944 1971 1985 1980 1964 1940 1955 1986 1971 1933 1920 1929 2024 1782 1245 1132 1078 1049 1046 1079 1128 1127 1119 1126 1134 1144 1176 1179 1097 1012 1004 989 980 943 913 883 854 831
977 995 1008 1008 1012 1015 1018 1024 1029 1045 1054 1054 1042 1091 1182 1212 1228 1340 1457 1518 1563 1608 1642 1869 1793 1799 1822 1843 1876 1915 1935 1938 1942 1955 1962 1966 1973 1959 1900 1876 1873 1878 1895 1947 1478 1104 1064 1024 998 987 1028 1093 1087 1082 1081 1081 1099 1140 1144 1071 966 968 951 948 933 883 856 828 800
1010 1015 1019 1022 1027 1032 1031 1036 1038 1049 1065 1086 1110 1162 1222 1251 1274 1388 1543 1618 1659 1702 1754 1822 1874 1902 1907 1880 1865 1879 1894 1895 1895 1901 1928 1954 1910 1824 1742 1761 1842 1891 1941 1914 1356 1034 1010 980 951 930 985 1061 1043 1041 1030 1024 1051 1101 1105 1031 935 911 899 916 887 848 829 802 769
1069 1059 1049 1045 1046 1046 1048 1050 1051 1056 1054 1084 1114 1132 1141 1180 1242 1416 1573 1625 1646 1679 1724 1767 1819 1858 1883 1882 1873 1868 1872 1873 1872 1872 1857 1823 1779 1751 1719 1718 1782 1834 1920 1832 1233 978 963 940 910 875 946 1029 993 997 964 965 1001 1037 1054 977 895 881 874 873 821 806 800 775 740
1082 1074 1064 1059 1054 1051 1058 1060 1064 1068 1052 1068 1065 1086 1098 1133 1267 1472 1585 1671 1746 1795 1826 1849 1872 1895 1922 1943 1940 1925 1899 1850 1830 1818 1795 1786 1780 1767 1761 1782 1816 1866 1933 1940 1425 1002 917 897 868 817 906 996 929 943 930 898 956 1003 990 905 856 846 837 805 775 760 760 736 694
1051 1065 1065 1064 1058 1053 1059 1066 1074 1086 1095 1106 1139 1211 1268 1289 1403 1593 1662 1679 1740 1816 1874 1907 1920 1920 1927 1939 1950 1941 1916 1881 1829 1802 1803 1810 1790 1757 1746 1745 1780 1826 1884 1928 1455 1037 921 852 860 792 852 954 897 923 896 860 907 978 914 866 820 812 795 759 722 707 713 687 636
961 1019 1045 1068 1065 1066 1068 1082 1103 1134 1163 1200 1238 1286 1328 1337 1419 1600 1714 1732 1744 1788 1835 1869 1897 1903 1906 1903 1899 1891 1867 1847 1833 1833 1830 1807 1982 1830 1665 1677 1785 1819 1854 1887 1340 1065 914 838 841 768 822 937 870 901 864 813 886 933 872 834 785 776 749 705 664 649 660 630 566
918 994 1031 1063 1060 1071 1085 1111 1143 1187 1218 1261 1274 1521 1608 1565 1599 1625 1706 1746 1776 1827 1896 1956 1998 2005 1993 1964 1925 1897 1882 1887 1879 1870 1854 1807 1958 1784 1692 1742 1766 1810 1875 1667 1134 1032 933 821 824 751 789 911 850 885 830 765 817 855 831 769 748 737 701 641 592 577 582 551 497
924 988 1024 1046 1082 1083 1099 1132 1172 1220 1252 1288 1289 1542 1640 1630 1493 1569 1644 1686 1716 1768 1839 1912 1968 1986 1981 1958 1933 1918 1913 1907 1867 1818 1782 1784 1779 1794 1806 1776 1770 1834 1841 1364 1051 997 901 805 808 743 761 880 835 868 791 719 744 773 763 727 682 644 616 554 508 494 488 452 430
966 1016 1033 1049 1063 1110 1118 1147 1185 1235 1265 1304 1299 1531 1638 1479 1472 1589 1683 1711 1725 1767 1838 1907 1950 1953 1938 1918 1897 1877 1861 1839 1808 1789 1794 1818 1813 1813 1797 1786 1812 1844 1548 1094 974 962 859 788 797 743 739 835 824 840 740 670 694 720 708 669 622 572 542 456 424 401 378 357 362
1000 1026 1043 1058 1073 1094 1145 1164 1191 1238 1270 1305 1331 1379 1390 1388 1493 1647 1724 1729 1729 1761 1826 1906 1973 1992 1982 1951 1901 1859 1836 1816 1799 1795 1804 1816 1810 1816 1797 1824 1884 1716 1208 1007 917 920 827 764 783 734 711 769 834 785 681 608 616 636 616 585 539 481 456 373 367 359 333 324 331
1033 1045 1057 1070 1088 1103 1131 1166 1196 1238 1270 1301 1330 1347 1361 1439 1566 1687 1749 1756 1776 1834 1911 1987 2038 2026 1965 1896 1851 1829 1824 1805 1777 1762 1793 1815 1833 1821 1808 1880 1877 1406 1026 940 867 838 756 705 731 686 642 669 893 665 608 519 499 537 515 487 439 362 352 378 384 371 346 334 333
1056 1067 1076 1087 1103 1118 1139 1173 1206 1246 1259 1270 1284 1270 1351 1458 1555 1632 1680 1742 1842 1928 1981 1994 1965 1905 1867 1859 1856 1848 1838 1801 1768 1764 1804 1807 1833 1795 1830 1922 1628 1062 931 873 794 747 666 624 660 621 557 568 705 542 540 429 395 452 422 406 362 374 384 373 367 372 382 382 374
1077 1086 1095 1104 1117 1131 1154 1188 1215 1250 1260 1293 1336 1350 1407 1519 1616 1693 1757 1792 1817 1850 1874 1877 1872 1849 1828 1814 1814 1807 1784 1740 1736 1761 1804 1811 1850 1795 1888 1754 1213 925 846 795 706 636 577 547 595 558 488 482 733 553 583 454 404 394 362 353 372 364 360 364 367 374 390 394 389
1088 1098 1108 1119 1131 1146 1172 1182 1367 1409 1292 1292 1340 1343 1359 1461 1582 1690 1795 1858 1876 1881 1889 1901 1905 1887 1874 1866 1864 1845 1796 1747 1750 1792 1837 1859 1854 1789 1872 1423 957 852 761 714 635 549 517 497 544 507 437 419 542 551 542 459 353 347 373 366 365 360 365 362 360 368 381 387 388
1099 1110 1121 1131 1143 1159 1186 1203 1259 1276 1291 1253 1331 1343 1367 1481 1598 1675 1742 1790 1815 1829 1844 1865 1868 2039 1903 1844 1816 1787 1753 1747 1780 1822 1836 1844 1799 1783 1799 1266 878 815 730 675 588 483 475 455 488 441 447 381 347 306 548 411 378 357 371 358 369 360 362 362 362 362 357 356 361
1105 1119 1131 1143 1158 1175 1197 1217 1256 1228 1202 1241 1320 1330 1413 1502 1599 1703 1786 1838 1865 1879 1898 1919 1938 1938 1914 1877 1842 1818 1780 1752 1781 1820 1823 1812 1751 1741 1719 1168 836 792 716 637 537 414 425 452 487 438 442 381 377 391 322 393 383 345 374 365 371 363 368 367 366 364 355 351 353
1107 1124 1138 1152 1169 1189 1214 1237 1261 1271 1142 1191 1227 1370 1482 1531 1586 1663 1732 1779 1809 1829 1843 1859 1870 1859 1859 1829 1792 1781 1756 1742 1799 1851 1857 1811 1772 1821 1732 1140 811 761 705 597 466 422 431 434 470 452 452 374 354 351 367 389 387 350 372 362 373 366 371 370 370 367 359 355 353
1108 1127 1143 1158 1177 1199 1225 1237 1267 1316 1287 1242 1313 1439 1511 1580 1649 1721 1786 1830 1857 1877 1886 1883 1875 1871 1840 1802 1809 1818 1807 1798 1791 1796 1789 1781 1803 1872 1753 1117 812 748 688 551 402 412 425 452 491 471 457 374 362 368 344 368 387 352 370 361 373 369 371 369 369 370 372 372 369
1110 1128 1146 1163 1187 1204 1237 1246 1251 1282 1298 1340 1410 1466 1523 1573 1624 1676 1726 1763 1787 1847 1882 1885 1832 1814 1790 1784 1772 1731 1725 1790 1847 1867 1880 1882 1906 1935 1789 1089 830 730 667 503 417 412 426 472 428 415 367 373 361 355 357 358 389 360 368 359 372 368 369 367 367 370 374 375 375
1111 1129 1149 1168 1186 1196 1149 1159 1233 1326 1397 1482 1511 1494 1562 1659 1724 1762 1795 1820 1842 1897 1920 1914 1842 1793 1747 1702 1648 1618 1661 1738 1795 1865 1900 1922 1929 1970 1593 986 832 719 651 442 400 406 423 480 388 377 390 378 368 361 356 348 390 366 367 359 371 367 367 367 367 369 372 374 376
1114 1132 1152 1176 1199 1184 1119 1261 1362 1435 1462 1479 1513 1516 1585 1677 1729 1746 1751 1764 1813 1886 1897 1873 1797 1801 1765 1670 1618 1626 1682 1774 1862 2106 2034 2008 1925 1824 1144 887 800 712 624 504 394 398 423 495 393 384 375 375 370 361 361 346 387 368 367 360 368 365 366 367 368 367 367 368 370
1111 1132 1156 1189 1218 1232 1312 1405 1484 1503 1481 1519 1570 1594 1635 1723 1765 1783 1789 1767 1766 1818 1818 1797 1745 1752 1726 1622 1599 1615 1664 1730 1791 1885 1941 1939 1916 1645 998 839 761 680 611 536 413 387 425 444 384 377 378 375 373 366 363 345 383 365 367 361 367 363 365 366 368 368 368 368 369
1106 1130 1161 1209 1243 1325 1496 1550 1530 1504 1502 1546 1601 1661 1720 1752 1736 1719 1723 1735 1747 1786 1779 1751 1695 1709 1711 1697 1691 1697 1745 1816 1876 1950 2005 1969 1930 1389 918 809 747 680 603 504 432 403 424 379 386 378 374 373 373 369 368 349 381 364 368 362 366 363 364 366 367 369 369 370 371
1094 1122 1170 1177 1270 1400 1569 1689 1589 1595 1640 1701 1793 1868 1897 1897 1858 1785 1710 1664 1684 1734 1738 1713 1644 1676 1740 1761 1740 1749 1813 1878 1924 1954 2022 1949 1683 1060 820 772 726 676 605 466 427 389 364 396 385 376 375 374 374 371 371 353 382 364 369 363 366 364 364 367 369 371 374 375 377
1105 1133 1183 1206 1291 1498 1577 1674 1592 1666 1725 1625 1829 1855 1838 1800 1778 1735 1688 1640 1617 1682 1703 1613 1584 1624 1701 1737 1759 1767 1792 1818 1849 1904 1916 1818 1537 993 783 731 696 679 602 509 424 404 401 392 386 378 374 374 376 372 372 356 384 366 369 365 366 366 367 369 372 375 378 380 381
1131 1158 1216 1264 1409 1547 1640 1608 1600 1668 1463 1640 1682 1784 1799 1766 1734 1699 1664 1633 1589 1603 1566 1541 1617 1648 1704 1713 1730 1734 1768 1823 1826 1813 1800 1755 1719 1220 806 695 646 645 593 551 446 405 410 399 387 378 375 376 377 374 373 357 385 368 371 367 368 369 371 374 377 380 382 384 385
1180 1203 1274 1396 1546 1608 1642 1587 1345 1335 1580 1640 1691 1693 1713 1722 1702 1669 1636 1650 1546 1494 1554 1598 1637 1679 1666 1654 1684 1713 1753 1782 1784 1796 1844 1817 1661 1333 904 690 619 622 575 523 469 420 414 400 389 380 377 377 379 376 375 360 384 370 373 370 371 374 377 380 384 385 387 388 390
1209 1241 1325 1471 1592 1619 1606 1563 1612 1564 1608 1606 1690 1674 1698 1718 1718 1674 1632 1611 1566 1545 1604 1636 1671 1673 1671 1677 1676 1692 1739 1769 1796 1809 1837 1746 1352 1031 887 754 606 593 561 495 380 413 415 404 392 382 379 379 381 378 377 362 381 371 377 374 375 379 383 386 389 390 391 392 394
1222 1271 1361 1495 1600 1628 1573 1531 1576 1631 1665 1667 1669 1677 1707 1739 1758 1749 1706 1652 1577 1575 1618 1657 1655 1652 1661 1644 1664 1674 1649 1635 1625 1597 1591 1366 922 909 834 826 610 568 538 468 383 417 418 407 394 384 381 381 384 381 379 367 379 373 381 378 379 383 386 389 391 393 395 396 398
1219 1288 1377 1495 1573 1577 1526 1507 1535 1571 1621 1638 1642 1655 1684 1721 1752 1757 1749 1657 1565 1513 1542 1548 1525 1508 1506 1561 1662 1589 1513 1552 1533 1507 1404 1122 904 828 777 757 612 548 510 399 376 417 420 411 397 386 383 384 386 384 381 371 378 378 386 382 382 384 387 391 393 396 398 400 403
1220 1290 1374 1474 1514 1540 1489 1506 1505 1530 1569 1582 1607 1628 1657 1685 1725 1747 1736 1558 1389 1306 1315 1272 1276 1237 1242 1290 1426 1410 1384 1567 1461 1395 1200 979 839 766 708 647 602 535 485 401 383 420 423 415 401 389 386 387 389 387 384 376 379 385 391 385 384 387 390 394 396 399 402 405 408
1222 1288 1364 1432 1513 1510 1480 1518 1516 1542 1569 1576 1589 1612 1636 1655 1653 1580 1472 1311 1228 1195 1185 1152 1178 1177 1198 1220 1269 1348 1318 1285 1332 1219 992 869 818 734 669 622 585 516 454 381 383 421 426 419 404 393 389 391 392 391 387 380 381 395 394 388 388 391 394 397 400 403 406 409 413
1229 1283 1345 1416 1461 1478 1466 1490 1485 1499 1532 1544 1572 1582 1519 1453 1354 1273 1233 1209 1195 1154 1103 1084 1104 1139 1179 1230 1266 1317 1273 1202 1208 1029 895 796 768 719 651 592 554 495 419 375 393 423 429 424 407 396 393 394 396 394 390 385 384 408 398 392 393 395 398 401 405 408 411 415 418
1225 1270 1320 1382 1445 1447 1444 1466 1473 1533 1574 1561 1549 1360 1230 1207 1127 1134 1148 1130 1108 1058 993 985 1019 1059 1106 1178 1283 1362 1267 1121 1065 945 837 790 752 698 648 583 535 481 376 374 407 424 432 428 410 399 397 398 400 398 394 390 388 427 400 396 397 400 402 406 410 413 416 420 423
1214 1252 1289 1331 1347 1382 1409 1429 1432 1496 1556 1525 1400 1147 1147 1176 1122 1068 1041 1014 997 920 897 909 947 1000 1059 1153 1252 1330 1244 1062 959 878 803 761 733 686 641 581 521 450 382 381 400 424 434 431 412 402 401 403 404 402 398 395 394 447 402 401 403 405 408 411 415 418 421 425 429
1197 1225 1255 1280 1299 1304 1352 1420 1349 1364 1508 1531 1302 1098 1118 1044 980 927 917 897 879 817 800 825 874 944 1014 1140 1271 1331 1232 1050 943 840 774 732 711 671 639 580 512 398 382 394 399 425 434 433 414 405 404 407 408 406 403 400 401 391 404 407 408 411 413 417 421 424 427 431 434
1187 1205 1224 1246 1272 1257 1266 1366 1290 1243 1350 1387 1237 1040 959 955 874 809 790 763 741 696 700 743 814 908 996 1140 1276 1314 1200 1044 915 808 742 699 687 659 628 577 534 424 389 389 396 424 435 434 417 408 408 411 413 412 408 406 406 415 412 413 414 417 420 423 427 430 433 437 441
1190 1206 1217 1232 1250 1264 1272 1305 1313 1337 1381 1334 1211 1069 940 826 727 632 621 609 590 569 586 641 750 873 999 1160 1269 1278 1164 1039 917 794 713 663 652 629 604 559 520 439 400 391 395 424 435 434 418 412 411 416 418 417 415 413 413 414 417 419 421 423 426 430 433 436 439 443 447
1197 1216 1227 1248 1260 1265 1257 1267 1284 1316 1343 1307 1209 1069 914 704 561 431 445 454 436 411 461 540 698 853 997 1159 1257 1256 1150 1027 904 771 681 623 608 587 568 533 507 443 403 395 397 423 433 432 420 416 415 421 423 423 421 421 421 423 424 426 428 431 433 436 440 443 446 450 454
1212 1222 1226 1235 1235 1239 1222 1229 1243 1270 1285 1246 1166 1030 856 620 432 380 419 430 410 374 372 450 642 812 975 1152 1243 1242 1132 1008 881 749 653 590 569 550 539 528 486 452 411 399 398 423 432 433 423 420 421 427 429 430 428 428 428 430 432 434 436 438 440 443 446 450 453 457 460
1230 1228 1220 1199 1187 1183 1187 1193 1206 1212 1200 1155 1096 963 787 569 437 394 438 442 418 381 378 454 578 744 925 1129 1219 1214 1086 967 844 716 612 542 518 501 497 509 501 474 425 404 399 422 432 434 427 426 427 433 435 436 435 436 436 438 439 441 443 445 448 450 453 456 459 463 467
